Car -1 -1 0 325.18051713943726 176.25403072190494 616.8116007385197 369.13047575239625 1.5505393 1.5925176 3.6884613 -1.2002802 1.5970109 7.866401 1.8636651 130.9522574107333 
Car -1 -1 0 601.898837471519 177.88310059810772 719.4596066172809 263.50379675064784 1.4474399 1.5614035 3.6566117 1.1445199 1.5616317 14.4066925 1.8676358 140.64186342002472 
Car -1 -1 0 942.5016119352363 197.28294966034807 1242.0 375.0 1.4623551 1.4852176 3.0775158 3.8956478 1.7289107 6.1847787 1.8660281 75.57778958778364 
Car -1 -1 0 886.1290357516245 178.8294377036681 955.5338494642596 244.2075046720652 1.6429682 1.6323019 3.1333146 8.632669 1.8248268 20.206245 1.9288003 56.251020647897015 
Car -1 -1 0 740.9662784427113 168.38127163991243 786.465808662349 208.10813533879005 1.7108991 1.6974772 4.0586367 7.160003 1.518274 33.263523 1.8702238 29.833985125628278 
Car -1 -1 0 860.8446289182217 173.21969091588676 887.3630081235063 195.241024382185 1.6160364 1.6609299 4.113607 20.209684 1.6451483 55.232048 1.8619051 9.564914128041432 
Car -1 -1 0 879.5632290046501 181.76478452327765 933.3839249461869 230.62937853312673 1.4810953 1.5771631 3.5311742 10.03429 1.8075823 24.505558 1.9406637 5.046066109894493 
Car -1 -1 0 771.1425014459095 174.16446252236068 800.2743411525063 202.24788660388776 1.4982393 1.5249268 3.723308 9.958103 1.5757332 40.673973 1.8270793 6.330178822190519 
Car -1 -1 0 591.4345042625534 168.34354488400348 702.754940488798 208.82367185211112 1.5207717 1.616956 4.1164694 1.4941185 1.3513212 28.498444 0.30629158 10.565062649112262 

