Car -1 -1 0 787.2491727338654 185.23019940615615 1098.0570825149732 302.4956820159584 1.4710509 1.5979784 3.6726112 4.563281 1.6619492 10.189626 -0.0781039 117.28154947019189 
Car -1 -1 0 452.6162955548989 177.56154485433305 490.9255228052329 203.531750647206 1.6667 1.6434139 3.8032212 -9.41756 2.0007234 49.12675 1.1232958 19.697521011123115 
Car -1 -1 0 0.0 183.42400824144252 285.75103378220524 286.11732095229746 1.4680392 1.6092205 3.8997145 -7.43771 1.648862 11.423726 -0.05981978 137.83292904790122 
Car -1 -1 0 734.7417653195398 187.2064814676893 985.8434994749331 280.2290312204689 1.4563956 1.5531856 3.7741957 4.1924496 1.7203176 12.414122 -0.041354857 34.53524480042683 
Car -1 -1 0 36.94638954239182 179.3590332807943 290.62307462515645 271.408052151652 1.5955006 1.6322623 3.7788565 -8.3087845 1.7294827 13.761621 -0.155936 26.250571168465214 
Car -1 -1 0 1010.0815803910572 182.59657813220744 1080.4683737662267 208.15255265877235 1.4888887 1.7127254 3.8834863 27.481426 2.1330214 45.652866 1.4137719 32.33883653437208 
Car -1 -1 0 1109.0326252063792 189.29287467042562 1168.0201264737832 227.55355428900398 1.3682706 1.5841112 3.9305804 21.674898 2.086126 29.513084 2.2973542 17.7316909813271 
Car -1 -1 0 123.78169729968437 172.826989194883 330.38770582892573 255.1095773802488 1.7352208 1.6665049 3.8094666 -8.508583 1.7346511 16.360495 -0.170472 35.554386257037194 
Car -1 -1 0 190.4484472269198 167.40490791591776 362.99867928134336 240.42650314757717 1.7851119 1.6128037 3.8150408 -8.535931 1.6519014 18.80751 -0.1995608 6.456733485871849 

