Car -1 -1 0 384.45862714293935 191.6352986518989 463.4953931607202 244.27846521406542 1.4525936 1.5567727 3.6809895 -5.8339567 2.101225 23.072926 1.5780884 56.581893039349644 
Car -1 -1 0 315.52166124765216 194.66516190176216 427.80379079961494 263.6952657088313 1.4423169 1.5845318 3.8282607 -5.853112 2.0505888 18.204912 1.5666351 79.80993509618426 
Car -1 -1 0 166.03784963346007 199.3166977714414 364.47004171960566 306.2996227316543 1.4656917 1.6310661 3.9045777 -5.8477287 2.0075727 12.814976 1.5804513 99.52355854658518 
Car -1 -1 0 807.5861373373734 160.01009555218624 948.0940588728356 204.5469508446112 1.4841489 1.6740968 4.2302904 9.190469 1.0561377 24.925308 -0.020743944 59.76275199815288 
Car -1 -1 0 430.4020133694028 190.20972968429928 491.98537982148946 230.30573724100952 1.3992778 1.6305555 4.124673 -5.880945 2.1471367 29.028515 1.5705062 29.446277038491036 
Car -1 -1 0 472.42412678075783 186.75424473905042 521.0898905906874 220.0824947592092 1.5140879 1.565013 3.9530659 -5.6424856 2.2564561 36.504143 1.6478784 17.31853008305767 
Car -1 -1 0 656.5722212102501 175.88736554014548 696.551628009555 211.3857395623242 1.675727 1.6108623 3.9266405 3.3231373 1.8369138 36.369385 1.5602605 19.408449744259627 
Car -1 -1 0 807.2468160603689 156.69174362701568 922.378053355179 201.28191707347347 1.6409979 1.6214924 3.7948723 9.637483 1.0461979 27.414303 -0.026334973 12.847602716593787 
Car -1 -1 0 663.8701591734433 176.69762772568458 713.9286161474034 214.97146721335594 1.5194151 1.6099691 3.8716552 3.3422647 1.6949816 30.997791 1.5394337 15.503032645459498 
Car -1 -1 0 778.629480217441 168.1049419711881 882.5794453336941 204.49072774428265 1.4480957 1.593044 3.8967109 9.179997 1.2590907 30.019093 -0.27946296 5.3829238204767424 
Car -1 -1 0 1081.3507279425485 141.8506914229005 1191.733332740307 178.30700483192203 1.5897056 1.5698354 3.8046088 23.510523 0.2377823 32.27018 -0.011621854 8.974119512576609 
Car -1 -1 0 1113.4729276138173 142.08686984525187 1239.651795223933 179.20428607938143 1.4892056 1.5835322 3.9614816 23.306479 0.2547827 29.7461 -0.0026133219 7.714196963233246 
Car -1 -1 0 649.7908974627077 178.3204853135926 679.6729138625539 204.3392149660517 1.5729505 1.5103657 3.5970237 3.4970295 1.9368942 46.212654 1.533536 2.2421693264560476 
Car -1 -1 0 736.7876517639212 172.45708341211926 787.5519241518442 204.78831421103646 1.4216919 1.552186 3.6094046 7.0314884 1.4042382 33.543045 1.5572164 2.9556438317275737 

