Car -1 -1 0 678.5017159519956 183.840901609788 750.2963075724273 240.79477823471987 1.4210924 1.5713593 3.4608243 2.879815 1.7584685 20.415731 1.5839839 86.9291731603428 
Car -1 -1 0 777.333134623068 177.2783867997436 1152.0806277342945 375.0 1.6431798 1.5818784 3.4551663 2.812964 1.6945093 6.601393 1.5142409 148.40422615443467 
Car -1 -1 0 730.1400088472083 175.43346001665427 855.5004432886495 225.80859233760555 1.7096791 1.709379 4.067681 6.41136 1.8046827 25.582367 0.06880382 62.33173731285357 
Car -1 -1 0 220.76900134720293 186.77902605499875 432.3131996701897 258.17364009025516 1.4505754 1.5934229 4.014715 -6.095731 1.7721019 15.823319 0.020087486 80.6903399386792 
Car -1 -1 0 0.0 187.75573827513844 275.4875352860861 344.8327304508311 1.5172839 1.6179645 3.965324 -6.093457 1.7041883 8.0998955 0.07223396 64.80618868585779 
Car -1 -1 0 287.6798749838395 184.24351413795858 466.32008153315417 247.5871081239507 1.4810137 1.5767058 3.9426043 -5.709133 1.77825 17.999498 0.021598207 69.12744690259602 
Car -1 -1 0 636.09878655901 178.9094744220894 660.360468900416 200.4791575052067 1.5215589 1.7047215 4.2975173 2.8729877 1.9953725 54.286995 1.5967126 6.425372670208797 
Car -1 -1 0 340.4585912772706 181.4808300302907 486.40546639599665 231.10405594897 1.4809697 1.6109155 4.1551113 -6.1369133 1.7652192 22.81995 0.072757736 37.34243996392207 
Car -1 -1 0 351.2759024430053 179.63845366986004 474.5751402517361 227.08126733366194 1.6013571 1.6320117 3.912048 -6.861221 1.848536 25.442083 -0.01528774 7.396126194345927 
Car -1 -1 0 0.0 164.81545750737467 287.77367290533095 300.7206189025736 1.7840277 1.6619462 3.865753 -6.9319925 1.6785057 10.379908 -0.040356025 26.051648521930645 
Car -1 -1 0 80.7769067647338 186.3084769854889 344.5777252854056 275.3062789987661 1.4811726 1.5916907 3.9059236 -7.0587225 1.7415825 13.115341 -0.027864493 17.37919418639542 
Car -1 -1 0 315.41650643876767 180.74709969113175 465.50728723283345 239.43196281100083 1.5698609 1.5583644 3.7686353 -6.156581 1.8041917 20.486982 0.08375056 10.274041384262464 
Car -1 -1 0 424.75536150205875 180.31421699009888 512.7261568734059 219.48274930437523 1.4601674 1.6188705 3.8665028 -5.8155756 1.7857156 29.55937 0.7701549 2.760076266851007 
Car -1 -1 0 380.51325045716067 181.1288827301436 499.62978331550244 220.9553292163607 1.4615537 1.6090893 4.179176 -6.449255 1.7893958 27.714088 0.032727048 3.793126633604465 
Car -1 -1 0 679.5439485310318 180.66171853465244 757.9525141783332 209.66406609355684 1.5067899 1.6116184 3.968454 5.817666 1.9347272 38.735493 0.002950343 2.5167264298157073 
Car -1 -1 0 437.8513677873358 172.3264248469051 521.6056109226635 207.5445541831366 1.7790525 1.5832949 4.044979 -6.656523 1.7524017 37.25332 -0.0064434754 0.7633011225483445 

