Car -1 -1 0 664.5822656022782 184.01175623889128 768.0691201973451 258.18290766204836 1.4261585 1.5364342 3.9819903 2.3062963 1.7131962 16.52428 1.5044215 54.69983035283027 
Car -1 -1 0 48.903333910857974 193.5940876891911 440.4942339961949 375.0 1.4678637 1.6302776 4.0693207 -2.6626098 1.7112763 6.383969 1.5044273 101.85164416794098 
Car -1 -1 0 749.1320931403841 149.62584249638536 1136.397098767423 375.0 1.8339347 1.6079258 3.763237 2.456145 1.6892884 6.397771 1.5411605 119.95692127964385 
Car -1 -1 0 448.70083622562834 183.94748812274491 535.156269675491 245.3051413441474 1.4636836 1.6954067 4.0707912 -3.1382537 1.8025168 19.994717 1.5805057 81.46788450106928 
Car -1 -1 0 529.9811663479908 178.05813845948046 563.9926956605565 206.86994871511575 1.5459065 1.6316745 3.878141 -3.5409217 1.8582276 41.35932 1.565875 19.028947714221232 
Car -1 -1 0 706.193066507079 182.2654146790508 875.9412438539973 304.51741366465876 1.5318935 1.6044757 4.0483727 2.6290097 1.7070425 11.391449 1.555049 41.21440283517322 
Car -1 -1 0 626.1179732191052 174.06633002434572 655.0878614753608 201.1181573350502 1.6797132 1.6521523 4.1029706 1.9833877 1.762235 47.05066 1.5557604 10.263197915389663 
Car -1 -1 0 557.1032356793067 177.59109730195212 577.8605635519717 196.69683007862125 1.4990647 1.6586974 4.297288 -3.502938 1.90674 59.89897 1.5076194 1.8526582902128386 
Car -1 -1 0 508.6888278328433 179.0344869222982 533.9234263746806 198.7930417558384 1.489951 1.5425329 4.249914 -7.041635 2.0039597 57.8756 1.561401 9.428388673254789 

