Car -1 -1 0 363.408472539563 191.8799589429364 448.77486877995807 246.66881741683164 1.4700288 1.5331259 3.532004 -6.2143745 2.1080518 22.401222 1.6105545 78.88208428121084 
Car -1 -1 0 659.1196873366688 175.3440558343688 721.5262733343351 224.0870233079906 1.6054232 1.6394513 3.8764076 2.8215816 1.7017604 25.941055 1.5240443 71.5356250998753 
Car -1 -1 0 463.7898698991269 182.9252762967212 509.36055275384683 217.72284759627718 1.5853951 1.6445131 4.204754 -6.106167 2.1204646 36.21667 1.5520854 32.40783588892423 
Car -1 -1 0 413.96000408028664 189.68148738795657 481.4703959027129 232.7429393453483 1.453401 1.5965188 3.877818 -6.160508 2.1491318 27.862251 1.6113265 48.44969342333474 
Car -1 -1 0 0.0 204.7503902495656 96.15719232168863 246.72180295584556 1.4626675 1.6058929 3.7659497 -23.411871 2.8710155 29.951315 1.5392694 21.07755281817905 
Car -1 -1 0 40.47679021378186 201.61526188464458 145.23691873300814 246.16603330134947 1.5390358 1.5959401 3.676297 -20.733442 2.7738454 29.139029 1.5716316 30.774832308426614 
Car -1 -1 0 532.0891817678352 182.04355590679225 556.658262879635 198.76595586890878 1.4860443 1.5959158 4.0252733 -6.1546984 2.3848317 68.48884 1.6693978 2.0953640246778584 
Car -1 -1 0 627.5715571401565 175.14797813980772 645.5486523711521 189.58596495600565 1.4515011 1.622035 3.7166975 2.7844315 1.6959879 75.01828 1.5410491 2.4061351460506715 
Car -1 -1 0 109.19264609500406 201.67685446426444 203.70800406649727 244.33911666987035 1.4522307 1.6225697 3.856339 -18.220459 2.6986868 29.221249 1.4981784 2.043016668674014 
Car -1 -1 0 513.2600554830932 181.31355040393774 535.4989094726176 203.30954377013518 1.4859052 1.5440471 4.2946396 -6.182599 2.1292775 52.660385 1.4691269 0.575778237432043 

