Car -1 -1 0 675.3869426274546 181.75442163661526 740.9872228252686 228.3234352697443 1.4283535 1.5652268 3.498577 3.2866638 1.7540402 24.6095 1.5105755 65.20495689806853 
Car -1 -1 0 744.3391043315056 175.9292159862002 924.7238800767532 302.4230391412661 1.6048899 1.6274736 3.7226455 3.2307904 1.6601822 11.109201 1.5741727 122.82546158027246 
Car -1 -1 0 829.7697845515222 186.3523391329013 1242.0 375.0 1.5218236 1.5889554 3.5412226 3.1803951 1.668812 6.0811296 1.5775838 89.20582161512607 
Car -1 -1 0 0.0 185.58845357059892 304.4819772802011 308.04357725254994 1.4152958 1.638046 4.336961 -6.5315332 1.5998428 9.497606 -0.06534751 126.48286201530549 
Car -1 -1 0 173.3308698367294 179.62511763842278 400.6368929432343 257.5724120970834 1.5131078 1.6627969 4.003923 -6.5956984 1.6630952 15.073622 -0.039199512 69.24775849918898 
Car -1 -1 0 729.0224441988811 180.760526816198 825.6762330584912 214.4594176027255 1.4296901 1.5951895 3.9326458 7.3590913 1.7888205 31.898077 0.040024787 20.754840538420396 
Car -1 -1 0 307.3207263562744 174.98818984011342 464.0000139480006 237.53359208415637 1.6263696 1.6264338 3.7585604 -6.0218287 1.6870964 19.675686 0.022431128 24.661395122181727 
Car -1 -1 0 377.5719781757012 171.5983843491686 505.08936088267063 225.05752838973268 1.7496831 1.6353723 3.9242072 -5.6525803 1.7085875 24.520325 0.04486455 26.44261237331847 
Car -1 -1 0 400.1122779950614 171.46053405876734 510.1118080994636 215.01817552574565 1.709578 1.6840817 4.2095637 -6.2048235 1.6548862 29.356745 -0.09473975 7.31024848529765 
Car -1 -1 0 719.104257919361 174.71970899185612 807.5439817657017 210.20894985042133 1.6409441 1.6571689 3.9570613 7.283246 1.7326308 34.462845 0.08619176 6.151282888281966 
Car -1 -1 0 257.7663063832168 181.13548063845167 456.2342291468844 247.33286692521926 1.4684508 1.6200418 4.1777563 -5.884362 1.6764176 17.180145 -0.06269978 8.265409369046987 
Car -1 -1 0 484.5325259980641 175.04548898846923 551.6323928459396 200.0173900726476 1.6338129 1.6786913 4.2697406 -6.071149 1.7827467 48.195366 -0.00053284154 4.821596749481946 
Car -1 -1 0 343.65173744789826 181.66149368707866 492.87485541053877 232.20204943458023 1.4708493 1.6018376 4.146346 -5.802335 1.7520905 22.170813 0.03323406 8.050779651035107 

