Car -1 -1 0 261.83895902452923 185.34996177852224 391.5159610004067 267.1823534723532 1.4939327 1.6834614 4.1251106 -6.070217 1.8077848 15.975241 1.4531302 68.87042551642668 
Car -1 -1 0 744.2865766708513 175.3977314449138 1028.6314055020032 356.23371544056226 1.5273182 1.5817662 3.269784 2.7075775 1.5610071 7.849011 1.4687222 99.59222738341778 
Car -1 -1 0 579.1221655694001 174.56057144070942 637.3319048677637 219.6032046425498 1.5520666 1.5950186 3.5484834 -0.11470497 1.6201208 26.889332 1.3999056 80.87577377048387 
Car -1 -1 0 557.9569802974904 174.39454267135585 594.1605849573807 204.70228695307642 1.4731972 1.5585907 3.6221962 -1.7679377 1.556596 37.163338 1.4387653 28.572033803949274 
Car -1 -1 0 405.9829591233808 181.31684132339336 450.71627707816697 217.3093836778836 1.4607024 1.5634193 3.6993604 -8.01122 1.8604393 32.13872 1.4268903 24.58310225481528 
Car -1 -1 0 150.73874333432505 194.00535860702053 337.08119611629206 319.1842682217921 1.4171292 1.5418345 3.6397338 -5.2008147 1.7891026 10.755507 1.3785179 30.87049543238585 
Car -1 -1 0 646.1724487958365 165.1598273474043 775.7649917532219 258.2040159246178 1.6668123 1.6070579 3.6332183 1.939058 1.5289773 14.852785 1.3994554 98.14750625139199 
Car -1 -1 0 422.64906130463805 176.63305877553054 460.1432644037865 205.9605334989575 1.5625329 1.5969441 3.862866 -9.494553 1.7875584 40.961548 1.4687206 4.538195582176703 
Car -1 -1 0 536.2711798548379 175.47191920446417 566.8057078398186 197.97752406753432 1.5623664 1.6294341 3.7835374 -4.2640147 1.7605655 52.594746 1.3284916 4.323918318664954 

