Car -1 -1 0 3.5798618154947843 187.12740348664693 244.23001492949865 292.05419885206356 1.5749346 1.6622093 3.990325 -8.315859 1.6144905 12.868576 1.5580671 128.47645105293537 
Car -1 -1 0 266.46806979913765 193.9115466792464 436.618304227702 296.4890940191966 1.4147785 1.5907065 3.9141862 -4.114381 1.5866055 12.227127 1.5446342 109.43852935496525 
Car -1 -1 0 263.7888608187348 187.85134616854145 361.9429492123514 240.48203274651425 1.3895525 1.5574682 3.555439 -8.464193 1.4731092 20.975243 1.5209255 22.47538160962983 
Car -1 -1 0 431.7211282592866 186.2084627527433 505.7461937598519 234.12971494936545 1.4285595 1.5857291 3.5301433 -4.398904 1.4632204 23.300842 1.6129117 68.56289461136082 
Car -1 -1 0 381.98736712090846 183.3091062438559 437.45037954931155 220.42488937835103 1.5444112 1.5985929 3.5317938 -8.641028 1.4650767 31.70774 1.5318388 33.37438650506455 
Car -1 -1 0 578.2460941134747 180.06409194880368 609.2660774667886 208.4561327169464 1.4858371 1.6237262 3.6942365 -0.737142 1.2162387 39.481552 1.5523868 17.26990013771607 
Car -1 -1 0 479.6422182909345 183.37042338249384 521.786983924034 216.4440959782901 1.4449608 1.5432104 3.9251683 -4.8889575 1.3643423 33.40115 1.5263389 19.7980907684929 
Car -1 -1 0 506.55797991499924 181.9973672861152 540.9061746668875 207.49420873474247 1.4508257 1.5851715 3.7701986 -4.9235997 1.2676957 42.79438 1.5769111 10.243902657474317 
Car -1 -1 0 361.90966964743905 181.00166086411917 416.59004249474054 207.93668048313992 1.479154 1.5789994 3.8068058 -12.504698 1.2477374 41.46845 1.7051562 6.585206668470554 
Car -1 -1 0 248.13412690316807 172.46744275368184 340.765041466875 225.75226332889022 1.971458 1.8614573 4.473944 -12.4082 1.4997917 28.855387 1.5466417 4.388559963897048 

