Car -1 -1 0 687.24609282927 186.87328140606243 797.319761205119 260.8973744032078 1.4272182 1.5650064 3.4193122 2.8864946 1.7797595 16.365007 1.4704796 108.32240595984175 
Car -1 -1 0 647.7400657713519 181.4941508764843 708.7699835623458 225.71907135944568 1.4201407 1.6091028 4.144742 2.3997383 1.7580347 26.10616 1.5188814 48.74414731674379 
Car -1 -1 0 83.27321468721414 193.69922489068756 369.9474390830051 286.57177898745044 1.4268943 1.6101897 4.0232916 -6.3542223 1.8049543 12.2693 0.005870515 130.7197552972888 
Car -1 -1 0 395.47252855278344 183.67995855669517 511.2239520370389 221.60744099758543 1.4844809 1.6757066 4.382258 -6.4165354 1.948247 29.87151 0.09312647 29.288789137570912 
Car -1 -1 0 273.87884583846284 187.8252884802262 442.9962951975791 246.64092239816358 1.4603163 1.6114469 3.9481602 -6.620568 1.8785672 19.263697 0.045052506 42.578793097095165 
Car -1 -1 0 173.34554707543353 189.81309658801956 390.78478647438806 268.92399183666583 1.4727901 1.5340202 3.699065 -6.5044804 1.8341373 14.574581 0.017476674 35.857062303329066 
Car -1 -1 0 342.0145293150402 184.63814832344497 466.9417116877632 232.04576057202834 1.4947394 1.5493411 3.7118118 -6.806506 1.9040416 24.13567 0.082915954 13.63641071600688 
Car -1 -1 0 304.9176394532804 184.95806214940765 452.0527375455279 237.09034239722678 1.4751917 1.5928771 3.9283288 -6.857603 1.8536206 21.689747 -0.037162427 16.67052265720653 
Car -1 -1 0 229.17861729648305 190.05319759729775 414.38066314572836 256.421891906813 1.4331839 1.5483375 3.740551 -6.679114 1.8588126 16.952585 0.070128396 23.919122879456186 
Car -1 -1 0 643.1313444615955 179.6307605880783 681.6920715028967 211.15988100896382 1.4884688 1.5392562 4.1191897 2.659243 1.8559829 37.044907 1.5358686 6.897710185478862 
Car -1 -1 0 454.9515744232022 178.17966989580833 528.3107878258147 209.37766844988042 1.6613872 1.623782 3.674982 -6.5076303 1.9647468 39.95718 0.18916127 3.451933313664815 
Car -1 -1 0 628.5612822319318 176.92061799195437 652.3464946507349 197.75396809855988 1.5458719 1.5819905 3.761312 2.375149 1.8732646 56.185802 1.5410447 2.0464225080056715 

