Car -1 -1 0 698.0047595615016 181.03785860342265 846.1762617735415 279.56605874380574 1.4735715 1.6339324 4.2668447 2.7826507 1.6490713 13.311687 1.5348196 92.85567339680867 
Car -1 -1 0 673.0688610312419 177.92512557517682 738.9677466191521 224.8058026704919 1.4068317 1.5563176 4.0171638 3.13411 1.5906363 24.122044 1.5417502 50.01465459968969 
Car -1 -1 0 259.61994323422005 185.9158847952704 460.42539366133246 250.8659661827436 1.4291596 1.6202481 4.2162833 -5.8412666 1.756681 17.16996 0.05379425 97.49094520553244 
Car -1 -1 0 46.46032896517263 180.35458011062218 341.8736029000667 291.49828737105145 1.6034753 1.6155488 3.8947341 -6.530503 1.7340962 11.555679 0.1062494 55.38180914707756 
Car -1 -1 0 0.0 189.91372770986396 278.1940908144004 322.7434215598202 1.4871066 1.6042197 3.8592157 -6.48407 1.7222487 9.117926 0.0131241605 56.27035177394741 
Car -1 -1 0 293.27903083173294 179.77413963829932 456.4687318148067 238.62111753400967 1.534008 1.6210532 3.9554968 -6.35319 1.7318869 19.816412 -0.0026194076 15.462940404205707 
Car -1 -1 0 646.9897495710956 172.35112248617946 682.436138450298 200.46080479384818 1.6143456 1.6383418 3.877383 3.2723444 1.585465 43.41787 1.5171995 8.787555791168382 
Car -1 -1 0 330.9517393009764 167.71339386886442 469.6852475085351 228.29556779046564 1.7881876 1.655329 3.7695005 -6.3629613 1.6364536 22.193218 0.036442474 4.23910381179615 
Car -1 -1 0 454.98813423117053 175.81800793495313 532.456918819564 204.76929679351116 1.497848 1.5742624 3.8183541 -6.1341453 1.6594594 38.429245 0.06655255 1.9059404327044904 

