Car -1 -1 0 329.4734711280314 182.9685405493221 477.8420862159443 278.0141562580181 1.484067 1.6149032 3.7024562 -3.514753 1.4489793 13.084871 1.5823921 102.26913510968693 
Car -1 -1 0 82.3473405393198 175.51624686442642 288.8908001745179 274.5002735085652 1.6077063 1.6356809 3.9470906 -7.7242765 1.4501671 13.656437 1.5619271 117.59848971208092 
Car -1 -1 0 581.8095956727619 176.81963468825748 619.9044905261223 212.34156951127653 1.5126722 1.623131 3.262159 -0.30194783 1.1551328 32.25878 1.5509126 23.094499301611894 
Car -1 -1 0 279.36826863371937 184.65152793643745 389.26805122183225 239.74516078843095 1.4204242 1.5898978 3.7293687 -7.614001 1.4058788 20.427284 1.6090688 33.55427601744841 
Car -1 -1 0 480.59643373353356 179.63701906310783 542.5773624168328 225.52050021059753 1.4905514 1.6436533 4.2067285 -3.2950277 1.3093247 25.45749 1.5687537 57.565529071356565 
Car -1 -1 0 0.0 187.39065223424382 147.35252463074272 264.4547554111154 1.4157254 1.6387687 4.171301 -12.087809 1.4688406 15.440361 1.6084967 32.455743861744885 
Car -1 -1 0 446.3894448992404 179.15959809495962 486.63189126441114 207.01976381618275 1.455298 1.617673 3.5497997 -7.6506877 1.1389527 39.350983 1.5373349 20.461601913285715 
Car -1 -1 0 182.6452759615753 181.36741419163596 292.0643051426797 230.96744839933052 1.4459733 1.5922108 3.5471804 -11.566926 1.3337855 22.743074 1.587323 7.281622476729686 
Car -1 -1 0 386.5663932272715 183.3066333313893 450.1312563416876 221.15699280167186 1.4071268 1.528084 3.7480314 -7.431072 1.3361553 28.601978 1.5757167 3.7705257418689486 
Car -1 -1 0 361.0381885463308 174.6268551139292 399.6902648987848 202.90890568353052 1.4803915 1.5239425 3.7757046 -12.446995 0.92613065 39.615913 1.4038587 1.1550094470442545 

