Car -1 -1 0 725.7490545177614 177.08828580275394 819.831427240216 216.89121895063278 1.415998 1.5401533 3.5314908 6.2583256 1.5914278 27.984509 1.0267365 78.38016602309641 
Car -1 -1 0 623.6050900943632 176.03906399153536 664.2839234056363 204.2466368733728 1.4867457 1.5517659 3.4508529 1.8752749 1.6726322 40.277336 1.3981721 47.46965498683029 
Car -1 -1 0 0.0 182.1523588846214 349.7624227791623 311.35907760337307 1.5343226 1.6374073 4.0914903 -5.790984 1.6691536 9.579036 0.031948887 64.60068090842825 
Car -1 -1 0 57.09808289587683 185.12951762829513 346.0305090464013 280.6798221473871 1.4555936 1.5817938 3.910771 -6.6334543 1.6740456 12.0212555 -0.0144401835 26.57102765226087 
Car -1 -1 0 419.56514434842427 174.60268711439426 505.8182550053005 206.7616574379576 1.5536257 1.6568145 3.9457414 -7.2345448 1.6423954 35.788643 -0.0055276304 16.748004351649588 
Car -1 -1 0 267.85084134985476 174.8873341207309 423.3812260816246 234.72314176283342 1.516654 1.6042237 3.543529 -6.9380283 1.5731117 19.190208 0.023815596 43.17453159817645 
Car -1 -1 0 608.4766931157238 174.34406208434834 637.9033981606276 196.89743689457922 1.4864099 1.5913692 4.161133 0.9034341 1.5940555 49.981483 1.479813 2.99373490186887 
Car -1 -1 0 298.8313720457085 175.78081606001425 448.5932986914748 231.23286457384506 1.5480205 1.6138012 3.8655884 -6.8074384 1.6371351 21.101723 -0.0315315 12.534679001583138 
Car -1 -1 0 651.0535751883932 165.1688109186637 691.6090771206112 180.02951997764583 1.4629152 1.6045876 3.990061 6.175979 0.70637083 72.0342 0.10381648 0.28613612055778503 
Car -1 -1 0 658.5469287162185 171.83940007931295 692.0668739818419 192.71779581984543 1.4902722 1.576174 4.2595077 4.848295 1.4178511 53.71822 1.437066 0.28550219535827637 

