Car -1 -1 0 425.0718170545082 183.2066086918362 507.497189711267 241.00239488060203 1.4586647 1.5844419 3.5732527 -3.8040774 1.4079587 19.929363 1.570881 85.14769614045164 
Car -1 -1 0 308.69381874269874 176.7940091316409 400.0930744729243 233.22335513321488 1.6689692 1.6156907 3.8719268 -8.036488 1.4198871 23.203575 1.5626239 79.25331371008524 
Car -1 -1 0 0.0 171.07713476691467 406.8818095339366 375.0 1.607899 1.6673932 4.293767 -3.118075 1.5275087 6.258106 1.5409906 69.54009191671189 
Car -1 -1 0 570.2723969245808 178.79346448720185 611.9703369553285 218.3629830688545 1.5725698 1.6572778 3.3376622 -0.6505461 1.3173378 30.243425 1.5636806 20.10821033438831 
Car -1 -1 0 386.6855309273425 185.1781151360957 437.9229733307209 222.36231662683608 1.4508293 1.583255 3.6497183 -8.054208 1.4493629 29.959652 1.4413297 20.782797639744757 
Car -1 -1 0 498.09120641853673 179.7909967219874 544.9593709709563 216.91462964325507 1.560293 1.6440916 4.017527 -3.7748811 1.3322947 32.22666 1.565115 36.7827339737279 
Car -1 -1 0 12.082866099511962 179.1361308737784 183.96048171240074 242.15519560296647 1.3801367 1.5845186 3.7366643 -12.254337 1.2469923 17.617168 1.5635777 9.348601112907462 
Car -1 -1 0 0.0 188.57349911772263 198.6673419383264 303.75296985914935 1.4355755 1.5349653 3.5535853 -7.9175806 1.4946678 10.857519 1.5487581 10.773879280438088 
Car -1 -1 0 139.38479016426885 187.7473465510472 293.3937326348455 258.15180774544973 1.3943415 1.523566 3.598135 -8.597439 1.4576383 16.169712 1.5652368 8.254439597187915 
Car -1 -1 0 192.06535324669315 185.47003069969077 294.7324823731569 230.43884582684655 1.4246842 1.5839877 4.0163636 -12.417393 1.4341829 24.822495 1.5488522 0.5801065677979571 

