Car -1 -1 0 696.5512665055569 189.83299995068555 798.7985260700094 261.10869290092165 1.371339 1.5380564 3.4642448 2.9642787 1.4839728 15.795909 1.5607429 99.62770823456867 
Car -1 -1 0 374.23657647491297 181.25959961295092 490.11687547643584 265.6784661382765 1.5928597 1.5948821 3.3806505 -3.5812826 1.518214 15.265389 1.5851986 101.5341200679112 
Car -1 -1 0 157.7335951361583 187.98805806768448 314.0346927380145 263.65193254210607 1.4341335 1.5540937 3.4820588 -7.8170285 1.500642 15.499189 1.5772878 104.88283235801339 
Car -1 -1 0 452.42726103747117 180.9007379254018 522.2008904462093 232.32096941455939 1.5250878 1.6083329 4.10734 -3.798918 1.3971092 23.379417 1.5645481 58.28800641409831 
Car -1 -1 0 643.113511863142 181.47794485796953 686.2822940301669 213.09260638938068 1.4596626 1.5990864 3.7992897 2.7548318 1.2870889 35.132133 1.5136049 22.212671967544527 
Car -1 -1 0 335.4637171354108 181.25565685651821 410.42443945499247 225.9373482872552 1.4825947 1.6254928 3.8739207 -8.314613 1.3511956 25.832443 1.5141096 24.560330724137795 
Car -1 -1 0 491.40989349496954 182.87302773928204 534.7350768934164 214.92767833651908 1.44828 1.5703214 3.6475673 -4.437061 1.3424344 34.30733 1.5765558 23.95166357119167 
Car -1 -1 0 587.3451350974667 178.9556697457774 610.811533036332 201.09731710843928 1.5149837 1.5588176 3.7024534 -0.60612226 1.0866578 51.06721 1.5301208 11.917545330228284 
Car -1 -1 0 439.2693341276225 173.3780248325291 476.30245933959003 200.08249108942815 1.537358 1.6250957 3.797927 -8.954226 0.8558712 43.322586 1.5189342 7.107822785719404 
Car -1 -1 0 573.3476336482414 180.74719976860726 601.9610227611847 199.88606694975803 1.4942656 1.5997324 4.003228 -1.5458481 1.1453879 58.228127 1.7308345 1.7468665391365357 

