Car -1 -1 0 232.80423597301066 185.50453507536017 426.87630881388486 251.33052236223733 1.4850714 1.6204703 4.0776653 -6.680941 1.8071074 17.491405 0.03261697 82.43281889127178 
Car -1 -1 0 658.2937963375952 174.10770038456226 737.0923043885139 237.8461104879845 1.8051437 1.7355003 4.425248 2.6639347 1.8486364 22.777346 1.5198846 96.1710109623442 
Car -1 -1 0 289.6776270809448 186.52149923391733 462.29339060976184 243.3649217390473 1.4658027 1.6116195 4.216925 -6.3144927 1.8563049 19.805521 -0.001972154 17.078058499358118 
Car -1 -1 0 645.5630417326663 180.7693937165248 686.2397848659218 216.20030737479453 1.5262315 1.5815686 3.6465197 2.5827093 1.9163471 33.7304 1.560766 8.814796670900748 
Car -1 -1 0 336.043629880901 186.9090012326549 472.8256634059249 237.33284207161688 1.4651017 1.566425 3.7621977 -6.252778 1.9143654 22.24303 0.020014323 14.9922671947 
Car -1 -1 0 437.02908702899657 178.43920399026192 522.6563308904912 211.60926610665447 1.6151261 1.6637138 3.9816165 -6.4888296 1.9034576 36.343502 0.037192874 3.3266002939239536 
Car -1 -1 0 814.073141504211 194.76237788265902 1180.3978601029646 375.0 1.4803927 1.4884199 2.913245 3.5614038 1.7465112 7.135188 1.1874745 3.3949977455742517 
Car -1 -1 0 386.2676482568418 181.71462322939573 485.40588435595254 225.75069832837585 1.5763872 1.557401 3.3490326 -6.438366 1.9176545 26.973927 -0.022482079 4.202272642619092 
Car -1 -1 0 636.8458707232272 180.23161695203876 662.4798467111673 205.20899277502895 1.4792306 1.5566568 3.6980448 2.528706 1.966083 45.729797 1.6196724 0.6573580885373843 
Car -1 -1 0 102.51732047074024 186.28907287498214 372.02332553895315 288.01633902912766 1.4905703 1.5239555 3.5498645 -5.8459764 1.722838 11.634165 -0.04433852 0.8742136232001427 
Car -1 -1 0 515.7018162914145 177.8431502451488 543.2870295977328 201.67670624257812 1.5605843 1.6461815 4.075206 -5.5292363 1.9219353 50.186096 1.5251732 1.5098349475303787 
Car -1 -1 0 402.3890627040919 176.4358224069207 503.7028353857148 219.17067237749654 1.8076514 1.6725601 4.0882034 -6.7825108 1.9686882 31.554462 -0.024215432 1.6147161123515086 
Car -1 -1 0 380.1628036358868 173.7061554626997 492.7913024019509 220.79147825617602 1.853291 1.6682878 4.1963835 -6.964379 1.888973 29.322472 -0.026923593 1.0374305534363557 

