Car -1 -1 0 692.4397096948004 180.32325296452655 833.9650984326565 273.6096131414578 1.4329454 1.6327679 4.2452936 2.6853063 1.5957149 13.575529 1.5381138 104.94012300027015 
Car -1 -1 0 45.88349343701916 192.66703298433484 361.947313707016 300.0832381584794 1.4218957 1.569905 3.8941457 -5.923208 1.74317 10.792877 0.06357892 78.21662235182006 
Car -1 -1 0 659.9500291431402 174.68496608440992 708.3888701670686 213.6197045239957 1.4425856 1.5699046 3.6285129 2.9090576 1.520086 28.723003 1.5756519 36.88203863201771 
Car -1 -1 0 218.14289366620307 183.64522258440465 409.30827926705547 256.79362492219394 1.502654 1.5822715 3.6083097 -6.493428 1.7566731 16.042398 0.08542793 65.56840392071142 
Car -1 -1 0 370.41756208789735 179.2191781214854 498.8706906715058 223.79508554580252 1.478057 1.632927 4.0667486 -6.093528 1.7111354 25.328943 0.13996121 27.581405045342244 
Car -1 -1 0 403.616892671471 176.5173370832693 506.69841346377876 210.2607467232019 1.449106 1.6095693 4.270486 -6.7995048 1.6164765 32.072914 -0.0415286 17.449919530594325 
Car -1 -1 0 441.9605677248954 174.97474456601898 519.3990858074417 205.83732459846775 1.5719194 1.6423562 3.7707467 -6.6914644 1.6852826 37.718204 -0.016000573 6.788919724869304 
Car -1 -1 0 110.38256528656339 190.1526485800683 365.49173808281563 277.566785696387 1.4438853 1.5432055 3.922773 -6.6895413 1.7824104 13.201021 0.07641211 7.642977510959358 
Car -1 -1 0 520.9040299671989 176.38172606139614 554.7177606314866 200.57636253231453 1.4572852 1.6202129 3.8989134 -4.5310135 1.6919551 46.01744 1.6110029 5.60955327889512 
Car -1 -1 0 653.3468833068877 172.87939204213853 693.9982587203643 207.79443470980559 1.5484817 1.5751153 3.5305355 2.9511538 1.5497322 33.771233 1.566709 5.971420092368739 
Car -1 -1 0 454.09448305172407 176.33209385519882 534.9735867194227 204.79844967754983 1.5215883 1.6247294 4.2003117 -6.269261 1.7166905 39.624874 -0.017756866 1.707794072454894 

