Car -1 -1 0 662.8372634590207 178.79325365239575 717.1995384963102 223.06284832927378 1.4940258 1.5270274 3.9555776 2.922606 1.7316036 26.873432 1.5557876 92.24101595883752 
Car -1 -1 0 709.5672637455424 183.16303024744457 877.2083161854372 305.03317889163344 1.4991447 1.55625 3.7869422 2.6109602 1.6850549 11.1051855 1.5532491 75.51885694952334 
Car -1 -1 0 765.1122101308092 170.56704668640964 1242.0 375.0 1.6645947 1.645177 3.8215957 2.4442372 1.6528338 5.6224995 1.5721911 126.24516437673532 
Car -1 -1 0 231.66179745010848 177.96707826305013 490.4761654567424 367.4353395985695 1.6075168 1.6803919 4.425029 -2.5205228 1.683574 8.487928 1.5299538 104.47475336863961 
Car -1 -1 0 394.67752600749026 183.52547249292897 539.6095368657334 282.6877525526704 1.4883301 1.6446744 4.334223 -2.454443 1.7208593 13.513556 1.6251795 95.95614023503823 
Car -1 -1 0 553.9917443136163 178.2187199006637 584.6406169467282 209.2020000441116 1.629146 1.6424726 4.2337675 -2.2642226 1.9488256 40.84086 1.5211053 18.766755326270395 
Car -1 -1 0 648.1270125005965 177.86398395689807 689.4979273379554 210.35115405208472 1.6581874 1.6288533 4.0124564 3.1908822 1.9470133 39.531033 1.489573 30.10176474531644 
Car -1 -1 0 637.1834694227578 175.6343709394144 663.4202772463943 201.33332794728148 1.9146264 1.6724858 3.899737 3.1366878 2.138693 56.16639 1.531066 1.9889720696169437 
Car -1 -1 0 444.05948655487344 185.99661118747267 529.7187644503063 252.66850557126628 1.4561789 1.5754743 3.61103 -3.0008264 1.8221586 18.282585 1.5651453 0.5540961105900732 

