Car -1 -1 0 665.6263432901615 168.8526773062176 853.5347399366582 237.14293610452495 1.4693279 1.6614645 3.9160714 3.4051092 1.3832357 16.67912 -0.17254347 149.70890008644764 
Car -1 -1 0 621.1832047268024 164.0674362810058 723.2789659924358 206.365126902417 1.5441916 1.6249845 3.589469 2.3400269 1.2234142 27.394232 -0.13853425 55.02942601612542 
Car -1 -1 0 111.42355450149695 170.6924344532183 327.933439169212 244.55488372107737 1.6234248 1.672003 4.167927 -9.014347 1.5759156 16.99918 -0.15126368 86.54365188655073 
Car -1 -1 0 0.0 181.84425885372963 236.61286608509607 292.2116679885962 1.5137546 1.6352425 3.9098403 -8.142242 1.6659896 11.144619 -0.1350702 40.532774317814955 
Car -1 -1 0 171.1173583198735 176.87390634295102 355.02674296904763 236.01348644961732 1.501338 1.6414381 4.1836677 -9.244353 1.61615 19.53538 -0.123617075 28.08661813548238 
Car -1 -1 0 287.6662920320537 169.49138742864594 407.75499782778337 211.0620380908542 1.5198488 1.6285899 4.0249124 -9.865534 1.3969095 27.42455 -0.11754285 36.62157611759826 
Car -1 -1 0 427.39335672301246 167.4380552655684 457.5645400035473 185.3645287765059 1.5592858 1.7004467 3.8904798 -15.050838 1.0881941 64.877914 1.083401 5.126048308848915 
Car -1 -1 0 219.0103301345611 175.7810979385044 372.8937361061428 225.20576902984894 1.4679301 1.5926948 4.0802536 -9.641094 1.5622678 22.393238 -0.032041825 10.349936563649138 
Car -1 -1 0 587.2496118395065 167.10524903779782 683.8389414933895 204.29006110451087 1.4618734 1.6380734 3.7801795 1.0534801 1.2358685 30.16056 0.64836496 0.8694156512059715 

