Car -1 -1 0 675.925860432595 181.5597572627802 734.7313687571187 224.88486115639242 1.4438325 1.5815674 3.4637096 3.4497297 1.7849627 26.51301 1.5336238 67.76387829242495 
Car -1 -1 0 790.6378373563319 188.82514972032882 1076.068953242252 366.4230285005559 1.4312903 1.5831056 3.6335387 3.2171443 1.6484011 7.9765186 1.5905172 68.77187147713997 
Car -1 -1 0 23.338056214431198 184.79206153417246 358.75361805614943 282.747118137845 1.4078246 1.6353307 4.3548684 -6.4397306 1.6116506 11.450532 -0.023560168 141.27620849844217 
Car -1 -1 0 729.1513959436281 176.99548844012463 874.9992516665682 280.7906193837011 1.5808625 1.6462358 3.8399293 3.292531 1.666942 13.07008 1.5792558 104.14795177266959 
Car -1 -1 0 231.3534219334706 179.9646291200454 430.32553526560184 248.2276707597045 1.5119286 1.6641846 4.05434 -6.457567 1.6882329 17.025646 -0.016047638 65.48085671419453 
Car -1 -1 0 721.8960743179283 180.4964047093968 819.4646960975682 212.51137271315554 1.4445227 1.603768 4.2003026 7.497062 1.811506 33.80343 -0.020305432 16.512682350543713 
Car -1 -1 0 337.9402766447512 175.8727315373277 480.8709940709749 231.1124276252697 1.5781543 1.6310401 3.8084445 -5.898793 1.6718187 21.546696 0.013428061 21.777802224146026 
Car -1 -1 0 396.9721020833169 172.6857868802673 513.1262618909158 220.91140944384512 1.7091632 1.6316183 3.8873465 -5.5998006 1.7032014 26.437819 0.025871724 15.096291581659896 
Car -1 -1 0 293.78775584586595 180.96955998663506 473.57720134198627 241.26341002742961 1.4930136 1.6299405 4.2641563 -5.8492413 1.7179316 19.058313 -0.058721766 18.29732041441713 
Car -1 -1 0 493.1910857433123 175.27933077626986 559.0599920224714 199.22904529413992 1.6283681 1.6943964 4.338498 -5.7691207 1.8002287 50.18865 0.043197066 3.830729842340738 
Car -1 -1 0 477.972432625254 173.86717589665108 519.2706961095178 211.40112966212894 1.5773882 1.6173954 3.5448456 -4.90774 1.6252741 32.26235 1.4776835 1.5865833008509964 
Car -1 -1 0 717.6787364276067 175.5324701404059 804.5257523637954 209.09194739959 1.6350317 1.6966547 4.112985 7.572402 1.773798 36.3499 0.0909546 2.20969304035314 
Car -1 -1 0 514.2671616518363 174.31378030111438 570.4064372560532 197.76420635176828 1.7552071 1.7221324 4.2094755 -5.136404 1.8690119 55.19418 -0.09519323 0.8409742656076084 
Car -1 -1 0 367.89778130783975 181.62009215039959 503.7629078352734 227.90727281125413 1.4695797 1.6041436 4.135113 -5.7149134 1.7716455 24.041285 0.009554728 1.4120237217359075 

