Car -1 -1 0 778.9591029841044 197.22956535117302 1096.9079572676746 375.0 1.4404411 1.554335 3.4481165 2.949185 1.746223 7.3012743 1.5358868 99.05364011806695 
Car -1 -1 0 791.4851698571503 183.83621367280114 987.660879559296 257.1938980945139 1.6061568 1.6903781 4.055114 6.5218234 1.8837593 17.177214 0.10935979 54.8493538911249 
Car -1 -1 0 402.22159704426025 180.45119140559433 503.37863824707813 219.24045606176554 1.5865774 1.7149869 3.928389 -6.6171913 1.9193333 30.729176 0.008466352 47.64706157064688 
Car -1 -1 0 67.79056134456992 182.06862518251356 352.0603196067009 291.35323226641765 1.6297629 1.6830709 3.7582402 -6.417208 1.7953179 11.947588 -0.094983414 118.31844532844484 
Car -1 -1 0 818.718184492428 193.83819767704327 1053.1102267418717 270.6581351268999 1.4066567 1.5623107 4.024253 6.4526234 1.8566418 14.584898 0.05356148 56.14993304104554 
Car -1 -1 0 719.3193088735283 176.4203583365387 865.1773855091161 230.83641364999866 1.8056195 1.7291163 4.6041656 6.2676315 1.9342942 25.051865 -0.05125013 60.101803658522556 
Car -1 -1 0 431.75564815722237 174.32140829354992 522.8526536229928 211.77926617822408 1.8007267 1.7446675 4.3014307 -6.499592 1.8757198 35.822075 -0.08550249 30.750080392521465 
Car -1 -1 0 316.2706952499619 184.58765553428128 450.74994027387123 233.19993714181533 1.4968777 1.5847408 3.9126308 -7.2900934 1.8940138 23.533619 -0.049125236 4.1791087709998616 
Car -1 -1 0 484.69006989183174 180.94290984511542 541.7802575618483 202.00352744802336 1.5052602 1.6029797 3.9230182 -7.197549 2.1254482 53.96626 0.30594772 0.5152915918853328 

