Car -1 -1 0 394.96074146612557 184.83043884159616 484.2473222304815 239.52050880499348 1.3673067 1.5814422 3.5428548 -4.4962454 1.3576748 19.754957 1.5854639 88.93731530447407 
Car -1 -1 0 160.41468903951642 190.0800238053016 391.9511665941135 310.46241082387337 1.4029438 1.5884755 3.988175 -4.531303 1.4878114 10.540581 1.5616643 102.64869394229635 
Car -1 -1 0 57.54559726269628 179.76026563602812 213.6296224044967 244.37993482112356 1.5171983 1.6329424 3.7015378 -12.08736 1.3891108 18.730442 1.5729195 77.20732876033868 
Car -1 -1 0 436.4910482580025 178.41889213566537 498.34721929393396 219.64999223508752 1.486208 1.6066531 3.7989106 -5.328511 1.2412117 27.822292 1.5848441 37.454962540501775 
Car -1 -1 0 338.0040385940046 181.0764945084206 404.4605840524588 221.13006024698217 1.4425067 1.532238 3.430326 -8.988949 1.2934356 27.630075 1.535855 37.520567559060126 
Car -1 -1 0 574.8063485953395 176.20028087022865 611.2832599982892 208.33032318270497 1.4863626 1.6462835 3.8256502 -0.64424014 1.0693018 35.181293 1.5876353 14.701321896412603 
Car -1 -1 0 185.8559793992638 187.19297803097953 323.1403798985983 250.8649237407571 1.3985627 1.5922128 3.7040043 -8.53723 1.4525251 17.761787 1.5648496 13.18928767451301 
Car -1 -1 0 419.4272187150266 172.55291334819913 465.07593732378587 202.55755068958848 1.5219646 1.5956271 3.9372826 -8.758213 0.8796535 38.444687 1.554722 4.621604352770802 
Car -1 -1 0 335.2246135979257 178.47057886632095 390.23528926016326 208.86325055034663 1.468085 1.5385084 3.7255313 -12.371117 1.1422694 36.58766 1.5690565 1.267305438317957 

