Car -1 -1 0 4.135468675790994 193.94993307145006 287.8636655163711 334.07741308443116 1.5783646 1.6957858 4.1954803 -6.5801296 1.9589722 10.892487 1.5368347 118.27894399213709 
Car -1 -1 0 456.64864936140646 187.66346083743036 524.460485158054 234.8126595923848 1.4039886 1.7682438 4.4221287 -4.039651 1.9657395 25.13063 1.5382435 86.89441168806124 
Car -1 -1 0 334.12146930754517 193.45149480726042 424.53642490587555 248.7204103543475 1.4267417 1.5691794 3.6261783 -6.8401384 2.1006396 21.792654 1.572262 75.95873505625057 
Car -1 -1 0 629.9943778686535 179.99738800497866 659.3978856898668 206.68426683391408 1.4934775 1.5919142 3.8784165 2.0719929 1.9419897 43.361168 1.5744144 18.348274223196178 
Car -1 -1 0 504.8446692730101 185.61904937163237 540.8934295370597 218.06256515205655 1.4628928 1.5346409 3.5284069 -4.2505517 2.1272664 35.75249 1.5199946 21.535784307949644 
Car -1 -1 0 713.3017720656632 173.0261564611328 805.9693281199964 204.52647885342586 1.548306 1.7143885 4.277325 7.560803 1.5572811 36.547016 -0.10187382 21.91805696958352 
Car -1 -1 0 713.5934569899674 169.66314876379474 790.6889247143885 199.5204393603385 1.5928702 1.5935764 3.8742201 7.7289686 1.4226398 39.31995 -0.01528602 3.8470444556201335 
Car -1 -1 0 872.4709266785344 158.27671596280857 936.8117486755477 180.94358275957666 1.6122675 1.6651913 4.0737095 21.44905 0.5754022 52.498 -0.1757323 3.1705285738348485 
Car -1 -1 0 442.18645511505173 186.34694307810048 489.7271569272015 219.40379968376214 1.5142739 1.5647193 3.673176 -7.190989 2.2303355 36.43125 1.6022595 0.2557459771633148 

