Car -1 -1 0 960.5162662772038 151.74520343242156 1133.6249973166493 256.87178017951055 1.6740417 1.6150993 4.0287857 8.00988 1.337904 13.633973 1.796915 141.12090082970346 
Car -1 -1 0 928.3990599304203 160.486962786142 1021.8610206386712 228.4778613018559 1.6368947 1.6208773 4.024951 9.756959 1.3391557 19.534084 1.8755252 68.27590780527007 
Car -1 -1 0 0.0 215.08980830573512 315.4410134646 375.0 1.4987619 1.6039892 3.5353947 -5.601759 2.100657 8.888319 0.37534666 128.92237725178413 
Car -1 -1 0 708.5090596324685 172.52189336544174 792.6742212282118 250.16189363944622 1.5441914 1.6514282 3.9582217 3.31963 1.537586 16.473558 1.8238481 78.07809075812636 
Car -1 -1 0 772.3663989873073 172.47581807302328 813.190604994108 212.1806108264155 1.5283413 1.5349116 3.3735466 7.5544534 1.5137839 29.605164 1.844013 20.4654193010395 
Car -1 -1 0 902.8718154441037 155.05477023889432 961.0845596891132 208.0544384687297 2.017547 1.5731446 3.9560604 13.132982 1.3399806 29.581013 1.8322331 41.36707217691298 
Car -1 -1 0 894.3939148212149 158.69345718271057 928.8167229250816 197.25735981819116 2.007455 1.6667986 4.202632 16.637136 1.2703238 39.82033 1.9563825 9.150889394304343 
Car -1 -1 0 731.1605797658669 167.132359835976 794.3801739006653 230.76685996108395 1.6736916 1.6426866 3.7924652 4.4890146 1.523203 21.010323 1.798504 4.164025241306065 
Car -1 -1 0 545.1875268980481 179.00315584050944 584.6061654187133 198.28027230405897 1.4738009 1.6925691 4.0362353 -3.5929813 1.9930927 58.74633 1.9329851 0.8197663692742709 
Car -1 -1 0 774.6324269310467 172.743948387557 817.0958845262528 206.67431474155333 1.4888436 1.546917 3.476364 8.705176 1.4840144 33.559925 1.931393 0.30164390802383423 

