Car -1 -1 0 558.4266769770109 179.5767677657206 611.3008074419001 228.06801546017928 1.528093 1.6672672 3.2337427 -0.75258553 1.3503947 24.294567 1.540437 34.3925572807062 
Car -1 -1 0 456.3182252914028 182.33528629464743 533.3779436651712 236.40787203724713 1.4650342 1.6755862 4.0145206 -3.2499652 1.3869928 21.48384 1.570805 58.945716598265754 
Car -1 -1 0 394.3000835724414 182.39751844687578 449.95192231954815 216.15657511760477 1.4394313 1.6116587 3.8017495 -8.310225 1.3192687 32.567654 1.550547 52.933486106984475 
Car -1 -1 0 33.72504716786054 176.8646991759322 423.1497261863999 375.0 1.6149691 1.651068 4.052263 -3.1372514 1.5572506 6.9954596 1.5718933 114.84619976186147 
Car -1 -1 0 0.0 188.0072073799583 172.21889482539189 254.4944994536742 1.3742028 1.6009965 3.7796018 -12.122468 1.4475162 16.949566 1.5175341 33.99990578315957 
Car -1 -1 0 357.9476753575081 180.4578028809876 409.36523611717615 207.6978450721819 1.4798331 1.6614614 4.142279 -12.714233 1.2213573 41.125286 1.5685961 16.191142313401137 
Car -1 -1 0 228.26687165763673 181.14113190708963 317.9990634517368 222.3863609909665 1.4375484 1.5568606 3.7931836 -12.412336 1.2955347 26.962944 1.5859368 8.599340515602549 
Car -1 -1 0 264.11775617550865 182.95804905806668 382.72349450421615 255.16466124745835 1.802213 1.6661199 3.96818 -7.7091136 1.745864 19.94037 1.5882943 9.850312847904368 
Car -1 -1 0 450.5398761336682 180.05677064301554 481.64285217757663 205.24371621304607 1.5235708 1.5953859 3.7659633 -8.876779 1.2115047 45.439167 1.467476 3.090170577619496 
Car -1 -1 0 501.02475465982457 181.3145203728456 542.5613401100708 212.76843860621548 1.4444901 1.5660226 3.6060045 -4.0845966 1.2653323 34.819748 1.5759279 4.670839122766657 

