Car -1 -1 0 669.8430655918415 177.12767171510512 757.4805226430243 243.34004005478718 1.491772 1.5754455 4.134465 2.5606139 1.6143467 18.610064 1.5480239 98.52933547877106 
Car -1 -1 0 796.0631718749339 188.52794631061312 1147.413118442799 375.0 1.4566425 1.5408256 3.4415042 2.8973336 1.6379743 6.6132774 1.5885913 128.55693857295557 
Car -1 -1 0 736.9372575806941 182.86917201617965 899.3706473698242 302.1596332992303 1.501673 1.4805275 3.3505683 3.0073352 1.6784507 11.050888 1.5575073 109.30779729415255 
Car -1 -1 0 439.837428447401 179.61498642584684 503.1672026321998 225.74322634119878 1.4461854 1.6993861 4.0257454 -4.7485123 1.7025144 25.291046 1.5046892 70.95891205634507 
Car -1 -1 0 186.60308446845346 177.78490021919055 352.41860390994924 230.81623379509264 1.431872 1.5608146 4.017781 -9.611551 1.5785116 20.553862 0.06226557 43.63591929179667 
Car -1 -1 0 472.5646687860162 171.56998354502358 521.6277378396733 215.62950060504625 1.7635598 1.5750438 3.6915119 -4.728104 1.7121646 30.739973 1.5534288 39.94634339636877 
Car -1 -1 0 660.2830313756439 174.1494701807436 718.6023774334298 223.92535434157287 1.5850265 1.5428592 3.5997372 2.6831074 1.6329666 24.885946 1.550247 31.862484910388716 
Car -1 -1 0 648.0253790086803 175.53209126557718 691.0258056254484 210.5209156532679 1.5051386 1.5520854 3.852147 2.7096794 1.635916 33.285793 1.5406283 10.965067980643491 
Car -1 -1 0 495.71977377670817 172.14125584053696 537.6743693840159 209.4292958891294 1.7726176 1.6249456 4.1958046 -4.6244965 1.7387346 36.408314 1.5588083 4.604783248965112 

