Car -1 -1 0 324.75007059119656 185.75859502992517 458.2720734239703 267.39248902488373 1.4880264 1.6446097 3.996296 -4.5927277 1.8067151 15.804079 1.5916328 83.96818853786857 
Car -1 -1 0 725.3493097996003 178.97394830667506 846.4329377240401 256.2223818844082 1.4471823 1.6283005 4.1033483 3.7151484 1.5995457 15.903662 1.5605698 74.02600017480586 
Car -1 -1 0 120.66500580398171 192.66612427486064 374.08049773489165 334.7041537293638 1.4964275 1.6623541 3.8757775 -4.727025 1.8274195 10.100573 1.5511714 112.85798970837392 
Car -1 -1 0 403.84695222588783 184.36836111481574 495.4100533417174 240.86012038766125 1.4140867 1.6536616 4.362537 -4.550394 1.7866137 21.14994 1.5867201 59.450718437003424 
Car -1 -1 0 781.1333929607283 181.2525507186656 977.7732908116599 305.5433229294703 1.4896197 1.5968434 3.659893 3.7652497 1.6360078 10.736401 1.5837312 88.20641641360626 
Car -1 -1 0 509.5050849844436 177.8654345041996 552.1579375480211 209.2100021344274 1.5073652 1.5532444 3.5219965 -3.997459 1.7776275 37.095764 1.6487958 31.731149031392725 
Car -1 -1 0 704.4052912116391 178.6212874626942 782.2334428538334 235.09229499765584 1.474088 1.6063514 3.780377 3.8127613 1.6580538 21.118898 1.579155 25.599694653879343 
Car -1 -1 0 695.8150729382149 177.25916860820135 750.9036506778048 222.78290591305813 1.540619 1.5880847 3.6573133 4.129995 1.7145758 26.635427 1.6088926 19.204243153966974 
Car -1 -1 0 1056.4102857195883 173.70614745399124 1174.1352743553366 217.09468030118194 1.4651618 1.4958789 3.4860098 18.289192 1.4983752 26.280205 1.4047723 6.675250899285789 
Car -1 -1 0 527.0872814827359 177.35999816769203 566.2268842033238 205.02841707461013 1.5015712 1.5767925 3.7474513 -3.590123 1.7743582 41.736195 1.6736184 7.090412347317603 
Car -1 -1 0 569.3348385975451 176.2437930087147 613.9735491102495 190.36762736241326 1.4578103 1.645827 4.5529966 -1.8647771 1.8193039 75.94952 0.07747707 6.919877230559047 
Car -1 -1 0 685.7370262171759 176.9629222439016 735.481371508299 213.0896736330246 1.4870291 1.55164 3.8645546 4.4301033 1.6809826 32.101746 1.5374882 3.064115795046546 
Car -1 -1 0 1001.2475928648599 159.25775327398085 1143.309261830793 222.1598988672095 1.511139 1.5308934 3.3009527 12.035645 1.1845075 19.01578 1.5278594 2.1585962854195757 
Car -1 -1 0 1084.6161610069828 167.5872679169331 1241.7646702128018 229.23924216549423 1.5835166 1.6547735 3.2072616 15.396561 1.4482417 20.266474 1.3750219 0.25219523906707764 

