Car -1 -1 0 688.3541730313566 177.08759466888222 804.7687051613218 259.0578701822232 1.4707556 1.6070642 4.1680613 2.7304473 1.5725965 15.259881 1.5542494 94.7566599902531 
Car -1 -1 0 275.1482925437021 189.32291552963287 483.83547518449143 331.4426802383887 1.4572866 1.6371353 3.7727273 -2.8287826 1.722576 9.730083 1.5628542 100.20467906694272 
Car -1 -1 0 394.02161822128454 180.4875212594754 514.9606248082104 263.77120892551096 1.462475 1.5967715 4.2545424 -3.0882025 1.6458251 15.196147 1.5800122 57.556977916929114 
Car -1 -1 0 510.5221976603609 178.14580225107545 557.7410100532968 219.83655389143422 1.4774303 1.611965 3.8868024 -2.867753 1.6976922 28.052582 1.5223417 49.0087117388271 
Car -1 -1 0 673.590312190427 177.26250661963354 751.6601086203219 233.72361675544596 1.4309999 1.5701714 3.9410686 2.8353539 1.5689487 20.588037 1.5451834 33.50802358391475 
Car -1 -1 0 654.7120693853283 175.67513058230784 714.0517144167601 219.99526917160378 1.4521863 1.5528648 3.6884394 2.5976605 1.5602818 25.764091 1.5179853 40.67314411691976 
Car -1 -1 0 634.0064717440453 172.5495153868647 657.2945862620996 195.58736183220276 1.4955996 1.5109813 3.5616457 2.4067523 1.4758325 48.648056 1.6060882 12.0008910181186 
Car -1 -1 0 541.9825761541953 175.6292893529484 573.8217350817181 204.45330886035882 1.4541457 1.5514464 3.792039 -2.7275796 1.6103424 38.689804 1.5396075 7.713356449750506 
Car -1 -1 0 651.7194622971226 165.92103209119338 699.3380805004931 212.21469504504043 1.8276172 1.597832 3.690124 2.7140841 1.5539119 30.345438 1.5516598 5.064026156088339 

