Car -1 -1 0 695.0902796747807 184.00114072817507 809.4434589546729 263.682055492282 1.3645461 1.5822828 3.9943242 2.7914658 1.6258483 14.914721 1.5731103 91.51221727482726 
Car -1 -1 0 671.345118563444 178.09119414622825 734.4053757889401 225.2377749106883 1.411926 1.5712938 4.058547 3.0270414 1.6015284 24.090723 1.5683889 53.70816073081418 
Car -1 -1 0 553.0242150623993 176.69804232990356 586.8543743943316 204.9203882108235 1.4388874 1.5636063 3.4740353 -2.1022346 1.6561065 39.01868 1.5930833 32.59464461141162 
Car -1 -1 0 0.0 177.50421841860094 317.626539652003 323.5409008787712 1.5749682 1.642264 4.1782236 -5.9480677 1.6368667 8.721077 0.029904082 111.14494369958123 
Car -1 -1 0 231.83118315382572 166.67806714703423 444.91601108272505 248.58589117957632 1.725244 1.648036 4.142563 -5.9521465 1.5951588 16.120861 0.048240304 58.48732829434029 
Car -1 -1 0 375.6253203465964 180.78479683739505 501.5439845712785 226.51771888773538 1.4482274 1.5641773 3.8043704 -5.689145 1.7254171 24.208843 0.12306464 16.633525486903057 
Car -1 -1 0 644.5378736040624 172.02037670951404 681.7198220079962 200.65920209354312 1.6149693 1.6646969 4.090141 3.1248243 1.5679603 42.779804 1.5103179 25.539655664854788 
Car -1 -1 0 486.35066605705384 175.27548581844493 549.639943074152 199.1270756798085 1.4857616 1.6410539 3.9059305 -5.8051596 1.6434944 46.06775 -0.058045015 13.183624822502795 
Car -1 -1 0 332.7214985898127 182.6717043120794 493.6591917456685 234.28137979861873 1.4349849 1.6119729 4.328369 -5.774533 1.7407691 21.460289 0.09752356 14.083899066699669 
Car -1 -1 0 405.20900096602503 173.476012567325 513.8424616398798 211.4826209595763 1.5454025 1.7043604 4.297299 -6.2422304 1.5724741 30.387688 -0.07736549 9.512280847161422 

