Car -1 -1 0 89.9463456274004 192.71387705594287 284.4509340990761 293.564045295054 1.3973839 1.5602962 3.7853518 -6.8837633 1.5457952 12.242074 1.4244152 88.78376324509865 
Car -1 -1 0 254.21069272694186 186.5009533796329 351.0427674302749 241.8156875046313 1.4231724 1.6051477 4.3510356 -8.692033 1.4645693 20.877354 1.40901 77.18085629717066 
Car -1 -1 0 441.87247474523474 179.48552143502764 497.0538182742164 229.70484001777717 1.552167 1.6858991 3.2770052 -4.5365963 1.3750601 23.969471 1.4119078 53.09318367624272 
Car -1 -1 0 539.5806582650744 178.65219927054974 614.5974821051831 241.6159966526922 1.5650086 1.6313655 3.7202501 -0.9195304 1.4018683 19.835373 1.4080482 92.69833668082174 
Car -1 -1 0 348.5172589839341 183.88714057356992 399.81185378590817 217.734870863633 1.4330683 1.6228354 4.115205 -10.490124 1.3768189 32.598473 1.4055313 24.893496070296464 
Car -1 -1 0 380.50524153700604 180.0814714279645 413.67061741375966 207.3852654948363 1.4896395 1.5970972 3.7887802 -12.097785 1.2095265 41.27227 1.2247381 6.663186649709956 
Car -1 -1 0 225.89692005524924 170.59065133501718 300.3113687533352 218.23358237606442 1.9089873 1.7342492 4.303086 -14.751619 1.3229816 31.062775 1.4165989 21.295599320564257 
Car -1 -1 0 142.0201730729766 185.98065685277874 257.7443640033587 239.03486101804396 1.4588459 1.6780232 4.077278 -12.271358 1.4844838 21.960451 1.4369287 11.207880546774687 
Car -1 -1 0 504.64865053579445 181.03431062573173 528.0065037738178 199.77239205163124 1.4788074 1.6293424 4.1036844 -7.475525 1.1488128 58.90177 1.3784711 3.431415877628706 
Car -1 -1 0 340.4716635781608 181.626976209502 372.3954074767066 203.5570265754371 1.604673 1.6235244 3.773823 -18.99782 1.3420779 54.5879 1.4198499 3.244351249905515 

