Car -1 -1 0 357.33591193069094 183.17797709268325 487.7738761427002 266.94606992133066 1.4696329 1.6151218 3.714507 -3.5528204 1.433883 14.483103 1.5887421 108.49877143454569 
Car -1 -1 0 154.75358808940882 176.1461213145519 322.8644981946405 262.1014116565588 1.6275125 1.6098738 3.865896 -7.7474775 1.4557854 15.556386 1.5864018 106.38429162287713 
Car -1 -1 0 1.8638054478622368 186.8904292948616 179.35851503271687 253.0318560219648 1.3993433 1.5587614 3.6414952 -12.094453 1.4435564 17.139858 1.5936185 41.710383633479296 
Car -1 -1 0 580.2281556685571 178.34770252608146 619.1906003540671 215.00455125839554 1.5400662 1.6372932 3.2588058 -0.33080542 1.2515208 31.838968 1.5606438 29.250910851414123 
Car -1 -1 0 312.71151035818025 186.1757597973621 399.5246863796006 235.46447718020602 1.4019381 1.5590981 3.6458483 -7.702116 1.434293 22.372507 1.5294379 34.15395053115654 
Car -1 -1 0 451.67202570099766 179.55402761631964 489.9326338475009 205.4407407834549 1.411176 1.5577774 3.617365 -7.7324424 1.1025383 41.010056 1.5524318 10.557249313972019 
Car -1 -1 0 485.8538218376451 180.42502867951143 545.6311515272013 223.69961705772457 1.4905319 1.6519731 4.128435 -3.3285778 1.3255241 26.835499 1.5847241 44.412868765314656 
Car -1 -1 0 494.2707079875282 178.68249436508776 521.1704496297444 196.67004093185864 1.466956 1.6354417 4.0296006 -8.356016 0.93414724 60.65655 1.5910938 0.6338782047469614 
Car -1 -1 0 397.8824705363766 183.55983298257712 455.91126092443966 219.31041159512625 1.4214649 1.5252435 3.6365917 -7.552492 1.3556267 30.404425 1.5760387 0.375968337059021 
Car -1 -1 0 372.942879683343 175.15085698455366 411.3481942681604 202.07384367343872 1.483862 1.5524107 3.875671 -12.404059 0.9291377 41.64489 1.434962 0.5378161946198328 

