Car -1 -1 0 755.7691154277637 192.23898807376693 985.9690755007016 351.3347292723909 1.4294693 1.5433016 3.4370484 2.8503814 1.7077775 8.631506 1.5826287 71.77466638238755 
Car -1 -1 0 706.6963926861707 183.41233046725694 826.7409924305446 223.4758756495346 1.413619 1.5984188 4.0965877 5.839043 1.8240397 27.023172 -0.112581566 32.064595477350785 
Car -1 -1 0 635.952030006652 179.3122819073389 669.5861709819636 206.19264791459736 1.4703286 1.6672426 4.132181 2.500134 1.8697715 42.5469 1.5537131 20.798150950384006 
Car -1 -1 0 326.7762813068335 178.04076786308568 468.9719261190666 231.30104662378594 1.6114662 1.6739178 4.093984 -6.6544976 1.7840304 23.014889 -0.07640174 42.78113931066777 
Car -1 -1 0 264.41544346849014 180.20063457153515 440.8744672827932 243.3618994085428 1.5250458 1.6387675 3.9396718 -6.5020475 1.7226475 18.517872 0.03575482 20.391563685331274 
Car -1 -1 0 43.699083605857794 185.21419683231937 368.3894477378661 293.7989786135587 1.4998149 1.6166583 4.1595592 -6.070592 1.7065426 11.124437 0.06587695 90.06523835997713 
Car -1 -1 0 727.7997956139345 184.686567454168 863.4346840375995 229.65974836238067 1.4135544 1.5945164 4.099339 6.168107 1.8253565 24.148333 -0.08224016 36.66644135205859 
Car -1 -1 0 201.6393793784003 184.03864153774776 422.1710817137696 256.26359780767183 1.4870532 1.6377499 4.206138 -6.459628 1.7479366 15.975286 -0.017090663 37.63777359622875 
Car -1 -1 0 826.9462120117271 173.86942422446276 1077.0670664534712 268.27702349133506 1.6703265 1.6316446 3.9841957 6.357478 1.6910197 13.745377 0.072921626 60.96980801075264 
Car -1 -1 0 0.0 179.9035256147088 285.75578618553476 329.186183403372 1.5817645 1.5796884 3.7568867 -6.115898 1.6758136 8.680377 0.0846319 58.5641555628798 
Car -1 -1 0 123.24860021404058 180.72800337733239 364.987698926514 267.30669764379206 1.5266845 1.5990719 3.7715955 -6.792652 1.684788 13.679112 -0.0049041696 31.87595958486952 
Car -1 -1 0 765.4796991381623 181.63442089710182 931.40816699148 241.91119087240338 1.4981987 1.5805612 3.8554215 6.1974626 1.7396259 19.007896 0.021517294 20.530422209918928 
Car -1 -1 0 708.3098450233603 174.85287684539057 811.8090903852633 219.3670862490037 1.7388817 1.6666111 3.7965527 6.0454397 1.822495 29.226833 -0.06521452 9.63965739633523 
Car -1 -1 0 459.10842839999754 180.7584494929394 536.676830191656 208.55756379889013 1.4684312 1.6044694 3.9738083 -6.0602245 1.909492 39.42515 0.017047476 8.949532217563451 
Car -1 -1 0 446.9131414815962 177.75146126913282 527.4140832403043 209.30444840713042 1.5614448 1.6389625 3.7998672 -6.214522 1.817842 36.8795 0.040245287 15.259929787523616 
Car -1 -1 0 348.61335469349615 166.69352070549266 481.28773188049166 221.45996019407778 1.8688935 1.6724088 4.260166 -6.801109 1.6586683 25.523037 -0.030470267 6.703072402419725 
Car -1 -1 0 798.3418333810359 179.67081519746822 1002.784631416203 252.32323095348238 1.5327197 1.5827165 3.9625015 6.4260554 1.6941075 16.231983 0.029984532 4.428178837208999 
Car -1 -1 0 626.0925670409663 175.48986874856178 647.6413795677236 195.27063776141517 1.510288 1.5870368 3.953198 2.210795 1.7283354 57.65947 1.6426947 0.5441355366876601 

