Car -1 -1 0 96.94154684355539 185.13309294064024 376.2196426595732 336.1741268251791 1.4808896 1.5779535 3.5174553 -4.205805 1.4800797 8.816612 1.5834259 95.77684700713496 
Car -1 -1 0 318.83430415150866 179.32930611959551 403.9431959787967 223.34654958191527 1.4584025 1.6346366 4.153325 -8.732288 1.2633715 25.896725 1.5739233 34.687208925114014 
Car -1 -1 0 459.14821732480465 179.76880719576286 511.8165901109311 217.9121676309889 1.3863825 1.5282996 3.5361335 -4.6607842 1.1884063 27.914436 1.5460333 48.16695708805721 
Car -1 -1 0 369.146415823363 183.32430468167436 470.6333836072936 244.01534298280038 1.4040467 1.5779884 4.157627 -4.7288046 1.3602905 18.713118 1.565628 104.76145261321774 
Car -1 -1 0 576.1657459279932 174.5721538340211 610.1843052879095 205.71103262985633 1.5103796 1.6500671 3.5272257 -0.68209124 0.99411845 36.632465 1.569567 20.377877348491488 
Car -1 -1 0 167.23222700837457 177.6358605116268 310.52128053487627 249.57081434749765 1.502511 1.5983353 3.5942488 -8.444215 1.3441904 16.834936 1.5410018 24.5103320646614 
Car -1 -1 0 230.45718647438375 179.37724844468082 320.54450782431 223.27457718337644 1.5267334 1.6425571 3.788777 -12.293611 1.3236742 26.901169 1.5643868 14.65512500133679 
Car -1 -1 0 472.51961505494967 177.55592472777553 518.2914355261157 210.30541572147905 1.5569949 1.6449445 3.756927 -5.5499125 1.1928296 36.070335 1.5902078 1.8996005121432469 
Car -1 -1 0 451.97760796881647 171.9474024433698 487.2418161939451 200.4853665770303 1.7958163 1.6435232 4.02398 -8.996829 0.9608786 47.267845 1.5454175 2.714959641989464 

