Car -1 -1 0 874.5037888347373 187.70267681315556 1231.2250977892618 311.1877742435963 1.4677756 1.5777637 3.8676944 5.779978 1.6853921 9.682727 -0.053867243 98.50686717343197 
Car -1 -1 0 628.7430595146077 180.6235523338222 686.6974927880756 221.4034596102773 1.4224259 1.609314 4.306827 1.801043 1.7502781 28.229631 1.480577 58.30062304966287 
Car -1 -1 0 795.9388092687627 190.23206950170777 1068.3185850167583 281.38198213007723 1.427633 1.5976368 4.097067 5.535866 1.7555897 12.644319 -0.08631837 78.00833092647407 
Car -1 -1 0 346.3486790831022 182.00926787180305 473.9449623766547 225.96294583795535 1.4353212 1.5992284 3.9796882 -6.7838316 1.7618027 24.833124 -0.049599245 25.436250077946834 
Car -1 -1 0 780.113317968046 171.20062397086224 990.1552259583768 260.4023069463949 1.7423826 1.6356618 3.7468672 5.639717 1.7100871 15.0312605 -0.06479245 41.60727957392373 
Car -1 -1 0 312.7579631407215 179.00076263739774 454.09456976901447 230.64939602741583 1.5283151 1.610162 3.87328 -6.929813 1.725742 22.359867 0.0051819133 27.452615117524584 
Car -1 -1 0 0.0 161.4360297822569 315.76768765485025 292.4366214327056 1.8503432 1.6788205 4.309367 -7.013234 1.6890678 11.092818 -0.02889886 45.29689482368022 
Car -1 -1 0 429.25692219046266 177.59497174366038 508.3357388958511 205.90395797074177 1.499573 1.632419 3.9621847 -7.663459 1.76513 39.47576 0.06331153 1.2412503957748413 
Car -1 -1 0 655.901353246868 158.64152592225975 691.9479288462983 194.28052452773136 2.5090523 1.8419669 4.7644606 4.6930466 1.5084672 53.25121 1.4832934 0.32589346170425415 
Car -1 -1 0 612.4710473156109 175.31268590434266 639.8627524780886 199.84773893613757 1.5733626 1.557507 3.6412013 1.0827571 1.7449884 48.504726 1.5145553 0.3235691487789154 

