Car -1 -1 0 122.49229800922137 183.12725360501855 378.3113294604218 268.8989872095498 1.4730058 1.6086305 4.02998 -6.615926 1.6788437 13.53463 0.059299834 86.99182309205398 
Car -1 -1 0 668.2239539424044 172.7624926666236 765.2737145664051 250.27910533091134 1.7857101 1.72363 4.3994966 2.6551857 1.783602 18.853153 1.5320745 97.98468125685054 
Car -1 -1 0 204.97764729044482 185.09662792469877 427.1559183705635 257.0208885600638 1.4707242 1.6215684 4.2468057 -6.359147 1.7555566 15.9184475 0.027365796 34.75007342483361 
Car -1 -1 0 270.0701007584643 185.17106286315044 443.99334005472355 245.60188168500167 1.4211118 1.5617536 3.8687716 -6.3390775 1.7501729 18.317656 0.09392622 26.152253470722606 
Car -1 -1 0 651.9794387885273 180.2132726348357 698.8699886017272 219.27192804450667 1.474838 1.5782256 3.640778 2.6575222 1.7969782 29.758533 1.5641081 26.192714039514133 
Car -1 -1 0 331.98811799841656 177.18907648998783 464.6174713935561 232.14904205693887 1.6623013 1.6244928 3.824759 -6.637948 1.8064499 22.987167 -0.103345886 28.592100270308286 
Car -1 -1 0 635.4927254555024 177.78015973523125 671.5270025706392 205.09585334849785 1.4852128 1.5901151 3.7578614 2.5046704 1.7842237 41.86267 1.4951013 10.841104844279842 
Car -1 -1 0 302.50905487779085 181.8078790909925 451.0916989220966 236.6092940094323 1.4948555 1.5987108 3.773307 -6.674314 1.7657124 20.904892 0.06586456 7.834198421641604 
Car -1 -1 0 415.3178530121199 175.56106788636575 510.63237431395567 212.76416906894914 1.6149721 1.6670052 3.8919997 -6.547351 1.7404045 32.448727 0.078677975 9.518899434520316 
Car -1 -1 0 358.56549308061346 180.45047569926913 487.809511309188 226.09881399388726 1.5218313 1.6247555 4.1571755 -6.452942 1.7981923 25.308779 -0.06263464 2.1018190079185377 
Car -1 -1 0 504.32139575410355 175.25855139273565 536.6041908333187 201.73774905891932 1.6094675 1.6640041 3.9920628 -5.664392 1.7702694 46.237415 1.5476512 2.279526730034064 
Car -1 -1 0 659.7139967884334 183.38397396932808 721.5604400211765 232.40740178685897 1.4683259 1.5675231 3.5552104 2.6427283 1.8475921 24.186636 1.5390885 0.2796347141265869 

