Car -1 -1 0 386.5770251328443 185.63750750503334 468.3767019842562 238.3398220162497 1.4663205 1.5643511 3.6922448 -5.662771 1.9042366 22.849277 1.5997107 62.2477337344507 
Car -1 -1 0 303.31016695263224 188.84460471276444 433.695461474189 263.26433718970094 1.5002282 1.6251559 3.9764104 -5.655739 1.9320688 17.45252 1.630661 70.62317848798953 
Car -1 -1 0 429.4419774212594 184.1571686558719 490.6725261126829 226.5419370769321 1.4605899 1.5401279 3.582751 -5.6502686 1.9217688 27.633465 1.5900896 23.542646299246762 
Car -1 -1 0 465.54793737036243 182.27569702060939 512.6518545169791 215.50856553802393 1.4089862 1.5663109 4.073657 -5.575388 1.8769864 33.795734 1.5603032 17.87809738968498 
Car -1 -1 0 1129.4145424848427 134.97424811329822 1242.0 176.27257227161383 1.5825591 1.7079272 4.2080507 23.306873 0.13100015 28.647861 -0.069693156 28.062654728091672 
Car -1 -1 0 726.4262628550334 166.93288431111523 772.515719398571 195.91744567824347 1.4597788 1.5914384 3.9136539 7.3682327 1.1615674 38.317295 1.5435735 12.860583982696346 
Car -1 -1 0 787.6433432019326 155.71347929006 905.5171016678576 195.3366127581796 1.5658683 1.7400773 4.256853 9.674622 0.88849115 29.609337 -0.108229846 12.215364263075614 
Car -1 -1 0 762.6089467967606 158.4805075844325 856.1472462425611 192.47437424937 1.5665102 1.6609545 3.986287 9.517155 0.9041487 34.463028 -0.20174816 8.074626572265917 
Car -1 -1 0 494.6030621887289 179.1262366496618 537.0659958306339 207.8296855033624 1.5209073 1.5841188 4.034062 -5.296736 1.8972547 41.2168 1.6558251 3.0912827317213702 
Car -1 -1 0 662.9042655858073 170.32954280737965 705.6244415020418 205.26202016057138 1.625922 1.6295853 4.0353055 3.6279995 1.5084217 35.614117 1.5548942 2.3007315543339755 
Car -1 -1 0 1054.1620489946567 141.65215493036504 1164.7154919455136 173.31252039365577 1.4651263 1.6270735 4.1586185 23.677689 0.021218471 34.260536 -0.02749921 4.48005728702819 
Car -1 -1 0 1082.0008248674776 138.65203243422476 1203.3042174130103 174.29564307561995 1.5151688 1.6471031 4.097538 23.219172 0.06128242 31.518072 -0.011146102 0.2768707275390625 

