Car -1 -1 0 658.9879372404788 180.3392345586485 759.6115961960521 250.43707212374028 1.4410045 1.646466 4.3633165 2.273294 1.6458205 17.52483 1.5231701 87.49641964399493 
Car -1 -1 0 637.6484693249234 176.13755846082367 678.6408354857782 211.5893885433386 1.4951496 1.5925258 3.6060848 2.1420965 1.6515951 32.571316 1.5664718 27.826413942851097 
Car -1 -1 0 171.15966687132033 189.4057042928084 405.33904028594793 266.98145362813585 1.421813 1.5821226 3.9886642 -6.309967 1.7724658 14.436452 0.029501554 58.19278053414041 
Car -1 -1 0 52.53765596586431 188.7425867026518 349.1401176539572 284.202429396498 1.427756 1.576133 3.9936757 -6.5657964 1.7069314 11.869461 0.010277526 75.11815644095118 
Car -1 -1 0 276.46037782339783 180.87820382118292 428.8127058393431 240.90709019682438 1.5346178 1.5728128 3.5726418 -6.919982 1.7631798 19.623291 0.081401564 45.940889146914046 
Car -1 -1 0 405.7255562743637 177.94921389372507 498.518599472182 208.48443409538496 1.4575386 1.6319631 4.2958703 -7.7326274 1.716571 35.721714 -0.06803488 10.903994137522774 
Car -1 -1 0 377.1118225126958 179.40317660673338 491.70614397726393 219.66551556027906 1.5349934 1.6627839 4.1379614 -6.9531136 1.8060969 28.853355 0.09038739 11.715224319826856 
Car -1 -1 0 632.1721131569693 174.5550252057532 668.5440190578983 206.1095953207078 1.5576545 1.5838888 3.6481051 2.084372 1.650804 37.664574 1.5400751 4.119958490474082 
Car -1 -1 0 431.8291092885505 176.4328105103624 504.5468382303818 206.24646523380832 1.6456035 1.6378174 3.9054108 -7.992366 1.8540556 41.04447 -0.0853575 0.8800501227378845 
Car -1 -1 0 799.9568418998571 168.23258111021195 885.1234370344973 197.6182670598235 1.5725467 1.5497596 4.1493406 12.681095 1.3252357 39.410507 -0.011220844 1.2054825829429945 
Car -1 -1 0 497.51786209706984 177.9597478155063 526.5127759881362 202.53225056101346 1.4372938 1.5566347 3.6097455 -6.023251 1.7676456 44.82997 1.5006886 0.3492630422115326 
Car -1 -1 0 526.7746623719595 178.0921954214324 556.107594825528 197.45739248550103 1.5047123 1.6711838 3.8702621 -5.630294 1.9503536 59.291336 1.2787044 0.6092582832620548 

