Car -1 -1 0 700.2414695836492 189.79665046768704 816.5464788394385 271.61940545585423 1.4268048 1.5686663 3.4721146 2.9752872 1.8226593 15.0869255 1.5232725 96.80215448583485 
Car -1 -1 0 775.2757374819487 188.7638490739044 910.147199635192 237.5124046176991 1.4084027 1.5890665 3.6971817 7.1366568 1.9212427 22.348862 0.06296569 49.142667926583634 
Car -1 -1 0 280.3927616345644 179.27871379622172 447.98833275726173 242.37578607947907 1.6058797 1.6853439 4.0519943 -6.556299 1.790238 19.642405 -0.11118597 38.86069106641175 
Car -1 -1 0 107.01010036262058 186.0752840888656 391.4269679794724 281.8252902789121 1.5088918 1.617275 4.0881968 -6.044567 1.7519239 12.431669 -0.011237564 55.44527201686474 
Car -1 -1 0 439.3877224039626 178.28638309876388 525.3565727398504 209.85520544125953 1.634229 1.7227775 4.287284 -6.737666 1.9307265 38.51561 -0.0020105059 34.010275408763 
Car -1 -1 0 0.0 182.57795016060595 319.5993884413383 305.30669045242894 1.5289482 1.6107804 3.8246565 -6.252371 1.6755116 10.001346 -0.03614734 55.07763793027411 
Car -1 -1 0 695.3188166614055 178.8577950572983 800.4189436087287 216.86619630238857 1.6629066 1.691699 4.4218907 6.234908 1.9437661 32.809986 -0.044701044 29.377550094611347 
Car -1 -1 0 736.745467233292 180.62199595680949 860.6063173297857 229.96911470411246 1.6224864 1.6423892 3.9233894 6.4697776 1.9021392 25.002821 0.0787707 10.894631524998143 
Car -1 -1 0 207.7596208866943 173.82014212639822 424.57143161110116 263.77039153070257 1.7413206 1.6169462 3.7962222 -5.900218 1.762275 14.817593 -0.012263186 68.03350021028359 
Car -1 -1 0 471.91320231808527 175.12922981405234 539.7568308365118 204.6321536446088 1.7270036 1.6802776 3.969657 -6.220708 1.8674881 43.476887 -0.12160056 11.36683858295515 

