Car -1 -1 0 675.8279576199947 176.03393481072007 755.6170871107163 236.14464761977385 1.524276 1.5415673 3.4055178 2.8850873 1.6211302 20.229038 1.5083684 76.21257588179316 
Car -1 -1 0 465.8688303399899 171.4498447928333 529.479740405017 217.12149533334963 1.4989016 1.6974473 4.2504463 -3.9096649 1.4528184 25.821949 1.5508304 78.40548401152071 
Car -1 -1 0 776.8173435727309 192.53091665811553 1077.0280127932326 370.63665617619523 1.4227283 1.6106968 4.203554 3.2278168 1.7073069 8.331884 1.5687767 119.54099957553426 
Car -1 -1 0 719.0772309608027 182.49766519664894 850.8324781204565 278.2912021132501 1.5258524 1.5523456 3.2923534 3.1357522 1.7287619 13.506045 1.531189 90.42147801155453 
Car -1 -1 0 229.1049559534751 175.48252104606794 445.6280570853136 328.9314824937041 1.6162515 1.5831294 3.7360194 -3.322496 1.657996 9.561935 1.5322735 92.60218048318323 
Car -1 -1 0 651.8960990374057 174.2066952452987 712.3772438830674 221.74265076846137 1.5072179 1.5448855 3.645798 2.424132 1.557276 24.84249 1.5211805 41.03951737422664 
Car -1 -1 0 642.418384048275 172.41361928262347 690.2962956576815 209.33376113182953 1.4552729 1.5867503 4.268937 2.3382797 1.4379144 30.595112 1.5447291 16.48038550057761 
Car -1 -1 0 607.2600244025068 168.8027645827906 635.2607343536546 186.2399306265246 1.4912604 1.6219335 3.8278885 1.0010575 1.1447905 63.752213 1.3504994 1.637170319521722 
Car -1 -1 0 491.83965068448987 171.43794238359592 534.6141074302369 207.89764993121028 1.4975822 1.5386171 3.604419 -4.1474357 1.4394175 31.471983 1.5260369 0.30425477027893066 

