Car -1 -1 0 274.8782023288453 189.80566299034513 409.28452401264957 273.3053201702498 1.5466613 1.6044135 3.740277 -5.756236 1.9665242 15.998346 1.5673618 103.85031585217278 
Car -1 -1 0 748.1846534794378 179.71849246659698 958.8494969673673 315.4470871783172 1.4676824 1.5887349 3.6785123 3.0595205 1.5788774 9.838602 1.5579653 89.11846879733008 
Car -1 -1 0 704.3719629128127 178.74726181041936 825.6876670398435 259.46784054049414 1.4731071 1.5496514 3.4199195 3.1377425 1.6117306 15.199415 1.480484 92.51595249835496 
Car -1 -1 0 367.84419864907585 188.9740385050605 452.7435524931867 245.5940053681908 1.4381685 1.5314312 3.541932 -5.7270694 1.9496312 21.116207 1.5628157 58.14018606816453 
Car -1 -1 0 691.8459842621858 179.65277097728685 775.0514281415684 234.91849577250738 1.4108844 1.6168375 3.7485447 3.4642868 1.6247716 20.794165 1.5306615 16.196436527344538 
Car -1 -1 0 341.8010234863244 187.30919436770228 381.1107294178683 208.39633356505385 1.4763991 1.5543579 3.7137043 -18.952757 2.6175053 55.048157 0.8543353 11.020722418231484 
Car -1 -1 0 384.5820829680096 179.85748902758394 456.7256298306948 205.6851074971648 1.5748798 1.6053978 4.0998116 -11.879155 2.025873 45.493473 0.083229154 3.8389547792589216 
Car -1 -1 0 371.4673527398951 183.49598469738007 403.81255141341813 204.14368954013122 1.7319636 1.6987865 4.3294277 -19.933573 2.7225127 64.97061 1.5402067 0.25943589210510254 
Car -1 -1 0 73.7425227034766 189.88582365609992 204.34667347533235 240.77923248206534 1.4333987 1.5467322 3.9685671 -15.279105 2.0405931 23.699753 1.625338 0.25185641646385193 

