Car -1 -1 0 659.8736434941412 178.16244126792284 723.3539269005671 224.42653106453824 1.3981576 1.6220891 4.1546974 2.6807132 1.5928233 24.372139 1.5582433 52.475861903586996 
Car -1 -1 0 382.50347715482405 173.95375107715685 508.3195179272956 217.16584305075025 1.4833745 1.634796 4.1364 -5.769731 1.5239027 25.702143 -0.034455292 41.98378581383386 
Car -1 -1 0 236.7467802955528 176.78928877091795 447.2193170244912 246.69883489718185 1.4977179 1.6417937 4.1799054 -5.960549 1.5918784 16.409328 -0.016413005 68.13617572910823 
Car -1 -1 0 25.122288359426875 179.64575265077144 356.855810304664 286.38740254985623 1.4633117 1.6078703 4.0536957 -6.100735 1.5730075 10.825357 0.012118644 55.62722091767758 
Car -1 -1 0 290.97346061764256 175.7765762552545 455.9716088221831 228.6429346349414 1.4654032 1.6084701 4.2744856 -6.796166 1.5542117 21.013306 0.05100053 15.801897947853398 
Car -1 -1 0 448.18871740775666 173.01661242323934 536.3013583575681 200.8655589508303 1.4443295 1.6623862 4.355221 -6.2213745 1.4532413 38.488846 0.10527723 11.340434166429823 
Car -1 -1 0 721.1595399096326 173.6985890943487 814.2940089330648 211.8330845149606 1.4933815 1.6043192 3.5308037 6.3544617 1.5287924 29.275597 0.101122424 9.194887683697303 
Car -1 -1 0 688.6074721487549 169.01050531335972 726.9678339854166 195.78763077943063 1.4985392 1.6615322 3.8116133 5.708542 1.2834439 42.30113 1.5515797 1.4168156466294597 
Car -1 -1 0 716.0698779098545 158.0824046596209 753.4496973615687 183.85296528974916 1.6300603 1.5932505 3.8490176 8.212179 0.6957152 47.607117 1.5122416 3.084842188498263 
Car -1 -1 0 316.63001900919585 167.9813520825251 446.0807244420296 220.43202823693983 1.6373045 1.5822475 3.7342813 -7.328056 1.4851995 23.42583 -0.06032468 4.782695755094498 
Car -1 -1 0 266.0927930091784 174.7701126973612 419.7853675326674 238.87829982705523 1.6090686 1.5411652 3.5024016 -6.938305 1.6618876 19.02573 -0.054020017 0.2783246338367462 

