Car -1 -1 0 129.3166187251027 193.0583459953096 381.8050443868449 322.58056474315805 1.4259369 1.6748538 4.3236847 -4.9129224 1.7886579 10.786551 1.5646553 139.10990523519183 
Car -1 -1 0 449.2610802010542 178.07752344412455 512.9656519763834 223.35908853050645 1.5375757 1.586077 3.4345574 -4.67208 1.7432888 26.660519 1.6213139 46.29062780117132 
Car -1 -1 0 726.9905052831457 179.61964770511983 833.265490596235 256.60030696915226 1.5048891 1.631379 3.7540557 3.7231736 1.6759694 16.342495 1.6035746 59.571411032297554 
Car -1 -1 0 760.4495955086226 182.25473713280596 959.3774279167808 308.8922768852835 1.5098946 1.6563035 3.8799984 3.4915898 1.6763897 10.835256 1.5754097 69.07812216020054 
Car -1 -1 0 698.6467269423453 179.32498375703943 780.5858718737992 232.96204965582632 1.4380729 1.6254503 4.049098 3.8328211 1.6528122 21.892296 1.5355687 49.88995551997831 
Car -1 -1 0 478.8592886254138 178.51467661381616 532.1780328386631 215.26823002067667 1.4665112 1.5510087 3.7560763 -4.44674 1.7272105 31.306404 1.6345522 25.293917430800857 
Car -1 -1 0 693.3351370532043 178.96574440072453 748.9982275934581 221.06945089459617 1.4666691 1.5395656 3.5789423 4.1772776 1.7143943 27.450771 1.5634348 15.0253858713591 
Car -1 -1 0 0.0 178.94217220377743 153.9824236972607 227.09702752248862 1.4312434 1.5704604 4.1963315 -16.861898 1.631546 22.720774 0.113614984 7.679424320363879 
Car -1 -1 0 1080.4736716176137 162.55333065283918 1242.0 233.54807314302775 1.4788713 1.6453676 4.017589 13.581783 1.264301 17.16142 1.3730453 14.00023220395791 

