Car -1 -1 0 755.8826428854403 188.7077735376359 909.878285377817 288.83153195696144 1.3819948 1.5909816 4.061034 3.702254 1.7057011 12.672158 1.6103439 104.72206927706958 
Car -1 -1 0 477.6642675462683 182.85735041046524 538.2757126802934 228.69053571485736 1.6344624 1.616082 3.681495 -3.9318998 2.0552645 28.455547 1.6467502 67.09184497260641 
Car -1 -1 0 723.2852474377005 181.96002101020764 812.2107851853993 249.22572201135978 1.4660403 1.632169 4.2699213 3.922435 1.7272077 18.506199 1.6426572 82.50103090410136 
Car -1 -1 0 508.15361529363855 183.08183461175295 557.15705872174 218.02526636483773 1.47399 1.5551721 3.920484 -3.5210814 1.97942 33.637173 1.6557412 14.096776883922717 
Car -1 -1 0 998.4071332202185 172.9109370281647 1205.854114532941 241.2688769397406 1.4900388 1.6598585 4.045928 11.936115 1.4915814 17.641052 0.67312384 50.356024506167124 
Car -1 -1 0 689.6357542766306 177.35472226479783 718.9854629314646 203.82384002563953 1.6138871 1.6648959 3.794892 6.081215 1.9168174 46.611393 1.6439697 10.392628466555246 
Car -1 -1 0 239.66698530984698 185.2272978116265 344.51092000992577 220.8405610416958 1.5673826 1.6589428 4.098117 -14.561942 2.1524339 33.24064 -0.022869635 4.8508668116228595 
Car -1 -1 0 544.5110261016632 180.36708137470129 581.5827925818752 209.18749589410598 1.59834 1.612309 3.9899173 -2.732432 2.0690963 43.14998 1.6623596 0.7333950919005557 
Car -1 -1 0 601.1966406270507 182.08410487319705 619.7202611754869 198.29231493970502 1.4695174 1.7000751 4.198708 0.060457073 2.391381 69.9469 1.5491585 0.2510349452495575 

