Car -1 -1 0 664.7684946527424 177.10418724165567 733.9851792846279 227.1781055996885 1.3889217 1.602983 4.3065605 2.702434 1.5343885 22.537622 1.5651991 76.93694369902163 
Car -1 -1 0 361.6532284386948 175.47962449715766 501.95518767516234 221.55002428323098 1.456062 1.6499437 4.2626915 -5.782155 1.5461719 23.836355 -0.048076652 54.55274524880224 
Car -1 -1 0 728.235489699713 171.15796206732324 826.7692909158613 213.04909136220027 1.536416 1.6292492 3.449434 6.317128 1.4742113 27.42148 0.084976956 38.40904328700427 
Car -1 -1 0 189.0909526891237 174.57258646465002 429.6841447124944 254.7381161287324 1.5159223 1.6459386 4.1541862 -5.8987417 1.5524738 14.512933 -0.0048382916 88.2088627285906 
Car -1 -1 0 0.0 178.33524941902218 309.7214206662262 309.9893688623478 1.4667597 1.6009574 3.989274 -6.0486364 1.541265 8.958532 0.024532571 42.08501565776718 
Car -1 -1 0 259.2767799699734 173.93232952880336 440.15458501979873 232.75380248975944 1.4827492 1.6071503 4.2152147 -6.7970047 1.512667 19.11999 0.04558802 20.722040635886636 
Car -1 -1 0 442.835188499672 170.6745224129368 531.7614918244013 199.90340887333815 1.4372802 1.6207898 4.238475 -6.1067805 1.3301079 36.359665 -0.03271971 16.101116416051983 
Car -1 -1 0 290.5792795010686 167.5846053485954 433.53933760019385 224.15067281141083 1.6030558 1.6134096 3.7458158 -7.2544622 1.4537235 21.433598 -0.097703874 14.01870723655067 
Car -1 -1 0 664.7313791020622 169.83003377521229 721.1632173420157 191.98109213529966 1.5470663 1.6700176 3.814299 5.887876 1.3358673 51.229362 0.00051033014 6.262784124152197 
Car -1 -1 0 716.9541796545604 172.9631898352427 814.6818089559321 207.409178219497 1.4676185 1.6021746 3.9085975 6.80226 1.4725394 31.633545 -0.043767393 5.530805491620008 
Car -1 -1 0 214.1847528661306 173.7828319334171 398.68647840470913 245.47543632192674 1.5910103 1.5832415 3.6665323 -6.993037 1.6139121 16.912941 -0.047486503 7.320336385506211 
Car -1 -1 0 542.6941696085674 172.11789492813722 562.2826093134745 190.16937117395935 1.4633877 1.5376172 3.9616063 -4.814413 1.4037132 60.543457 1.4662623 2.015475852551836 
Car -1 -1 0 691.5305359688061 170.4182032256446 766.5806427437794 198.50070463028382 1.4989624 1.5826114 3.7719314 6.50657 1.3689464 39.479244 -0.09445655 0.2868531048297882 
Car -1 -1 0 734.2195017162416 181.76154318319473 874.3601943599593 267.57212110278095 1.4832697 1.5934136 3.6962268 3.817098 1.6893364 14.780476 1.4818875 0.7590730591726093 
Car -1 -1 0 403.89525355729575 163.33569446232013 521.3120808331431 212.16784302002077 1.7192599 1.6724474 3.9531806 -5.280877 1.3841436 26.27786 -0.019339906 0.25411978363990784 

