Car -1 -1 0 0.0 206.811150095884 269.30474782832783 361.98693659221306 1.4562204 1.4874091 3.514219 -5.9414806 1.9778322 9.314421 1.5544416 128.25739476098866 
Car -1 -1 0 698.1669075963705 179.11485185912605 802.8559432847842 248.02805907922203 1.4103757 1.6484174 4.037848 3.207901 1.5769517 17.166582 1.5563247 74.78402888112451 
Car -1 -1 0 374.6606525149073 189.78996756444033 467.8051365031379 243.70877562169622 1.4482818 1.6698724 4.2848077 -5.848424 2.0375493 22.927061 1.6161008 89.31762306886938 
Car -1 -1 0 237.0225429315651 195.4377590453914 394.30037391154536 281.60202939468195 1.4444263 1.6280725 4.2281218 -6.0101113 1.9902256 15.3215065 1.5678387 101.75163492480382 
Car -1 -1 0 679.5831700723951 174.45552540285018 748.3491335375195 230.73883516400795 1.6006075 1.6492208 4.020042 3.182376 1.655398 22.65977 1.5895594 49.06797963019114 
Car -1 -1 0 1039.7053911140654 131.81138060073485 1242.0 241.86510849638557 1.5706505 1.6236432 3.9535398 9.127129 0.9849037 11.22686 -0.060216285 79.93977774192018 
Car -1 -1 0 996.6452062878976 137.74573294219348 1242.0 227.99493343483573 1.5996233 1.5856335 3.6360562 9.560729 0.97734624 13.657899 -0.04230305 50.17165575887667 
Car -1 -1 0 915.1693361278917 153.99799753973778 1121.965722860314 223.78955496918942 1.4712389 1.5933974 3.8086681 9.08505 1.0737454 16.18238 -0.09405537 60.82126183389584 
Car -1 -1 0 836.3078941105135 159.7887686439441 1026.9757930963722 217.4421341177986 1.4410698 1.6437325 4.295195 8.368212 1.1144989 18.959156 -0.048026573 51.232462760689494 
Car -1 -1 0 659.2640069836224 176.48623710561088 709.8935849152301 214.5660472528471 1.5951568 1.5818813 3.8516805 3.3234239 1.7692103 32.5897 1.4862068 27.397765873646563 
Car -1 -1 0 474.73827946446613 184.36901655028035 523.1027213887813 216.3333792519205 1.5160155 1.5701982 4.0420275 -5.732562 2.15269 37.809086 1.6640182 11.778928336384835 
Car -1 -1 0 430.13552019674376 187.85836012330307 489.51973164113423 230.09607234226604 1.5009599 1.5739894 3.618172 -5.8924656 2.1366763 28.75177 1.5834655 17.97725983680246 
Car -1 -1 0 518.3964642144338 180.66361439585935 543.0223761679364 202.39580076287163 1.4915559 1.5411566 3.8752046 -5.747887 2.0854836 52.90502 1.5283651 2.1066638602022936 
Car -1 -1 0 643.1265517244319 177.16359959851803 672.7438044421265 202.27244522186444 1.5462136 1.571018 3.5172129 3.1041873 1.8365746 46.829533 1.5366583 5.191234322282127 

