Car -1 -1 0 347.7508107278618 185.03010196405722 430.23964121741307 229.29489984037707 1.3879391 1.6170115 3.8464494 -7.3171024 1.3821197 24.468794 1.5777469 59.94643806960585 
Car -1 -1 0 125.69440344366457 187.7624010379722 311.4286486314082 271.77444614239704 1.4528081 1.5832272 3.5462987 -7.552188 1.5102324 14.375674 1.6549994 44.713792195474 
Car -1 -1 0 163.50017809484788 186.52279411302834 429.5274819721675 341.49020393867454 1.4791328 1.6144049 3.6615398 -3.437114 1.4983572 8.732557 1.5826108 102.19084450712367 
Car -1 -1 0 583.9652614688991 178.24998867191277 620.3033620507491 211.94693861164902 1.5120323 1.6311672 3.4438019 -0.25236103 1.1994705 33.989975 1.5559286 25.181271029144877 
Car -1 -1 0 1.6879328462890684 186.77987790671025 193.58548496740696 257.698607920792 1.418052 1.5736978 3.889771 -11.38159 1.4580444 16.419888 1.5899463 47.52720172511779 
Car -1 -1 0 453.91335464698363 182.37267066275786 532.8912469603182 237.438116703275 1.4563836 1.641299 3.9717784 -3.2166028 1.3811905 21.006662 1.5810422 56.81872895621611 
Car -1 -1 0 422.97476886934095 181.0133459810666 471.7162871023939 213.07063475885317 1.4467394 1.602512 3.7819407 -7.575021 1.2570881 34.35811 1.5379403 17.255683267397202 
Car -1 -1 0 312.69249906144546 183.44924020777097 377.85815346964745 216.46155005471417 1.4666896 1.5968199 3.9802947 -12.274326 1.3882084 33.9347 1.5794194 10.135552465639774 
Car -1 -1 0 498.36038577702567 181.25489869691913 537.7007508009889 211.22828080400936 1.4284711 1.6472868 3.9138896 -4.4414854 1.2397074 36.247353 1.5310585 1.8144276365709215 
Car -1 -1 0 141.00002023058548 184.20340856096453 263.6050440519652 235.81662651732353 1.435186 1.5300784 3.754809 -12.170965 1.4070377 21.889248 1.6019666 1.78575727403923 

