Car -1 -1 0 159.49607117237758 197.3559300892506 362.24572271012727 300.3185071630168 1.4310606 1.60623 4.059755 -6.0300465 1.9443214 13.0604105 1.6023438 116.44193701593981 
Car -1 -1 0 730.9638309782133 179.29525192961023 928.2540987466931 306.13472925144947 1.5307326 1.6726241 3.9173841 3.0587728 1.6457152 10.894757 1.5375617 104.35402293171052 
Car -1 -1 0 355.33860910924733 177.18054398117317 453.75490199805176 243.34905108823935 1.732338 1.7477543 4.282145 -5.9124355 1.873126 21.325624 1.556171 86.82539614481834 
Car -1 -1 0 550.2497957146595 179.019305000303 576.3893435204449 201.24711430070766 1.4694796 1.6944256 3.9000716 -3.2177205 1.9201287 50.767754 1.5432489 16.994355233344052 
Car -1 -1 0 516.72056568874 180.28173717903658 547.6852205198763 201.37965942650905 1.468368 1.6767181 3.873364 -5.7053943 2.0404806 53.594112 1.6280693 11.63061875669976 
Car -1 -1 0 417.4847292302187 182.4008341382527 486.7876625828078 225.90193175532065 1.503763 1.6348425 4.159156 -6.005873 1.9018582 27.977951 1.6094319 11.283048236594173 
Car -1 -1 0 888.4898157577537 156.7315776817507 1008.2178366330738 196.5971194469066 1.5232513 1.6254632 4.1924343 13.4983015 0.90721786 29.000406 0.31987122 8.76786279703856 
Car -1 -1 0 471.6169903693482 182.08545169810128 514.6328235104361 211.73651718646371 1.4336681 1.5896246 4.1054544 -6.107686 1.9490845 38.227142 1.5777898 4.248668708986921 
Car -1 -1 0 639.0173366453049 174.96511751133343 660.7825868597869 194.3839129092455 1.5517285 1.6636508 3.611297 3.3772166 1.7326005 59.941822 1.6662515 2.856262967790232 
Car -1 -1 0 829.2514978264168 164.05741401100536 910.1898793757895 191.16261884857875 1.4555097 1.5888985 3.9243274 14.270939 0.9831457 39.732964 0.10057597 1.0963352553247352 
Car -1 -1 0 857.8903482376732 159.57383608913554 917.0499060921812 181.50712229527826 1.6539927 1.6139153 3.908197 21.254414 0.65253305 55.26368 -0.023371639 1.1263874836273309 

