Car -1 -1 0 666.2777221827121 184.9279247034992 725.5690411272418 230.78482033495865 1.3951936 1.5902796 3.540066 2.8789797 1.8375006 24.65932 1.5671089 76.94789419037363 
Car -1 -1 0 713.7283844519443 185.85412695201313 864.8718314968876 290.92137821725044 1.4972752 1.657899 3.936307 2.9699802 1.7625313 12.746794 1.5617803 89.63001061986664 
Car -1 -1 0 335.01459274568566 181.89136478952466 480.558241952206 231.23624754983956 1.4954846 1.669819 4.2040777 -6.4487057 1.800138 23.2855 0.098636985 56.81924810616858 
Car -1 -1 0 779.8281916868932 197.9415210418978 1116.574308716649 375.0 1.4415605 1.6098213 3.6425338 2.9678907 1.756476 7.22186 1.5529108 82.50699277461406 
Car -1 -1 0 211.3760704691208 179.79538301080524 422.6469012781691 259.4260907713734 1.6021607 1.6530471 3.8815885 -6.190116 1.7601669 15.547242 0.026197031 53.481496744904895 
Car -1 -1 0 649.5076237355992 178.6806087014835 687.5152857013928 214.02619525677954 1.6192267 1.6425109 3.8078122 2.8587596 1.9222867 35.608646 1.591886 15.756060505012076 
Car -1 -1 0 636.3149661974901 179.39517433793756 663.4327163075612 203.99091834377094 1.6379 1.636683 3.732729 2.8109329 2.1166835 50.931637 1.5517718 6.301054200665205 
Car -1 -1 0 0.0 165.76382134383098 312.2109386750395 333.7470181135426 1.8000458 1.6810277 4.2361517 -6.017272 1.7240701 8.625012 0.02503974 48.577108239314384 
Car -1 -1 0 117.95216816148938 184.6190191928461 383.99694265727055 278.47348976951184 1.5388433 1.6382906 3.9978118 -6.320905 1.7655835 12.983664 0.052089818 10.598864258345312 
Car -1 -1 0 387.9998640872264 171.35867242518256 504.55309738949956 222.11487904296948 1.9148995 1.7228813 4.129753 -6.3158517 1.8584845 28.181168 0.0479527 13.94291490806712 
Car -1 -1 0 439.61410336442447 180.23196492518943 527.758473586551 211.90467829665118 1.5170741 1.667792 4.1054373 -6.198786 1.8924452 35.83828 -0.018460892 2.4498001268624097 
Car -1 -1 0 343.820089574023 164.82622403173556 380.4650277250853 187.75081941975887 1.6180148 1.6585243 3.929256 -18.107687 1.0514152 52.95762 1.4802175 0.2816517651081085 

