Car -1 -1 0 420.8819254150348 183.7645248055177 507.96050246067915 244.57278843977124 1.5878001 1.6494548 3.8207936 -4.210248 1.9422499 21.490437 1.6220455 90.29591536355483 
Car -1 -1 0 774.9816050122982 184.71632485173754 959.0886169311549 306.05276085680623 1.4983454 1.6132927 4.182296 3.8160217 1.7216624 11.454865 1.6204677 126.22786241110788 
Car -1 -1 0 470.75485424384937 180.4346218646963 534.4516156599846 229.86785860218922 1.6458863 1.6294262 3.9875977 -3.8660913 1.9472829 26.665653 1.6068263 41.23179615922641 
Car -1 -1 0 693.7988180674686 176.43333111097814 731.2496064861439 205.90204552288202 1.5182323 1.7030666 4.2268434 5.6317773 1.7266695 39.858063 1.6294379 36.81764595478192 
Car -1 -1 0 522.1857918115581 182.1698685301755 565.0273613972905 214.71524073362727 1.4871107 1.6211439 3.995506 -3.2471821 1.9802158 36.16204 1.6130595 14.120931628557907 
Car -1 -1 0 130.4341635758239 185.65432586330328 270.48634891573363 229.24697764123795 1.4912944 1.6143649 4.1287837 -14.74968 1.9723222 26.17521 -0.06507085 15.101854481068042 
Car -1 -1 0 593.5554836348438 181.1677019802444 614.1085167739994 198.74653490081408 1.4337945 1.6134069 4.257469 -0.4705462 2.1850667 63.046318 1.6060716 1.759441237772981 
Car -1 -1 0 501.04221888906255 184.61838563161228 550.6964507289797 222.2169718557272 1.4862498 1.542666 3.828507 -3.6122003 2.0349097 31.697435 1.6249423 2.39686297755223 
Car -1 -1 0 582.4074479785173 173.99330446376473 602.9213510935942 187.98711383851867 1.5153737 1.5933621 4.1439595 -1.8611854 1.6461538 80.65641 1.722905 0.8340073803362161 

