Car -1 -1 0 31.80313033857489 194.01474809066661 391.25901878576576 375.0 1.4599254 1.6046355 3.8028781 -3.5679092 1.5732291 7.348893 1.5629488 99.56352811488424 
Car -1 -1 0 698.012574648665 192.07950903416793 798.5098166257831 263.8989124865404 1.3776228 1.5204185 3.3863904 2.9852898 1.5448389 15.813265 1.5624309 85.5121695969408 
Car -1 -1 0 408.2762397826997 184.60548652824593 503.63724427278737 255.556811780609 1.5732211 1.580503 3.270472 -3.59379 1.5596907 17.591866 1.5931556 99.25773527453462 
Car -1 -1 0 467.8009725047626 184.33853748178376 528.279258814508 228.20096356748002 1.4680483 1.5821345 4.033602 -3.874688 1.4386903 26.076624 1.5705998 35.25593958718307 
Car -1 -1 0 648.1472739332621 184.8762344308426 690.3676424681112 217.45003772858806 1.4443011 1.5516067 4.027201 2.868726 1.4292495 33.905083 1.5470177 35.53991940468873 
Car -1 -1 0 361.4311572073017 186.78389981051467 429.44936116732754 225.98660561517622 1.4215493 1.6175385 3.6184344 -8.170597 1.4866601 28.029331 1.5608828 34.07625636655232 
Car -1 -1 0 209.10138450618481 188.95658784447144 347.88342207296 256.0084730858529 1.4424968 1.5703707 3.89121 -7.8808794 1.5445061 17.642887 1.588768 30.890060856850056 
Car -1 -1 0 588.324284378083 183.66352709022618 611.820844205632 204.7697688818048 1.4916224 1.5937238 3.8289075 -0.5531774 1.3819273 52.75087 1.5265809 12.381057092136775 
Car -1 -1 0 499.09210809015883 184.70815600570836 538.7869972877405 215.32912593009902 1.4944 1.5706389 3.6777873 -4.4825945 1.4696304 36.925114 1.5756325 18.36272266598723 
Car -1 -1 0 619.6039253089344 184.45237938173517 640.8122872336278 200.86329620318836 1.4672115 1.7327805 4.056817 2.0936403 1.3989673 66.31732 1.5472 3.0913141974419505 
Car -1 -1 0 527.545674178249 184.2345152259971 554.1259806420651 205.62574918329352 1.3973762 1.5151335 3.5752337 -4.5394797 1.3332807 48.85032 1.397983 0.9562967958580096 

