Car -1 -1 0 0.0 200.95453778354118 287.4351418068892 351.3209722077077 1.4540786 1.6159042 4.0225925 -6.1091194 1.9136307 9.768345 1.596744 135.8283879559056 
Car -1 -1 0 772.0440998515775 180.00162536465118 1106.0557311053556 375.0 1.5497193 1.665555 3.862911 3.0315106 1.644421 7.604574 1.5410585 97.75081871646846 
Car -1 -1 0 297.54912368751326 179.01909098191766 426.5021270636179 254.86122882371012 1.6301153 1.7410736 4.2823973 -5.9837956 1.8022186 17.999527 1.5726049 96.56147040119784 
Car -1 -1 0 538.3030482261208 178.4289641167701 571.4766236170174 203.15559402967642 1.4518248 1.7264512 4.0786633 -3.3886485 1.8179785 45.339413 1.5832615 12.430585151344607 
Car -1 -1 0 506.96847031381407 178.8299239384243 538.1310007129362 202.52764158532165 1.5512774 1.6169902 3.64264 -5.9916506 1.9807352 50.008114 1.60111 19.43960082482837 
Car -1 -1 0 386.17830535892557 181.4471536073493 462.8392203825272 231.81892263505978 1.5267434 1.5753185 3.9550376 -6.1853704 1.8424352 24.526478 1.5753659 22.667031264144896 
Car -1 -1 0 455.7715881551721 182.64010177121267 503.5471497856004 214.19265969762407 1.4144399 1.5986098 3.733344 -6.3113146 1.920062 35.39666 1.5921366 15.108162865242937 
Car -1 -1 0 966.328313494522 154.22590756486068 1106.774027711206 198.99954944399062 1.4602062 1.604961 4.0591187 14.703714 0.85268664 25.105408 0.42890972 25.49701960862286 
Car -1 -1 0 635.5495218878411 175.5393878293546 658.637299855052 196.51645044170456 1.5811514 1.6650996 3.7565978 2.9850585 1.7999122 56.831818 1.6633275 6.397515146061528 

