Car -1 -1 0 656.3182595029148 179.7745481550633 713.7308318521617 223.34461444563942 1.416155 1.6050168 4.278537 2.6638873 1.6888143 26.280792 1.5613718 62.889555410941206 
Car -1 -1 0 393.00177434789475 179.39020594116948 513.6871429909189 219.34448236551754 1.4599886 1.6300817 4.293211 -5.893139 1.7179573 27.570156 -0.04332871 46.41923238780483 
Car -1 -1 0 114.76674724736844 181.59054338150165 390.5070337805331 272.91335092926334 1.4744761 1.6242875 4.0684466 -6.143054 1.6390088 12.703779 0.035946734 51.31588420810681 
Car -1 -1 0 275.6419440335405 180.72100349703226 461.94461447981 242.65382269360842 1.4801099 1.6276069 4.1798086 -6.0063043 1.6888757 18.302845 0.014743304 51.867473437680474 
Car -1 -1 0 0.0 178.66961532820218 323.03157041637985 296.5990775827884 1.5303805 1.6147184 4.1508327 -6.4688325 1.6195972 10.256325 0.0025807866 104.35791477474933 
Car -1 -1 0 697.4048216046543 177.6718226114411 786.4333445971314 207.89776556127515 1.4412286 1.6308336 4.0562935 6.48823 1.6851056 35.609882 -0.049212728 5.3384266637311315 
Car -1 -1 0 320.5394461420166 179.92398504288215 466.0235379758513 229.07514491222793 1.4741551 1.5827953 4.103215 -6.7465754 1.7055118 22.749935 0.03441947 10.865450713667617 
Car -1 -1 0 480.5676474691869 175.0568412476487 544.7058030376144 200.98034770335045 1.5592318 1.6183934 3.8583884 -5.9611454 1.6984633 44.588318 -0.11043008 4.307078033471268 
Car -1 -1 0 340.7446957615453 173.55544135415155 457.93332039780296 223.47869609009126 1.6711977 1.606569 3.7046118 -7.255728 1.6966519 25.18277 -0.109517455 4.519202393675078 
Car -1 -1 0 653.8611427832687 173.24596054400868 708.0475388662504 193.17041649818282 1.4943203 1.5831838 3.8810694 5.4345703 1.5248145 55.14471 -0.10515451 0.3034655451774597 
Car -1 -1 0 682.0496303128165 174.97826005761823 750.9314928489335 200.8052088190011 1.504343 1.5961838 3.8038013 6.367797 1.6342995 43.164963 -0.0960688 0.25853240489959717 

