Car -1 -1 0 554.629576077955 179.27669196756096 639.2416871027933 247.4130319902568 1.5797156 1.6419919 3.7292767 -0.36610663 1.442022 18.642124 1.4026959 108.6557678525208 
Car -1 -1 0 181.37909062912124 190.9233033285574 332.5629883065001 273.1853449001002 1.389168 1.589371 3.9092062 -6.833054 1.5202537 14.466405 1.4364283 88.7310651555134 
Car -1 -1 0 458.9008802868942 180.12244068411965 510.8993760488599 226.76944303407655 1.5233201 1.683557 3.3888426 -4.2775626 1.356993 25.280834 1.4130294 43.99529345263351 
Car -1 -1 0 292.3275591217721 184.59951628891938 376.6201955880474 235.05223310412893 1.4498018 1.6104623 4.419322 -8.575795 1.4320953 22.96087 1.4234625 70.22747223669307 
Car -1 -1 0 368.6435289230404 183.41303631492985 417.4227606577903 215.09377802922774 1.4363744 1.6358752 4.2561326 -10.295795 1.3546435 34.81204 1.4338685 22.145174120491465 
Car -1 -1 0 182.33241439697588 184.38172416768137 273.0588027417843 233.5524230381363 1.4605618 1.5864916 3.5870814 -12.158508 1.4357895 23.258884 1.3919353 13.039816052962438 
Car -1 -1 0 356.1358767411765 179.88392347203296 383.98170573390826 200.01739978882426 1.5300993 1.5521641 3.6660526 -18.623266 1.1248963 56.56895 1.4016848 7.0584083932144335 
Car -1 -1 0 252.5465975838997 170.56806140661473 319.61605696672893 214.5650856519794 1.8743896 1.7643466 3.969845 -14.516181 1.2503616 32.714874 1.4289421 1.167417709875741 
Car -1 -1 0 454.9738088918648 182.38605909530708 491.2234706341018 214.66948770424744 1.4483082 1.5995632 3.474275 -6.4024744 1.3213642 34.115616 1.3598447 0.28972432017326355 

