Car -1 -1 0 667.9868756455227 181.34806257262522 731.2228155564368 232.71820113207102 1.4294307 1.5485799 3.9490395 2.748237 1.7202418 22.718601 1.5841508 97.99359127765251 
Car -1 -1 0 0.0 205.74251857962494 354.5874582805661 375.0 1.4097018 1.5583379 3.4103603 -3.807691 1.7983366 6.810627 1.5843604 109.42379003001969 
Car -1 -1 0 251.18752060961967 194.7790487991304 386.55312838112724 273.2530751502353 1.4478066 1.5817875 3.5383952 -6.3097568 1.9900448 16.073263 1.5736071 58.90087464160516 
Car -1 -1 0 777.2259949640326 166.2674973332006 919.582725585432 211.94050730995116 1.5177279 1.6897831 4.353013 8.180075 1.2988563 24.930355 -0.050386656 64.66820442761573 
Car -1 -1 0 872.3303636714162 168.62076291959718 1116.5491126472352 239.85331018846315 1.4563266 1.6749972 4.3883877 8.1796465 1.3697793 15.597483 -0.0038204049 113.17684827710109 
Car -1 -1 0 377.0823098600167 191.41047757123357 452.71535284503426 241.40968049073678 1.4099237 1.547055 3.9123428 -6.3156886 2.072764 23.79448 1.540136 46.160379404278245 
Car -1 -1 0 1024.4802495188899 153.4693240296326 1128.1246307672866 185.87823676094158 1.505735 1.5872543 3.8808215 22.18543 0.6051127 34.393032 0.039698042 16.02306635656377 
Car -1 -1 0 1065.7546668546827 151.92037939521484 1176.1511762651323 188.79827249870254 1.5542617 1.6158255 3.7471213 22.175545 0.67198974 31.359436 -0.0768612 23.027331341288882 
Car -1 -1 0 466.72032017507934 183.06983415067597 512.9397574541179 215.17665581145698 1.5594645 1.5560629 3.9873583 -6.3074174 2.1318297 38.38515 1.6367977 8.052932670317674 
Car -1 -1 0 1123.3226813002482 148.56039291509785 1242.0 188.6248009474983 1.5033402 1.6466874 4.080207 22.551172 0.591769 28.07614 -0.08920556 10.466057870346873 
Car -1 -1 0 829.8716015622289 154.85408676502547 1015.7366922034408 226.64642331110497 1.7807046 1.6829648 4.1020193 8.036821 1.3342428 18.756464 -0.008932391 13.079533286280723 

