Car -1 -1 0 689.7802753591933 169.72682349232738 895.098867613463 241.94294773746816 1.4485102 1.6514055 3.9606519 3.8639746 1.3857852 15.555673 -0.13411158 140.09683640232916 
Car -1 -1 0 637.0461989057904 165.94846142663914 741.2924211188765 209.48252810973497 1.5229264 1.6127826 3.4903834 2.8557816 1.281354 26.262089 -0.12701319 55.840977478482884 
Car -1 -1 0 105.43021138540131 171.22916035540572 332.1198721193794 250.66557269991682 1.6654798 1.6685859 4.14604 -8.596679 1.631413 16.177073 -0.10611587 95.87241274560232 
Car -1 -1 0 177.65856618133404 177.72948279410062 363.78841597442204 240.03541176132833 1.4992268 1.6183003 4.0497794 -8.60215 1.6323402 18.615719 -0.14019236 26.643478134160578 
Car -1 -1 0 0.0 180.9612598583908 226.00210507409687 302.4872189107579 1.553954 1.6262851 3.8044677 -7.8316946 1.6808673 10.325428 -0.083920695 43.59338867483301 
Car -1 -1 0 294.1272116989454 171.94413488128 419.3911875721538 213.97096961591944 1.4905376 1.6252034 4.1045537 -9.239714 1.4582679 26.629229 -0.11305113 45.5091235977715 
Car -1 -1 0 621.4512816734203 167.70164811366786 721.6393828277645 206.59388854087868 1.4857198 1.6215912 3.698166 2.417437 1.288895 28.60114 -0.1265714 15.87510374292316 
Car -1 -1 0 444.9014906084043 166.51761018350012 475.15485277613067 186.27630214695571 1.7023578 1.7028586 3.92595 -13.355026 1.1564305 64.30275 1.1108685 7.2400197529188475 
Car -1 -1 0 221.92535764259028 178.44879425844752 382.5830620891293 229.79382618157314 1.4489219 1.5768368 4.0949163 -9.026059 1.621752 21.419971 -0.039787136 12.466648319831403 
Car -1 -1 0 870.7249056213218 162.8981423421869 915.3845118757054 186.8814487828463 1.4877186 1.6708107 4.204254 18.481775 0.87014234 46.944862 2.2076259 4.888805430025958 
Car -1 -1 0 320.37849462891825 166.26994129333505 419.256051126648 205.04264116113123 1.6318384 1.6322129 3.8789077 -10.382549 1.354733 31.476416 -0.15673366 1.3551190714818357 

