Car -1 -1 0 719.668040816345 182.93724480789223 798.6618036551743 243.7433414250684 1.4389133 1.5873804 4.1882067 4.0149107 1.7473881 19.929716 1.6402854 74.35216263836539 
Car -1 -1 0 827.5406805200427 180.07053814688038 1207.3338998444642 375.0 1.5643401 1.6628368 3.753725 3.6216307 1.6559954 7.274246 1.5549395 93.62492885937513 
Car -1 -1 0 761.4835767476461 185.29510453337798 906.2078415770831 281.0873190659724 1.490479 1.6158717 4.164386 4.1039515 1.7662065 13.882797 1.6046908 75.56912601729533 
Car -1 -1 0 705.8942713525481 180.6383764931256 766.2168806588026 227.21377829729445 1.4792578 1.5159775 3.2801948 4.3332267 1.7678473 25.107409 1.5681378 34.07217213084326 
Car -1 -1 0 555.3481438035233 175.14713640360938 592.0716606541387 205.39035868992013 1.4866002 1.6065259 4.1960006 -1.8306584 1.6138132 37.90813 1.5987593 26.408875120736056 
Car -1 -1 0 690.4207255039122 178.2208621211432 737.7900055598218 216.59011167177684 1.5778708 1.5282831 3.3589702 4.5595484 1.8273592 31.844465 1.5465001 22.08107831965102 
Car -1 -1 0 679.8960139833259 176.42766065005762 720.2841596878557 209.43943186901038 1.5684289 1.582944 3.5904665 4.5253243 1.7579457 36.467255 1.5684888 12.726020683909223 
Car -1 -1 0 494.40592964351805 178.80430317991562 568.2785267976025 236.71945550242606 1.553098 1.5852296 3.7351153 -2.2550282 1.7474976 21.65794 1.6357996 7.566150972205599 
Car -1 -1 0 444.56819567235374 161.11862037149166 551.1220423509462 261.3498773232432 1.93782 1.691114 4.3921776 -2.3383243 1.710934 16.148712 1.5741 54.7390194063986 

