Car -1 -1 0 660.291419130841 178.0725240763047 712.0373325646335 219.8477817439984 1.3980095 1.5242729 3.565151 2.7364464 1.6016936 26.377293 1.574056 65.89462826210755 
Car -1 -1 0 701.9954470612495 172.94821116933997 850.9371966377164 280.8589522561063 1.6156023 1.6053249 3.561806 2.742685 1.6174893 12.629526 1.5138088 113.95408821260894 
Car -1 -1 0 317.8939260407009 180.60080000529607 472.2042251614779 230.28683108783926 1.4214151 1.59885 4.1641006 -6.3659277 1.6630242 21.698172 0.0028400624 49.65278854364827 
Car -1 -1 0 703.7196270305923 172.97968940587356 805.1034707426944 211.26108764099496 1.6193079 1.6837893 4.1322613 6.2517037 1.6249543 31.47134 0.049950916 21.939994502080328 
Car -1 -1 0 60.216003442002346 181.44997589126666 369.77887393769015 288.8562400602132 1.5169754 1.5994825 4.012374 -6.0217857 1.6623752 11.272375 0.067044035 76.91078403754646 
Car -1 -1 0 156.62367539426344 179.93363579572443 402.3175661547401 264.10060663012644 1.4950353 1.6149421 4.0296593 -6.256059 1.6409271 13.922318 0.07009085 46.582683679089875 
Car -1 -1 0 369.314116533026 176.5725006853916 495.58046980334586 223.90941326026174 1.5018057 1.551717 3.7776442 -5.787491 1.6288803 23.838818 0.022821404 17.984096429034466 
Car -1 -1 0 400.04317803710194 177.56818832031684 508.5070212706054 215.59610846448217 1.4516189 1.5625672 3.9437003 -6.173515 1.6470463 28.857796 0.14265507 3.2683874214050745 
Car -1 -1 0 251.4994187156803 175.67161465374653 419.9696775683506 235.260897153283 1.4952424 1.5826094 3.8322754 -7.1161385 1.5725518 18.989548 0.008715692 3.630644694744911 
Car -1 -1 0 628.7557983873775 173.4816705190707 648.8864472894611 192.0670191405568 1.4954691 1.6055946 3.7392032 2.4099157 1.5493678 60.072742 1.592791 1.2913513687764735 
Car -1 -1 0 375.46207423726014 173.57595095484874 487.4144237964199 219.91837528988464 1.6319108 1.5593113 3.665545 -6.4670634 1.6592617 26.38666 0.094282575 2.641240410539567 
Car -1 -1 0 193.61313741227852 163.57765618341983 400.6354091792222 249.61492879389888 1.8262682 1.6773324 3.937087 -6.899949 1.629364 16.241451 -0.044676326 1.0831188442466846 

