Car -1 -1 0 763.8096050896287 173.12047775103818 1232.1983210442756 375.0 1.6687744 1.6388332 4.0807524 2.6199245 1.671783 6.0785265 1.5356041 132.0341775013122 
Car -1 -1 0 649.7865333143176 178.42824769372442 684.8101728637192 207.07506936398053 1.4701357 1.6025178 4.125304 3.1424665 1.794288 39.89529 1.5698217 21.946201416624845 
Car -1 -1 0 154.0934756016936 188.78068800451433 400.1973476679883 268.753024017882 1.4469621 1.6407062 4.1254797 -6.450771 1.781651 14.2838335 0.028505914 63.76492763958575 
Car -1 -1 0 0.0 191.7527856372902 304.0548552402837 318.5291277876564 1.4487762 1.5655282 3.8693128 -6.2700844 1.7214375 9.468166 -0.083709 77.18836475922546 
Car -1 -1 0 219.09745783193029 184.49238323369573 405.2163586102884 254.74477193234466 1.5151525 1.5763159 3.6466584 -6.7692213 1.7971401 16.658392 0.019649327 14.634531630708121 
Car -1 -1 0 376.39138283370244 183.26170705043805 503.5338381345869 229.91593245991018 1.4735227 1.5653429 3.845996 -5.61697 1.835043 24.133501 0.07777521 21.271709981801404 
Car -1 -1 0 325.22743976928933 182.1435817200676 461.67845847747355 235.11025882188076 1.4938747 1.5622498 3.6649609 -6.5202136 1.7904234 21.892056 0.20720318 6.015560865624767 
Car -1 -1 0 408.9294646679985 179.96348010648293 510.8292169932122 218.5329912080357 1.4969704 1.5505091 3.8039927 -6.130852 1.8010645 29.655848 0.2408344 4.687494254830818 
Car -1 -1 0 522.7234544075463 172.57915378027107 549.816379463342 196.87054174114556 1.7773536 1.6421463 3.9309106 -5.525571 1.7572434 54.76219 1.5747415 1.732902222395158 
Car -1 -1 0 444.697451359816 179.25393319872504 535.6632959688019 212.3727709634741 1.5081792 1.6383101 3.976013 -5.6207294 1.8204191 34.2199 0.08370523 0.8753636881912396 
Car -1 -1 0 390.7715394465937 182.25560972510254 512.1664669517795 223.99869110990264 1.4640961 1.5833037 4.112211 -5.825142 1.8266227 26.796066 0.11711753 1.188801206701412 

