Car -1 -1 0 677.4626794834941 169.50569320939078 772.6565079611438 242.51436117087687 1.5988044 1.5881035 3.536915 2.7049136 1.5254803 17.60842 1.5184411 109.26406335289978 
Car -1 -1 0 743.4375667985558 183.02158147566797 1020.4318954767081 357.26922771496453 1.4894907 1.6231422 4.0614204 2.8076882 1.6376009 8.458901 1.5440722 105.76682029553707 
Car -1 -1 0 651.4164050330797 173.50905682999525 694.7334285592168 207.44089092503444 1.3884026 1.5436316 3.5223606 2.7078457 1.4184773 31.35943 1.5622293 44.44880452469569 
Car -1 -1 0 375.17295537861685 172.66665297780264 496.1409326815401 213.69907143715233 1.47022 1.6041672 4.0807457 -6.3607535 1.463507 26.666452 0.0054817004 25.343050817903492 
Car -1 -1 0 233.72587812372487 175.42878965699475 440.2098276490992 247.70498536672136 1.5127959 1.6322994 4.0678363 -6.06807 1.5747018 16.263798 0.13591576 43.34556069231262 
Car -1 -1 0 416.5978379791925 171.0642629083499 516.4615323217773 210.56302218607897 1.5302017 1.5541904 3.6723557 -5.6422024 1.4608662 28.736774 -0.0037866582 21.756277333790845 
Car -1 -1 0 279.29953426090515 173.74628068675148 453.3653477415605 234.22119781397188 1.4958986 1.5902567 4.01532 -6.2897444 1.5204608 18.86967 0.10049238 25.080037850814247 
Car -1 -1 0 493.47929996473795 168.59558887942273 527.9782176270605 196.9892119094621 1.4822588 1.5650733 3.939606 -5.3865814 1.2599528 39.676888 1.5158877 3.128732134693547 
Car -1 -1 0 296.93056656870993 160.53215202581129 449.6043829661523 223.97923118471033 1.7842265 1.6787887 3.943022 -6.8419743 1.4377177 21.179789 -0.02533677 0.7565118039086766 
Car -1 -1 0 473.37217041016197 164.00172576449694 537.0447855611608 189.91773320221748 1.6776705 1.6170238 4.104471 -6.89695 1.104619 47.796047 -0.14020275 0.26065555214881897 

