Car -1 -1 0 561.2973936089077 178.9023837365024 615.7701899487843 228.68259220211914 1.5369606 1.6819988 3.217402 -0.585912 1.3420374 23.808466 1.5646561 40.555482177508324 
Car -1 -1 0 466.359923047273 180.31252542338876 539.8815222299274 231.10552053836932 1.4758408 1.7120571 4.0643163 -3.2161572 1.3333743 22.929138 1.5825322 53.17545130301417 
Car -1 -1 0 408.4243300778081 181.5484998922109 457.92324893154375 213.87834524559517 1.4635154 1.6019726 3.8551204 -8.284904 1.2975078 34.503162 1.525558 49.429972207375954 
Car -1 -1 0 374.5565569767434 180.4769850710092 418.4261719526488 205.37864907390465 1.4326761 1.586499 3.9229107 -12.642699 1.160042 43.339737 1.5446216 13.74982603522174 
Car -1 -1 0 38.13651305224697 189.14516402092767 198.82091445178511 250.95998318005297 1.3768386 1.6049609 3.688086 -12.104721 1.4860227 18.111244 1.5466363 22.579970846853094 
Car -1 -1 0 457.10570581748567 178.06748493333254 489.30785217293067 201.7640942568801 1.5030947 1.5437744 3.6763449 -8.803956 1.0496778 47.458187 1.5406806 6.805286611272709 
Car -1 -1 0 190.93818242393493 172.03057106142546 458.13167489213134 346.2550129870546 1.6729946 1.6908906 4.16873 -3.1480398 1.5463841 8.989952 1.5740671 76.61057585987575 
Car -1 -1 0 294.03139663932416 178.69181337595938 390.9183322709616 238.56937203066033 1.6337445 1.6076698 3.645257 -7.7756352 1.4557419 21.45145 1.5517066 2.086766347904223 
Car -1 -1 0 254.10948067167263 185.9356532592145 328.4166496048317 226.45169448117397 1.4980893 1.537548 3.4783442 -12.396423 1.5283222 28.414793 1.5258417 3.3337184285509696 
Car -1 -1 0 530.419570797558 179.70188625423737 558.0751007107085 202.87803423092242 1.5102099 1.6061399 4.0396876 -4.323276 1.1509175 48.96199 1.4155704 0.2611725926399231 

