Car -1 -1 0 690.1708709345413 182.3350634253966 798.0643256310861 259.8037101727788 1.4331981 1.6087898 3.75347 2.787444 1.6642187 15.695808 1.5596735 107.70277296842475 
Car -1 -1 0 656.4013208315287 174.52529226388867 710.6676923135803 222.49736164498856 1.6286072 1.6331749 3.9425673 2.6539974 1.6948328 26.61236 1.5802782 54.31254243896327 
Car -1 -1 0 150.12445511763357 177.83406897865748 398.212135127406 260.50260180243015 1.5036194 1.6496773 4.139666 -6.477527 1.6081496 14.191717 0.0628254 125.00599584559063 
Car -1 -1 0 0.0 179.76943184185834 248.56689788419106 310.3936631767173 1.4983122 1.5973817 3.7761672 -6.9341 1.5967872 9.325711 0.081039384 22.40990898773158 
Car -1 -1 0 637.1537053305407 175.02114319238575 671.7387932333855 204.10689457023554 1.6042988 1.6194586 3.5706518 2.564336 1.7355968 41.892406 1.5221901 22.068080256423844 
Car -1 -1 0 649.5656968102757 175.32456899415112 692.2371900909562 214.0843769363465 1.6211889 1.5849625 4.0104704 2.6987424 1.7391422 32.441975 1.5726812 9.919954826146467 
Car -1 -1 0 383.7325325255003 174.41201973753166 498.1482056813403 219.1990976888955 1.5996647 1.6593719 3.8915732 -6.1787887 1.6594027 26.750196 -0.04442435 19.96344508262548 
Car -1 -1 0 276.16815105007004 167.9880988149286 452.1429328474529 239.22956220513126 1.7994006 1.7225759 4.0748987 -6.411705 1.6764987 19.140629 0.027107213 53.68727024325189 
Car -1 -1 0 357.4160737436175 179.45719415544067 484.80411038853845 225.4504132006936 1.4664519 1.5554038 3.8304665 -6.2305026 1.6947012 24.094805 0.036059447 7.4374887357145765 
Car -1 -1 0 318.10485743164963 177.76595422774437 464.00026720902116 231.27673547395491 1.5259999 1.5595762 3.8885467 -6.4880724 1.6794736 21.643206 0.063300684 0.28356966376304626 

