Car -1 -1 0 385.9152973457098 192.95294113932627 461.47196815613955 242.8777254470772 1.4746479 1.5517249 3.5119867 -6.228821 2.2076614 24.531416 1.6074615 63.32881865607668 
Car -1 -1 0 654.9310901023257 178.08436407233944 711.7634098567975 222.3589898094421 1.5735102 1.6176496 3.7021115 2.7912712 1.7901338 27.987461 1.5108781 67.58796074090709 
Car -1 -1 0 428.6766515373682 191.54765695845853 490.69285047011664 232.02871065485374 1.4669158 1.6402019 4.003272 -6.155493 2.2977543 30.04301 1.601272 41.88417092687292 
Car -1 -1 0 30.58204383851708 207.1329548864116 126.39288602468376 246.58949870420992 1.4681987 1.6221889 3.7420106 -23.47432 3.0820806 32.065132 1.525969 15.793611772113374 
Car -1 -1 0 0.0 209.61084205655928 79.35458648076796 250.41021166562228 1.5105175 1.6235054 3.827236 -25.797194 3.2484968 32.16935 1.5271277 22.472278599691887 
Car -1 -1 0 80.01133334790941 204.55912406254583 181.8781470606458 244.6584310974938 1.4511747 1.684451 4.160148 -20.735949 2.9259315 31.481918 1.571006 28.647246129828538 
Car -1 -1 0 471.2606350267199 184.75169012510358 516.5556806756131 217.89246277933844 1.5970963 1.6140426 4.3132477 -6.106266 2.2680898 38.514214 1.5987362 9.911805512418068 
Car -1 -1 0 145.68826176212465 202.88822312281894 239.24767639792623 243.48462778144707 1.4862952 1.6470717 3.9061704 -18.009344 2.8751318 31.368275 1.6279444 6.385600516049761 
Car -1 -1 0 535.1551437050581 184.8500993047165 554.0057110097206 201.56088591560413 1.5291805 1.6193974 3.5791574 -6.320033 2.7304606 70.44173 1.5415025 2.2567521543102442 
Car -1 -1 0 517.0831009413183 184.08863254459308 542.3997487437538 205.72306437013066 1.4991974 1.5563285 4.185205 -6.061391 2.3819633 54.49186 1.3770226 1.3407062584221716 
Car -1 -1 0 834.1961390039774 166.7613466848554 880.7472926279363 187.1497292065793 1.4419377 1.5954771 3.9300654 18.183455 1.0110437 53.093086 1.4182863 0.2936285436153412 

