Car -1 -1 0 536.918215519981 188.74767283281741 679.1586732191709 276.3282993428374 1.3741003 1.5637891 3.6913347 -0.1721589 1.7277268 14.050749 1.206626 118.67612367207727 
Car -1 -1 0 436.4143518440611 180.6525941064782 493.6710147172709 221.3463983182971 1.4363592 1.5888958 4.023659 -5.7638197 1.7673333 28.459549 1.2118454 60.589051822416266 
Car -1 -1 0 252.92846970315753 182.71462449669318 295.4903433335239 214.76451225430603 1.6482551 1.623454 3.841586 -18.741169 2.2294412 40.454956 1.2814387 30.694273199387005 
Car -1 -1 0 0.0 200.8839244756843 178.96633261464254 315.7864714189296 1.4526433 1.6137713 3.6467495 -8.47504 1.9995897 12.086731 1.1907473 70.21046684760303 
Car -1 -1 0 421.536244676458 178.28873280528592 468.27655641890937 214.47611629414143 1.5610355 1.620625 4.1258616 -7.8137856 1.8338723 34.00698 1.2149156 16.826382063611767 
Car -1 -1 0 621.1894330193586 166.6821496105318 711.9948704885859 205.50262136221704 1.5512183 1.5945022 3.4855049 2.3948894 1.3045986 30.181164 0.35213074 37.507324746962894 
Car -1 -1 0 565.2951810368089 172.91093314139195 653.9743553945895 207.01559152397908 1.6412945 1.6249157 4.156255 0.020887613 1.6442392 36.02529 0.24749579 2.699829211556553 
Car -1 -1 0 409.67993479706143 177.569050090711 430.53940916106785 197.26687591555276 1.5796058 1.6350996 3.6075442 -15.974381 1.9894273 60.756626 1.2962778 1.0681168404305783 
Car -1 -1 0 1112.9311421620203 158.14927182729872 1242.0 254.32681324579744 1.4198651 1.5531905 3.526506 10.125383 1.2027798 12.57872 1.9826217 1.2636988637412598 
Car -1 -1 0 173.17534640139917 180.29560918510356 208.54401219544468 202.86220616171946 1.4713145 1.5927455 3.6733184 -29.17619 2.011371 50.363308 1.1983796 1.3922585890414625 

