Car -1 -1 0 57.89418200416084 200.8836037577566 305.2051174748287 329.4668057674529 1.4594561 1.521879 3.482797 -6.0697308 1.9448333 10.727351 1.6061753 117.02513466109453 
Car -1 -1 0 257.9683400511592 193.70966574619612 406.45763731834273 273.0823223263543 1.4403961 1.6452272 4.1652107 -6.0574017 1.972719 16.30906 1.6024181 102.81793104096353 
Car -1 -1 0 705.2460061366256 178.30069140823807 843.3834007349824 271.7466140443414 1.5426607 1.6860294 4.0560474 3.0513692 1.6653628 14.202733 1.5413617 95.74728300244804 
Car -1 -1 0 391.8366064494803 178.15386108903263 471.3451539597925 233.49188868716155 1.6892793 1.7020729 4.284308 -5.9468355 1.8857191 24.591137 1.558166 71.97742470530281 
Car -1 -1 0 442.05827041435725 182.8515663384602 498.7758668379005 222.5296317553974 1.5522673 1.6123059 3.9646592 -5.946084 2.012751 31.23446 1.5924011 7.477722497538777 
Car -1 -1 0 521.7728906799293 180.09524667948278 549.0375307090219 199.74768142320116 1.4527677 1.6982236 3.9514184 -5.7988763 2.0425835 56.785957 1.581803 4.000101334469927 
Car -1 -1 0 558.3959733904223 180.057422874614 583.9931873564568 199.8881343050737 1.4579585 1.6526629 3.8937836 -2.9681094 2.0413659 56.4607 1.6088096 4.092602617404756 
Car -1 -1 0 637.3083917781017 175.58871711554332 656.0966660476279 193.09738707977633 1.4731276 1.5951567 3.649334 3.2650392 1.7195959 63.160492 1.6300492 3.2254588745695183 
Car -1 -1 0 682.6904385025636 172.9226889682105 705.1227120097651 192.29566764316897 1.5006398 1.64953 3.7707016 6.732332 1.5063318 57.84952 1.6505814 0.31127098202705383 

