Car -1 -1 0 310.3531694721767 191.2326518271555 440.19147965539173 261.55054046410936 1.4606316 1.6874986 4.4046288 -5.7814603 1.9865013 18.402706 1.6221347 115.0060172043338 
Car -1 -1 0 731.1611441833043 178.0014692501779 890.9591949755425 278.86362068801986 1.4441363 1.6312547 3.9944916 3.2815266 1.5478926 12.5396805 1.5621865 102.16671884028831 
Car -1 -1 0 695.8817936875221 175.99820545216704 791.0831462204221 245.08144825462293 1.5150149 1.6325305 4.105753 3.2175748 1.6026951 18.065819 1.5736719 63.71172746801654 
Car -1 -1 0 49.48153487819542 199.6771783164466 322.1174846241444 331.31538132336465 1.4317647 1.6375797 4.219243 -5.9583097 1.9128714 10.825866 1.5631742 114.77150976112364 
Car -1 -1 0 397.348819983083 187.44346194495026 472.94431229043136 237.9854072451942 1.4914473 1.5360276 3.6650763 -5.760967 2.0188358 24.223806 1.606479 45.68279480559337 
Car -1 -1 0 455.72222987559695 183.47510000918345 515.325210276832 219.30790953579285 1.4818193 1.6612408 4.135132 -5.6338997 2.0027356 33.24765 1.6713213 29.654840088163855 
Car -1 -1 0 1030.1094258859014 141.83708932859537 1242.0 247.0200271784055 1.5493066 1.6088512 3.77142 9.066662 1.0924387 11.560317 -0.06889331 93.00390115796048 
Car -1 -1 0 670.1308581981241 179.2783225401649 729.8205502215726 220.36246028577565 1.4469204 1.5670314 3.8007288 3.4300456 1.7134321 27.97786 1.4938031 49.04187546735358 
Car -1 -1 0 909.6165942855262 156.02337598866507 1160.3731193895037 234.6558061462486 1.4583917 1.6042219 4.0801206 8.314618 1.1462349 14.302389 -0.058525924 59.37703685574985 
Car -1 -1 0 648.1780293164106 177.17075892406774 682.1617148187107 204.87390662530234 1.5291305 1.5742676 3.7302217 3.2176561 1.7935781 42.309254 1.5341542 10.546890218771216 
Car -1 -1 0 0.0 166.9227070673168 208.04950599301011 247.72712717317924 1.7149849 1.5876038 3.7149718 -11.300873 1.5890996 16.20531 0.05320897 0.2708997130393982 

