Car -1 -1 0 586.3151569561954 173.57902937256165 649.8176813431837 222.2630045741131 1.5656328 1.6318163 3.546696 0.2250678 1.5927843 25.140432 1.4113046 93.16947219073556 
Car -1 -1 0 785.9742405868573 178.592413873096 1199.299281643002 375.0 1.499399 1.5644304 3.298327 2.778799 1.5613726 6.0900755 1.4969366 101.93994646655256 
Car -1 -1 0 225.64421748610343 185.36749961296474 374.17909987434814 278.52990035729107 1.485764 1.6350777 4.209111 -5.9073563 1.771688 14.291695 1.4368203 69.56274813875285 
Car -1 -1 0 55.22871005764841 195.70650396928198 314.99534365849576 346.9577192869734 1.4024816 1.55871 3.5863018 -5.036995 1.7514126 9.137709 1.4402752 59.82917979058103 
Car -1 -1 0 404.9808803674004 181.22676039440248 452.5106594457109 219.9084345705303 1.4853247 1.5736182 3.6066284 -7.5612354 1.8603432 30.422306 1.4305346 35.03909555220098 
Car -1 -1 0 564.3356988116994 175.2987539450351 602.3025252642354 207.54451006865906 1.4863255 1.5364118 3.3273687 -1.3235362 1.611783 35.275585 1.4363343 41.114021462909506 
Car -1 -1 0 658.2130432963222 163.48908093298994 810.0597410723587 268.8426589080736 1.6329532 1.615671 3.6046796 2.0877922 1.4877993 13.094511 1.4051698 99.1977512218972 
Car -1 -1 0 425.7602408158849 175.59880967849887 464.641198251833 207.64686140876304 1.6412923 1.6363447 3.9490964 -8.909948 1.7988253 39.357754 1.4589366 11.584383989535867 
Car -1 -1 0 545.8980885385317 175.1449980267487 572.7751698387101 197.9431289038091 1.5336882 1.590868 3.8176627 -3.5792627 1.7018304 50.94925 1.4206514 4.710020584585024 

