Car -1 -1 0 680.7770796418838 176.35423587466872 779.7980731535772 261.4646099756688 1.6918297 1.6601827 4.108338 2.6325688 1.7823099 16.582283 1.5894623 106.33791699352015 
Car -1 -1 0 661.8386224094181 182.33352107735604 733.7862131835453 236.5276539115315 1.4800683 1.6101031 4.227829 2.6591651 1.8049674 22.591694 1.539398 34.84107570639999 
Car -1 -1 0 645.9850950022114 177.84679953298001 694.5032708713372 217.8747629563305 1.6283002 1.6490467 3.589816 2.6026525 1.859971 31.644718 1.5187457 39.1348229411689 
Car -1 -1 0 170.36668996039015 189.48069386707658 400.2693362139578 271.4575726230409 1.4717677 1.571842 3.7745674 -6.1941643 1.814039 14.063835 -0.0018931564 55.02584985050821 
Car -1 -1 0 226.70520913946905 177.77364321937407 431.33655118096726 253.4157053934947 1.6366818 1.69049 4.1027145 -6.3624425 1.7573986 16.722378 -0.06792352 43.22703775738201 
Car -1 -1 0 634.5294973527037 179.73095210616094 661.5841920647518 204.87564318277222 1.4882909 1.5308993 3.4563706 2.3890707 1.9373574 45.38536 1.5748072 6.238684852711978 
Car -1 -1 0 43.05840661180035 191.36307447415 352.94641619959265 293.51819734227814 1.4760271 1.5771723 4.054241 -6.4227295 1.7947791 11.579077 -0.028886793 9.788238127958577 
Car -1 -1 0 470.09498844894995 180.68760672346798 541.1730449510991 206.8403908610469 1.5023408 1.6266268 3.947266 -6.1420107 1.9777832 42.890396 0.04520351 4.450102045043074 
Car -1 -1 0 401.4022047739257 182.86792479018698 497.9112830621061 221.09460048401056 1.5264319 1.5851985 3.6610727 -6.605293 1.9545414 30.04049 0.0074894154 4.031409248337233 
Car -1 -1 0 0.0 160.7964746582645 293.84498752758975 325.82009077924045 1.8698075 1.7313466 4.2568927 -6.4647155 1.7331891 9.044275 -0.0014975601 21.469803229230227 
Car -1 -1 0 351.8988570457714 184.7210344845787 468.75685888981826 228.67568508132345 1.496933 1.5841601 3.8968632 -7.1395674 1.9440975 26.158691 -0.12550756 0.31348276138305664 
Car -1 -1 0 420.37509398799676 173.5153384932543 507.9147869884494 211.73804882193332 1.8180115 1.6775134 3.9146955 -7.0549936 1.8511317 35.242516 0.027706927 0.2513134479522705 

