Car -1 -1 0 641.5326951188094 175.83368824231206 724.95579959659 233.08402708055647 1.4260067 1.6233201 4.3923926 1.9654949 1.5197585 20.454237 1.5001919 74.92376676123699 
Car -1 -1 0 229.3480833151469 183.8429073046416 423.8463446044535 247.5525051511716 1.4192996 1.585523 4.0209823 -6.6529875 1.6944615 17.217327 0.028614877 50.57362013204762 
Car -1 -1 0 626.7854555234751 172.90369134617083 661.2795832183907 204.39179463424296 1.470119 1.5202367 3.4408784 1.6509572 1.4726764 35.41498 1.5682919 18.343745781853883 
Car -1 -1 0 307.60208136821626 176.85031438880745 441.5729772674731 228.42154686750527 1.5218127 1.5728337 3.620842 -7.220441 1.6507412 22.356422 0.07608259 36.132563677830845 
Car -1 -1 0 148.82419199832862 183.45951545238276 383.51676044541153 259.64780691629016 1.4399766 1.5936279 4.0123205 -6.851472 1.6675693 14.673498 -0.006878524 82.89987087589894 
Car -1 -1 0 386.3178601476748 174.264631423423 485.4764482513156 210.99285840793593 1.5512558 1.6373253 3.918474 -7.615387 1.615675 31.758476 0.20023593 8.73351126423436 
Car -1 -1 0 620.7172943199124 171.76067977812306 654.556010284689 199.5412167437879 1.4879534 1.60238 3.7778656 1.5351146 1.4293939 40.566925 1.529165 1.7669498253664049 
Car -1 -1 0 493.43185268955756 172.25596117988312 519.9582939822354 195.37643637369163 1.5250101 1.5983118 3.6936157 -7.0957985 1.4855636 49.56002 1.3728449 1.8375912217862465 
Car -1 -1 0 414.8148072931369 170.96670510593873 498.2708701339787 201.43621853552975 1.5772223 1.6822067 4.219416 -8.089113 1.4795283 38.441303 -0.122031786 1.277582570310078 

