Car -1 -1 0 622.4182883016888 175.34220042714014 667.6927354297668 206.3868951081564 1.4464808 1.5445421 3.6069808 1.7102718 1.5765787 35.82505 1.415343 61.572929541905715 
Car -1 -1 0 742.2472079838559 175.83421788440953 857.7443636817936 223.34422710134672 1.4037157 1.5362667 3.6050227 6.1104507 1.5088322 23.505934 1.0416673 74.18018694299441 
Car -1 -1 0 611.0162487939439 173.28160161068044 637.8208126068439 197.91088724186113 1.4751662 1.5358698 3.7241416 0.89562076 1.5030384 45.156822 1.5531304 7.128281026442947 
Car -1 -1 0 151.84083474741027 174.68376545957815 358.9580896542171 257.1542183860112 1.5769835 1.62662 3.4115956 -7.079756 1.6162921 14.667417 -0.011774864 77.68963531954492 
Car -1 -1 0 423.61351899237366 176.5672932752161 500.60598988868355 205.4904393211733 1.4881525 1.5737902 3.7442424 -7.7478204 1.6883903 38.118088 0.0019616093 7.04016335688916 
Car -1 -1 0 463.66087330736303 174.87789606931204 527.2776689800729 197.91436601374426 1.524555 1.6541998 4.000765 -7.6892204 1.6641105 48.833004 0.046886895 5.268754118619333 
Car -1 -1 0 392.00179175205886 174.09934152533762 488.166943821032 211.09409406309388 1.55406 1.6427723 3.7928226 -7.2776523 1.6094447 31.228722 -0.020837197 10.660553483366586 
Car -1 -1 0 207.41042212686065 177.97094090544127 401.51987109348704 246.58655066888068 1.490616 1.5981233 3.7936842 -6.914844 1.6142223 16.613136 -0.009239744 8.4079655047254 
Car -1 -1 0 436.0061958092027 175.74105594199307 507.3620001546276 201.82883815881738 1.5197768 1.6029456 3.9179044 -8.212339 1.6961164 43.154106 0.059760258 0.520429790019989 

