Car -1 -1 0 398.72831419395766 181.94675386217156 500.825112758137 250.62145342215308 1.4744632 1.6038643 3.6089208 -3.650757 1.4042782 17.252111 1.5881317 95.80069297856892 
Car -1 -1 0 27.59587681863916 190.37012952381116 247.02088134534515 279.139690502981 1.3819689 1.571057 3.8132055 -8.415737 1.4911523 13.319899 1.5715902 71.25056954384485 
Car -1 -1 0 357.5636548166843 182.18514775751837 421.14794313824154 224.63502304619695 1.4342247 1.5244741 3.4832003 -7.8260894 1.3318336 26.08876 1.4837592 25.87494451943007 
Car -1 -1 0 247.2600024908175 175.07963019621158 369.4105990233823 243.85968563124152 1.6691694 1.633491 4.0230527 -7.918128 1.4231851 19.456919 1.570842 78.24650510345461 
Car -1 -1 0 576.0555422813638 177.63203045346424 616.7479610602561 215.04476233047768 1.5266454 1.6610997 3.3272352 -0.4687407 1.21719 31.010931 1.5536065 27.462523648655207 
Car -1 -1 0 493.9357554904812 179.72173759108475 545.7892277182544 218.06174157702094 1.4688997 1.6234498 4.185091 -3.5247664 1.2584126 29.634861 1.5722475 58.73564962251069 
Car -1 -1 0 123.15279237836721 185.65336014311305 255.19805068164874 237.8581269475277 1.4055185 1.6487036 4.0159836 -12.263878 1.4197838 21.40921 1.5541644 24.998275832865428 
Car -1 -1 0 461.2001886008848 177.404591564563 495.6865915973996 203.24317316239197 1.5229063 1.5776397 3.7460425 -7.8831034 1.0625256 44.26876 1.5351626 8.508354405432545 
Car -1 -1 0 297.9693537295741 157.56701741971065 349.9104499468386 184.09570690838956 1.5178192 1.5596609 3.9287686 -16.976513 -0.07047291 43.26371 1.5763335 0.8246699489654423 

