Car -1 -1 0 313.1301561662553 191.5626480872537 423.1130031982589 259.94039292549854 1.4712995 1.5509232 3.7918196 -6.0327296 1.9991653 18.460972 1.5690413 66.81909850704045 
Car -1 -1 0 193.438735368292 198.28689834808398 367.59433905177775 295.73311274113075 1.443438 1.5794728 3.8585005 -5.986741 1.9926811 13.641527 1.5561104 119.38455632472721 
Car -1 -1 0 446.7971457059602 187.80817953635133 503.83326897503173 223.8953397054477 1.4064537 1.60573 4.232699 -5.878973 2.1149602 32.041588 1.6066786 30.518917390901127 
Car -1 -1 0 667.2175916341133 174.37141482262788 727.3329119482637 219.1220561836396 1.4979813 1.5674114 3.9984813 3.1172805 1.5575889 26.316975 1.5338879 26.0871088168572 
Car -1 -1 0 844.0925566811129 151.84550494317605 1015.4928028691037 208.43703308018453 1.5340815 1.6709263 4.119552 8.979419 0.9645837 20.442743 -0.023346793 94.04956156902672 
Car -1 -1 0 385.67952902986923 189.78925951457552 467.1185275802649 237.79561772790544 1.3892677 1.6346629 4.0833173 -6.0780563 2.010148 24.393444 1.5933515 40.13997653282897 
Car -1 -1 0 838.4961860224298 152.1430259768468 981.4488880422239 203.51113190368665 1.5721853 1.6445018 3.8758452 9.50369 0.93829983 22.999105 -0.048659608 24.64653328590199 
Car -1 -1 0 756.9048241587974 164.98913201656666 876.3610744246149 204.85703710510919 1.504816 1.6900094 4.169589 8.059628 1.2079561 28.270023 -0.09329376 21.221553676416345 
Car -1 -1 0 801.010062454392 160.74059043163027 934.4027285834677 204.7402354623969 1.4874339 1.6604886 4.1373425 9.070068 1.0779328 25.492287 -0.13456967 14.940069687956573 
Car -1 -1 0 1146.8941060496336 137.55932128740466 1242.0 177.7649906169767 1.5074084 1.5762763 3.849574 23.27117 0.18412484 27.909586 -0.036251277 9.059788201234763 
Car -1 -1 0 658.0866702756891 174.93254583722253 702.7374864650905 212.24649273847794 1.5321395 1.5944805 3.9171808 3.062601 1.6294129 31.806242 1.5736858 12.615946462702349 
Car -1 -1 0 646.7789796584782 177.39986175069922 681.3299301840548 205.7087152274272 1.5389682 1.541569 3.6377194 3.105229 1.8132423 41.677704 1.519129 1.0664526410214141 

