Car -1 -1 0 679.6812856150476 183.6792415730957 760.7379313913631 242.5344029754453 1.402192 1.50596 3.3845654 2.867587 1.3655868 18.838781 1.5431786 86.94349478274478 
Car -1 -1 0 428.05346746829775 179.90493953259377 501.0582007679079 232.44055623158616 1.5017871 1.5725908 3.4001112 -4.3292356 1.3499733 22.252539 1.5748985 109.3256200949596 
Car -1 -1 0 54.251576002064525 187.34487644441526 270.75307461722514 276.96221591157996 1.4205393 1.6091281 3.9215906 -8.02788 1.4662085 13.453496 1.5765605 77.5407319524875 
Car -1 -1 0 201.0777021829967 186.5519229368818 438.581246635739 322.60595384829287 1.4878459 1.6413492 4.15932 -3.6469684 1.5102708 9.983067 1.5691631 102.92393733684655 
Car -1 -1 0 629.2421266776017 177.70584631092277 656.615268670306 201.57508859006467 1.4727597 1.6104923 4.1425934 2.268766 1.0093932 46.434933 1.5826409 16.12749958699104 
Car -1 -1 0 381.9043986828527 171.58196530850884 442.0952830444543 211.70838745564052 1.6896408 1.6299464 4.0100603 -8.680501 1.1155524 32.278225 1.5662895 28.829322003496163 
Car -1 -1 0 585.4213438640705 177.55977379403905 613.837686231901 204.05657034422433 1.4906918 1.5990789 3.8075957 -0.45361668 1.0599747 42.35779 1.5559726 13.151173071903477 
Car -1 -1 0 519.9862284295332 176.76327086478182 553.0880792810734 201.05418115088065 1.4875298 1.5726254 3.652451 -4.469099 0.96991897 45.88646 1.623433 10.020728912442948 
Car -1 -1 0 494.64731883607016 179.39222051002517 534.5249190271695 210.0581627802068 1.4221072 1.5418347 3.5473914 -4.475007 1.1520483 35.121414 1.555779 21.28816409383815 
Car -1 -1 0 573.4505784812884 176.95804363898466 603.4620320054868 198.86203565209618 1.4781883 1.5740733 3.8008184 -1.2786131 0.92092144 50.49237 1.6898911 1.8869576389580407 
Car -1 -1 0 274.2804786381661 183.5316106720881 377.5317016747813 236.02568543223018 1.4672768 1.576175 4.0044374 -8.505381 1.4202044 22.102448 1.5801448 4.039100171824393 

