Car -1 -1 0 753.1505950225578 179.7989389738547 849.4028538486467 240.1311865443183 1.3744942 1.7367893 4.2207146 4.933059 1.579358 19.111258 1.6506159 61.38542561008427 
Car -1 -1 0 663.290657211043 179.8066911014105 730.8073242485628 233.77543437329152 1.3560131 1.5809507 3.4895425 2.3851147 1.5691602 20.352385 1.6007401 41.71670123885188 
Car -1 -1 0 276.1484443666567 198.22600555445885 404.66282458073096 270.24966332757873 1.3971336 1.6229932 3.8610783 -6.563469 2.0779743 17.378136 0.84685004 111.9402645118841 
Car -1 -1 0 149.17261299423834 190.39583520117463 218.1798878420158 232.64495781755943 1.4650294 1.614915 3.9911988 -17.001158 2.212664 28.726856 0.84026456 54.3426109295137 
Car -1 -1 0 343.39412436494626 180.0600522944494 434.1062855876347 216.56822431378097 1.6254478 1.6393831 3.6915803 -10.137804 1.9664383 33.300407 -0.012549913 36.99349171206883 
Car -1 -1 0 287.6571122799858 185.50654389204672 377.8907664620894 217.16024618566348 1.5750808 1.6392446 4.147725 -14.447931 2.2574654 37.83889 -0.12691501 9.848576854010233 
Car -1 -1 0 122.59003010797635 187.03143045056356 182.27895838499904 225.57756727469385 1.5622463 1.6247617 4.3164563 -20.937225 2.2525063 32.977955 0.84287065 4.030127579336352 
Car -1 -1 0 418.6381762246161 166.60020925345665 665.6730388073504 317.07620304307915 1.9598932 1.7840277 4.4976673 -1.2948625 1.8784399 11.703696 0.88585925 13.061574890903499 
Car -1 -1 0 92.13708509201003 186.18725940080253 121.55711597712212 207.27961724823038 1.4737571 1.6400237 3.8234453 -38.328278 2.5294456 55.072372 1.0158541 1.804815227025407 

