Car -1 -1 0 703.4581576964805 185.27350956615194 802.3692213439666 222.98453258527388 1.515598 1.684615 3.81153 6.0208178 2.0578146 30.559862 -0.052614413 52.29017460473099 
Car -1 -1 0 792.5891826010776 191.02766874133792 954.9806233611893 251.07812835190904 1.4237138 1.5649168 3.5917814 6.7133384 1.913114 18.538437 -0.06181886 83.11479229630406 
Car -1 -1 0 855.7419887029594 192.30050139854382 1207.0926705917796 298.5927046959192 1.4574457 1.6891418 4.393789 6.257393 1.7784222 11.057354 0.0034172947 109.53428287923904 
Car -1 -1 0 125.9264559752734 187.8959415825232 391.97053415501426 273.1376165707379 1.4296079 1.6234583 4.117153 -6.3135676 1.7268184 13.340563 -0.051267076 117.65620522863846 
Car -1 -1 0 224.707522767625 186.79043975674244 444.84575329220917 259.70699605070183 1.4581372 1.6295764 4.1871023 -5.8451633 1.7799354 15.723779 -0.05900705 54.24001300972739 
Car -1 -1 0 770.5367035856882 186.60027072163737 913.5179068767436 242.03321950645213 1.5017684 1.5871875 3.5996475 6.6183248 1.9132645 20.777313 -0.015842006 37.109164726014185 
Car -1 -1 0 330.07189128728453 184.33190806802548 487.2725799039642 242.40521294153558 1.5428767 1.6173145 3.9805744 -5.607518 1.8820151 20.421856 0.045048777 52.205735599727596 
Car -1 -1 0 365.6797004669393 177.99121195344583 495.27058637206636 227.02544994867978 1.6471521 1.664807 4.194053 -6.2172265 1.8347828 25.395893 -0.06039771 30.9920465496249 
Car -1 -1 0 455.9936000698444 184.39153062623595 541.2543160341405 214.28549393569918 1.5311229 1.6445401 4.2520266 -5.945496 2.1701808 38.879875 0.12740636 11.33942102376677 
Car -1 -1 0 645.2125314936773 183.47056153735787 672.2015876099738 209.85765602991708 1.5141957 1.6084342 3.958787 3.0798256 2.2073145 45.073685 1.6442113 5.009011933644086 
Car -1 -1 0 350.81483927381316 187.10469324855453 494.2844193486578 236.20837787951686 1.455625 1.5989258 4.106776 -5.861019 1.9257209 22.866833 0.06690638 8.115317894531547 
Car -1 -1 0 407.0484407824443 182.4524222281177 512.5578336876797 219.2189030139234 1.4735696 1.6077093 4.120426 -6.215197 1.8877119 30.2545 -0.036073968 1.2661672023823651 
Car -1 -1 0 575.2075282458907 182.98527605417198 595.3042254514172 199.45814341023538 1.483407 1.5854483 3.8083255 -2.3628802 2.4859545 69.411255 1.4441463 0.9676917599478383 

