Car -1 -1 0 609.7445753991759 179.45362200978275 775.9726861353538 240.7793545747139 1.4760985 1.68448 3.9971166 2.1452808 1.661035 18.93175 -0.23668817 107.72605850490636 
Car -1 -1 0 569.3032103399186 177.46387533469425 664.4814622294984 216.47212376804762 1.5167763 1.6136572 3.6258886 0.27273965 1.7127082 29.499588 -0.21041918 38.619276384041044 
Car -1 -1 0 88.38041211727595 189.106765463812 295.4221509589132 261.1574028660138 1.64323 1.6934235 4.2394557 -10.424469 2.0851722 18.32906 -0.2210488 80.94168690742934 
Car -1 -1 0 0.0 200.30846210088814 228.93882514282447 304.8092038649916 1.5721117 1.660604 3.873095 -9.026877 2.0961032 12.616377 -0.17499393 39.520485791125516 
Car -1 -1 0 554.8205366070146 179.35242675683625 643.4819170277718 215.6311448554336 1.5170991 1.614746 3.6500864 -0.48205084 1.8141861 31.79346 -0.22419822 13.202865569077899 
Car -1 -1 0 155.29557848623597 192.88543233513454 317.3302692527497 249.91312443254157 1.473933 1.5851853 3.8889875 -10.609125 2.0856152 20.780739 -0.2518959 18.729637998784884 
Car -1 -1 0 250.1595303511457 188.26458831720376 363.9157838037094 228.66177595981117 1.4853718 1.6120714 3.9483836 -11.92833 2.123933 28.67916 -0.22081694 24.609534096089764 
Car -1 -1 0 188.4990718149884 193.18248104736116 334.95393874011245 242.26746349366337 1.4542834 1.5830258 4.0291424 -11.214314 2.1494257 23.508076 -0.19412103 6.103645390199524 
Car -1 -1 0 376.23494673758273 181.48434771029142 407.475599552929 200.77243867564167 1.6492748 1.6674881 3.5507007 -19.740047 2.4540834 65.35518 0.9544847 1.9220992432933552 

