Car -1 -1 0 698.4888373107798 178.1328605948934 804.3202853390638 256.637423091112 1.4687679 1.6041 3.9759445 2.953705 1.5988162 15.7722435 1.5904307 137.7536130105661 
Car -1 -1 0 0.0 202.29350814460562 253.61044695000894 360.79880548989405 1.471458 1.5557482 3.5953739 -6.186467 1.9187386 9.164347 1.5713654 103.19541927338366 
Car -1 -1 0 847.3617091113545 153.38045443787968 1064.6187221267055 218.8446461077159 1.543358 1.7159529 4.5593767 8.453724 1.0842572 17.87443 -0.0025298535 116.19816411101755 
Car -1 -1 0 442.80742464205787 182.94686998560704 498.957634138483 219.76977198931291 1.4449027 1.5972636 4.0463204 -5.970097 1.9136049 31.468805 1.5907018 36.34685127806126 
Car -1 -1 0 310.95805731766006 187.49477431022058 425.4547197060163 256.4451182038671 1.5016145 1.6329494 4.1169033 -6.078191 1.9222738 18.661922 1.5572367 38.44766834729804 
Car -1 -1 0 484.9400109093391 180.33494276923395 524.8466014455579 207.17490025587 1.4446778 1.5459712 3.804775 -6.0223184 1.8989602 41.868988 1.632787 7.274633648879107 
Car -1 -1 0 964.5652810396928 126.99509642128282 1242.0 250.64352809606243 1.8623307 1.7096589 4.3135056 8.366468 1.1716268 11.779176 -0.026528066 67.66741483544462 
Car -1 -1 0 502.3933977288669 178.4269576466465 536.7046587119552 203.17758966394274 1.5360944 1.5509849 3.9999814 -5.909383 1.9206165 47.742447 1.6296427 3.3359100975239375 
Car -1 -1 0 723.9558517156275 166.9881934443438 753.3410361573058 191.4953719778596 1.4472154 1.6490437 4.186451 8.058377 1.1008234 44.82886 1.783468 0.8030062527746927 

