Car -1 -1 0 24.88158097047724 206.2988111582295 299.50833488797474 347.9025559014018 1.4480734 1.5463679 3.870827 -5.982028 2.0132608 10.245932 1.554962 129.6581696964565 
Car -1 -1 0 240.6087529629232 197.8327892571418 384.17211721764784 283.9104841892777 1.4563786 1.5274554 3.5396576 -6.0038414 2.0371075 15.005052 1.5708834 84.44606909338161 
Car -1 -1 0 673.9907678889259 176.0557304439253 745.6204036869873 226.5160954259694 1.4429629 1.6114461 4.1426883 3.0921202 1.5542485 22.988771 1.5463414 46.71991733435714 
Car -1 -1 0 345.7473793414336 191.42626764839443 445.44871191410783 250.63154939061184 1.4440949 1.6691586 4.192388 -6.0863557 2.0389915 21.013752 1.5684481 68.91142470235371 
Car -1 -1 0 424.0322607963958 189.2414494014892 491.2775725837643 230.90814838884373 1.4302044 1.6667086 4.2714243 -5.9268284 2.129197 28.619865 1.5968666 52.78887216708273 
Car -1 -1 0 892.2720476187287 146.447342344138 1108.154980140589 213.30296155067734 1.4945248 1.6625832 4.1751995 9.06846 0.90421677 16.98608 0.012083365 96.5007684618064 
Car -1 -1 0 661.4896468529686 174.6651623779584 715.4233597680824 219.91371596374745 1.6430303 1.5849841 3.8662105 3.024486 1.719007 28.312222 1.5411584 36.40984450440615 
Car -1 -1 0 877.8474721267454 145.68340920812102 1045.811377632965 208.72707714926526 1.6294789 1.6193362 3.752018 9.427122 0.9272052 19.493809 -0.018560534 39.18896613512386 
Car -1 -1 0 782.0412033853297 162.77193864384802 921.1176563000777 207.46995782296275 1.4728761 1.6618003 4.203826 8.229298 1.1406548 24.73508 -0.06182495 28.41260951329291 
Car -1 -1 0 833.34306824793 155.83969014892156 986.8615490753782 208.22512518644098 1.5247412 1.6417807 4.0230665 9.100509 1.0295191 22.008501 -0.09462571 18.07772188188477 
Car -1 -1 0 491.3175111874088 181.9006013798036 532.2685942302136 210.3587031947599 1.5825244 1.5337249 3.9779265 -5.839567 2.1536822 43.494087 1.6792198 9.773425674433975 
Car -1 -1 0 646.35086148718 177.04399288285205 693.5799254396412 209.1108146992894 1.5844399 1.578051 3.7872274 3.1394837 1.8177533 38.176216 1.3969231 4.829275475820809 
Car -1 -1 0 458.6582017908039 185.71381702924108 508.79201608722326 220.81543257729922 1.5209222 1.5820637 3.7410128 -5.9650126 2.17101 34.56802 1.6198934 1.0495079607361129 
Car -1 -1 0 594.2529068137642 175.9391657892123 618.4501217899925 190.50002701535837 1.5172141 1.5894989 3.7138047 -0.3726704 1.859511 78.04437 1.2659509 1.126494880024459 

