Car -1 -1 0 709.7278736259975 180.66582221859719 846.3508503506968 273.39448785755803 1.5092695 1.6347021 4.401741 3.138088 1.6883242 14.32739 1.5582131 109.49571713858788 
Car -1 -1 0 164.7836372559132 198.15573465988606 431.91825474837907 362.95816678635276 1.4840273 1.629054 4.0396776 -3.5695632 1.8755288 9.141561 1.5747172 124.58616499969213 
Car -1 -1 0 686.9502734678912 178.72748237427376 766.6605790509262 240.39721219459804 1.5177528 1.5853114 3.7807343 3.147427 1.6960561 20.011147 1.5676634 53.97537203623968 
Car -1 -1 0 425.6595161726316 185.47845617438782 515.5528939279749 252.3971784634778 1.5482092 1.5778279 3.8516133 -3.6123877 1.9212375 19.373817 1.5975674 72.46755850135123 
Car -1 -1 0 357.8866277371297 187.65962932201236 471.7236910277443 278.7782032227019 1.5599837 1.4959091 3.4099908 -3.816472 1.8959916 14.645094 1.5360928 69.94861466065531 
Car -1 -1 0 748.25330885714 189.16277548416912 1056.0166958883492 375.0 1.4397442 1.6123658 4.3607454 2.8425257 1.673592 8.1456585 1.5451814 108.90912108492952 
Car -1 -1 0 638.7906414861147 179.23633264043505 682.6595691994551 207.7782960262585 1.5298078 1.6115813 3.4165568 2.885754 1.9117322 41.336983 1.3566616 25.55036947070649 
Car -1 -1 0 601.6972899396715 181.0159500416029 623.1309897503389 201.51413928908536 1.4991503 1.540257 3.8280687 0.19448514 2.157338 56.248966 1.540382 7.263273746110367 
Car -1 -1 0 560.3300356793043 179.34993726168838 600.4819340929407 196.00092634937363 1.5663768 1.5734568 3.8219974 -2.8571043 2.2238798 71.17765 -0.7234333 0.8484652908106339 

