Car -1 -1 0 754.1795918063528 196.48644568710353 897.3685136079122 296.76364255151594 1.4305996 1.5893238 4.2048287 3.8151622 1.9408185 13.439703 1.6188083 98.5740890210747 
Car -1 -1 0 849.0976217828811 205.84517096657243 1242.0 375.0 1.4701138 1.6797705 4.4099216 4.022361 1.9126952 7.4630275 1.5848033 113.45799653553362 
Car -1 -1 0 530.5789138131233 180.63676207296993 578.1363536839709 218.6650162067859 1.4935079 1.6920174 4.159338 -2.3251853 1.8534894 31.28342 1.5836668 64.54068937996091 
Car -1 -1 0 725.877724917446 191.8103094524429 816.2836368032298 258.3028520176015 1.4792507 1.5695032 3.369295 4.0820937 2.0150719 18.70526 1.5641677 60.866447235803165 
Car -1 -1 0 700.7089862494684 187.47947938680505 761.3649332132471 235.15453121909877 1.4969747 1.5411162 3.3360894 4.199635 2.0449572 25.359072 1.5613306 38.674248422176404 
Car -1 -1 0 681.6563497474651 185.47781649745826 732.2065948260081 226.2242266564641 1.526516 1.5686172 3.623271 3.982925 2.0829306 29.981531 1.5581741 29.944706061240172 
Car -1 -1 0 421.8311784426821 182.2016291070489 534.1881837942759 270.5683351819727 1.5614938 1.5860521 3.6665487 -2.592377 1.7797265 14.993517 1.5947485 33.10136318281028 
Car -1 -1 0 672.6782017019303 182.13762567135225 715.4752164977522 217.13668515265607 1.5769279 1.6212169 4.1854987 4.1214476 2.063396 35.71492 1.5690697 1.6795158565091726 
Car -1 -1 0 293.0812381019772 152.5877725342716 507.6163071629029 342.0200425217849 1.944941 1.675262 4.3158426 -2.4552069 1.7368634 9.582482 1.5507193 44.05628951714179 

