Car -1 -1 0 621.0478588592161 191.62182830228096 710.6601569331445 259.2677973929565 1.4945002 1.5540929 3.1513214 1.3606735 2.0213084 18.565453 1.393648 99.32864231408783 
Car -1 -1 0 690.6284558630132 183.82020710548113 785.5252948231122 223.09857214662992 1.4870341 1.617837 3.9419649 5.401044 1.9726117 30.138508 -0.6264015 51.21682042864505 
Car -1 -1 0 552.0460587885088 188.03704744062128 639.5329442975327 222.93860569736395 1.4756889 1.6292772 3.9560785 -0.6122524 2.2309852 34.01703 -0.6794101 95.52965093062085 
Car -1 -1 0 827.3193717287743 183.07065350591503 893.1386537712433 214.3414973145001 1.4431096 1.5279834 3.380942 12.535503 1.9765275 36.023552 -0.6697679 57.16677986794918 
Car -1 -1 0 761.4784229666911 182.43838136998113 843.5864552481148 217.84762042457527 1.4832139 1.6154335 4.0387487 8.910652 1.9493002 33.174038 -0.69562185 49.85124259830217 
Car -1 -1 0 875.1788320030992 175.98737304523135 943.7090331438205 209.95551215166836 1.7222897 1.6593744 4.0007625 16.162157 1.8990706 38.820393 -0.66561633 18.074764908216594 
Car -1 -1 0 968.2103321865051 177.93772085865317 1003.6908545676996 204.44536491727158 1.5697088 1.6397767 3.721323 23.764933 1.904461 45.504555 2.1462011 5.518831285188406 
Car -1 -1 0 121.81995627079245 184.98410981145318 217.60238941508956 221.75913569040827 1.472694 1.5432875 3.3847914 -19.40636 2.0414772 31.976324 1.939173 7.802886806068748 
Car -1 -1 0 272.65630159681115 188.54802278790456 320.2246295279623 218.8505130482845 1.4867598 1.644748 4.1419 -17.32298 2.4002173 39.824112 0.96841174 4.059828373154749 
Car -1 -1 0 1013.8465696359671 175.0583921941827 1055.3434897006055 204.53683918944338 1.5791974 1.5994083 3.765758 24.096031 1.7107224 41.00511 1.9850487 6.303976194963327 

