Car -1 -1 0 696.7970564548644 183.79684369453778 801.7145055567842 256.04903950455434 1.3824494 1.5347807 3.548089 2.9413288 1.3553015 15.535784 1.5610589 93.65158599728515 
Car -1 -1 0 262.70854675632336 177.92055902495204 450.86980487264793 305.88814785484664 1.5735401 1.5701112 3.3491158 -3.445428 1.4838362 10.518502 1.576701 119.86525040700099 
Car -1 -1 0 407.61162516755815 179.10714877844447 504.553701671984 243.59411829100347 1.4539607 1.5728853 4.0933104 -3.7009306 1.3162338 18.260456 1.5785754 77.80168480451285 
Car -1 -1 0 0.0 187.02653732572728 222.22185626638023 295.7378705288707 1.4259934 1.5441723 3.5671663 -7.7507844 1.4589357 11.283207 1.5570503 106.66816852021749 
Car -1 -1 0 639.1849664488648 176.4333049531578 678.0444881233675 204.75101088267553 1.4153619 1.5833313 3.9605289 2.6619606 0.97640455 37.945885 1.5222181 37.44102552182262 
Car -1 -1 0 474.1899614781358 176.64276355684729 524.0509385727804 215.63958654897775 1.506918 1.5928857 3.6089077 -4.3870106 1.175642 29.601303 1.5465682 57.45260386493861 
Car -1 -1 0 513.7679270915365 175.11636852064981 541.469099784485 200.7918190903751 1.4305575 1.5284249 3.6478925 -4.6778135 0.86785376 41.961082 1.4388664 8.846849655939891 
Car -1 -1 0 587.9292743992705 175.47859285179894 613.749592357552 199.50098824628589 1.5261767 1.6295533 3.979795 -0.45671806 0.90756464 47.683235 1.5409874 8.736605655705409 
Car -1 -1 0 570.7946998786529 174.50636786904602 612.426582242178 194.9026181452982 1.49608 1.5955095 3.9236627 -1.1472335 0.71054274 54.84342 2.0105126 2.475845641036981 
Car -1 -1 0 373.1367724585745 179.67821606903365 423.95846753029446 217.2209167128312 1.4612243 1.4857184 3.391309 -8.572367 1.2456963 29.750566 1.452465 5.0461431957221405 
Car -1 -1 0 617.7900922555704 175.59618652824722 634.4084101970433 190.41058870199527 1.4962543 1.649487 3.7914758 1.937583 0.52468383 74.50602 1.5779337 2.797009382474153 
Car -1 -1 0 271.9532148515453 182.46605885729562 372.1448776246254 238.19238752062776 1.4665434 1.5565467 3.548954 -8.090747 1.3941815 20.712229 1.544705 2.797034674779273 

