Car -1 -1 0 672.6140840819468 184.97719019976935 747.6797672971668 243.0324003333343 1.4125963 1.6194046 4.090397 2.7470758 1.791151 20.473093 1.5861784 68.39083821164577 
Car -1 -1 0 736.6670215036493 183.4465774472838 846.1000634114178 227.2506543692191 1.456426 1.6037445 3.5460768 6.3365374 1.8442309 25.439402 0.10115929 49.928360124846115 
Car -1 -1 0 341.83601356075246 184.08737601007613 493.2037697658334 235.10238190226502 1.4487071 1.6338418 4.2054343 -5.7228203 1.8044574 21.883186 -0.07257156 54.446279692208456 
Car -1 -1 0 122.19040871276107 183.9271899224406 407.91463311037955 278.6875958601489 1.5229322 1.6640775 4.2115135 -5.870885 1.7301881 12.650402 -0.010719503 121.69018587137322 
Car -1 -1 0 222.6671676972589 182.6225168101501 424.8058330792198 248.81670783608624 1.4763088 1.6004872 4.190296 -6.7126856 1.7209182 17.207005 0.029033765 27.69309024494727 
Car -1 -1 0 154.82419497581748 183.77062547199492 371.96830209174556 263.33661305357793 1.5358175 1.5806615 3.746825 -7.0629296 1.7749889 14.981225 -0.019595414 12.683523406575514 
Car -1 -1 0 257.4677873052133 177.6089434103202 417.81998156251984 238.8543134368456 1.5623928 1.6170856 3.8077922 -7.2749615 1.6985115 19.612005 -0.12707084 11.099675118463205 
Car -1 -1 0 665.7057620470533 181.09631777474013 725.5581930532805 203.86899190236977 1.5101266 1.6222012 3.923886 5.847929 2.08327 49.31945 0.021924544 5.0710054947617635 
Car -1 -1 0 513.32976074693 177.69707143292425 541.4233131702725 204.45584187529977 1.5820084 1.6194332 3.8526516 -5.1278315 1.8997834 45.3597 1.4927831 4.6866301791910105 
Car -1 -1 0 489.32154336842063 180.95843608461058 526.029615790566 213.16455132627448 1.4489169 1.5676332 3.4796228 -5.018116 1.8658612 35.259247 1.3697144 1.3656249462395715 
Car -1 -1 0 629.8886695458964 181.67606625471277 650.5028267500624 199.12629347542122 1.4499117 1.6086277 3.9783754 2.6879954 2.2565317 63.97237 1.5579387 0.6195668915670254 
Car -1 -1 0 479.4114206760977 180.69794271944815 548.0512456197522 209.37753545617713 1.4612031 1.6366192 3.9074001 -5.3136826 1.9142827 39.747368 0.7493616 0.38581007719039917 

