Car -1 -1 0 698.9136339553163 179.58996212264378 820.9072222921403 263.8721582199193 1.4287188 1.5598607 3.6060307 2.8409216 1.5797966 14.353364 1.5351331 43.96984640883769 
Car -1 -1 0 649.8523580074112 174.19404576429554 693.9299640719216 209.5248282851926 1.4608082 1.5863197 3.7453566 2.6950374 1.5234644 31.856352 1.5607418 27.31178979841057 
Car -1 -1 0 673.9314463097811 174.65195693646646 759.9586949944841 235.98194670637596 1.5070075 1.6580335 3.8953462 2.8355925 1.5613198 19.820824 1.5360451 50.466218504328346 
Car -1 -1 0 0.0 190.64399861004836 270.9038857004382 331.9291932051014 1.4304495 1.5557985 3.894688 -6.2496405 1.6596537 8.412055 0.05519895 56.492600240836865 
Car -1 -1 0 8.726094574362802 182.11730742308075 322.2080718779288 290.21191660877037 1.5059981 1.6085128 3.789977 -6.6036806 1.6581051 11.021129 -0.0119257085 48.896556896182425 
Car -1 -1 0 390.4540703139295 173.57458685814532 505.63607719874096 210.87051233048425 1.5108007 1.6898398 4.43099 -6.774185 1.5423688 30.441702 0.15080631 15.905215672398997 
Car -1 -1 0 733.3828571733942 158.5617891773817 1012.2525044232032 350.8451027009489 1.778518 1.721816 4.2076855 2.8160932 1.6463226 8.8123 1.5283734 89.05381009611354 
Car -1 -1 0 127.44718480366286 174.583826730614 375.11213334545926 269.73701080196173 1.6228862 1.6162685 3.7325604 -6.416428 1.6567417 13.230162 -0.04515374 55.00673326414036 
Car -1 -1 0 339.00087146353246 169.18801601938395 475.09208923528155 223.605564973781 1.630732 1.656092 3.7622566 -6.267685 1.5208733 22.568642 0.063803695 25.58045741179786 
Car -1 -1 0 430.27825281950163 166.37995922178462 521.504530754949 202.23683302646532 1.6977818 1.6747578 4.1397653 -6.436332 1.3912432 35.043293 -0.020343047 10.5552123580746 
Car -1 -1 0 201.1922161414064 168.17005079348812 432.8867390693363 252.22107949916702 1.7189178 1.6769891 4.3314643 -6.193411 1.6231269 15.604841 0.004742921 42.31748090842763 
Car -1 -1 0 289.26941496904277 177.52841842847945 459.5007846795644 232.97100923407413 1.4513159 1.6184598 4.1925025 -6.4522977 1.5873778 20.027218 0.08049009 6.4132749969560825 
Car -1 -1 0 640.1612823956056 170.7494836890037 674.4769281260617 199.90136817398945 1.6419778 1.6416973 3.851475 2.774261 1.5234408 42.593693 1.5359943 6.5041831487124995 

