Car -1 -1 0 0.0 191.6411785329939 277.07868712403433 375.0 1.6161516 1.6486642 3.9968991 -5.7706146 1.8947349 8.69017 1.5838785 102.46813701502276 
Car -1 -1 0 346.59074154129826 187.54822422191597 453.00543513483177 250.38595261390407 1.4741138 1.6419966 3.8868446 -5.6247473 1.9182746 19.830973 1.6164696 50.08896247703524 
Car -1 -1 0 409.96573384794266 185.0726304403931 482.043931175011 231.98506798003638 1.4526615 1.5489026 3.721953 -5.6243715 1.911659 25.215786 1.6088046 48.53575510902279 
Car -1 -1 0 447.0886605551702 182.69421529487227 503.51297237829976 222.38657794384073 1.5030738 1.5657454 3.7016149 -5.5341425 1.9394721 30.125626 1.6008062 29.61948102280952 
Car -1 -1 0 1093.5388799832288 135.99287407625707 1223.1835500155166 178.10518442092476 1.7414856 1.7130504 4.1708536 23.328342 0.21715397 30.782518 0.042574488 27.32930985026156 
Car -1 -1 0 506.59971639707754 180.1053099992372 547.6288829857675 206.89254818592372 1.5023909 1.5788293 4.063107 -4.9409933 1.9629885 43.72116 1.6888399 6.689730052402142 
Car -1 -1 0 778.1356523047536 160.80699197149673 834.5634745872693 196.1702505479639 1.5076816 1.6296855 3.9426727 8.857825 0.9940678 32.764595 1.6109605 14.309767042169549 
Car -1 -1 0 480.04140373517674 181.57236168153102 524.4316954217285 213.8182871440115 1.4670061 1.5413247 4.159578 -5.2981367 1.9278326 36.047424 1.5855308 11.182549570729256 
Car -1 -1 0 722.4311076913843 169.8499188329265 763.8533767138986 196.60532562883418 1.4311967 1.6237881 3.7167075 7.436849 1.2705026 40.45729 1.567661 10.534736922867566 
Car -1 -1 0 1055.2292785921843 142.36289291662186 1162.7192230724731 177.28118615660708 1.5817355 1.6144341 3.8377662 23.185352 0.20054334 33.59546 0.05479923 5.2149972573309125 
Car -1 -1 0 1029.76902835528 146.8135595939353 1122.7573852530834 176.63914927886796 1.4691595 1.5288961 3.6621435 23.49707 0.18645003 36.41405 0.059674025 7.715348026121592 
Car -1 -1 0 661.7852962618967 171.8015053882084 700.241609277087 203.95805629391373 1.60396 1.6254859 3.942979 3.7070112 1.5514617 37.96318 1.5688412 1.4527824220094425 
Car -1 -1 0 1009.1307640615397 145.8496356282001 1093.8518046686488 174.1122705192426 1.4980044 1.5505966 3.6528559 23.880116 0.066691905 39.059235 -0.022155918 3.1891260522850176 

