Car -1 -1 0 676.8522431959117 182.3915091602196 748.557303118184 233.7810915651021 1.4451594 1.5914805 3.574562 3.1714716 1.770551 22.79237 1.521434 66.24340097267431 
Car -1 -1 0 765.8659822010358 180.16389364546245 1006.8265109940393 339.3011074378128 1.5810014 1.6482359 3.7318597 3.2201421 1.6931963 9.207164 1.5724187 103.36388006475843 
Car -1 -1 0 113.17054382876022 182.25146449248422 372.3708446924103 270.8980111065838 1.4835955 1.617687 3.8853085 -6.518118 1.6659205 13.129489 -0.031402275 80.95642630768566 
Car -1 -1 0 739.8243617879924 183.08796369390876 844.1886432328567 219.95903891278854 1.4549323 1.6036335 3.9652023 7.4952197 1.892176 29.905602 0.061389204 27.230600102851753 
Car -1 -1 0 264.0945885713957 177.18241947011552 443.79608142122277 245.78569795469696 1.5983695 1.6375558 3.8363633 -6.180264 1.7096612 17.733177 7.659839e-05 30.689503672383438 
Car -1 -1 0 359.3530686887482 172.83389546842344 492.8688379754588 229.78244439517638 1.7147177 1.6091936 3.7532413 -5.6706886 1.7141123 22.578777 0.026109902 37.81230714085241 
Car -1 -1 0 212.79582331406186 182.16800382536204 436.3506041114008 257.1972367993282 1.4732387 1.6164781 4.104852 -5.9008503 1.6823032 15.293778 -0.04614107 28.91201948790589 
Car -1 -1 0 450.5453203562289 175.9233368481722 505.88065152765273 219.93132986082813 1.6093994 1.6304574 3.6570747 -5.116912 1.7385211 28.49979 1.538266 19.488152094108536 
Car -1 -1 0 720.8042150487988 176.777711732144 819.4967090340604 214.41120468575366 1.6369989 1.6572075 4.1841173 7.1911197 1.8199873 32.624817 0.09596692 4.099481083156605 
Car -1 -1 0 312.0323938866454 181.51805662999274 476.54220243740525 237.77052765890815 1.4899212 1.6170131 4.1220183 -5.947975 1.7430611 20.227612 0.022044988 10.205368190994847 
Car -1 -1 0 498.0504638264891 173.36090853117676 560.6262506796108 198.25761400033065 1.7379614 1.7109063 4.361789 -5.6759005 1.7747926 51.417755 -0.07118069 1.417993478069117 
Car -1 -1 0 492.688237584583 175.1233916164763 555.9507566564795 200.07756189064582 1.564277 1.6904757 3.9271479 -5.433273 1.7129788 46.339943 -0.048201222 1.139067411129901 

