Car -1 -1 0 705.3885966409742 186.8456856337353 844.7046188036442 285.2642622491548 1.4559625 1.5777078 3.8436806 2.8360147 1.7488945 13.166002 1.5467957 63.61768830569466 
Car -1 -1 0 471.5252844295626 186.6395441940014 542.8439766170555 245.39858186116336 1.4551718 1.593888 3.9323297 -2.8512037 1.8902752 20.787157 1.5447729 75.33160144849327 
Car -1 -1 0 667.9005062906829 183.374264120534 759.2707234222449 248.70577568218428 1.4422009 1.5541985 3.7015865 2.545719 1.7388473 18.443192 1.497926 66.21826341745445 
Car -1 -1 0 119.60156525136316 198.25873801394218 446.3499998997071 375.0 1.4444845 1.6288103 4.345936 -3.1113539 1.8013315 7.960101 1.573254 103.06371361911086 
Car -1 -1 0 748.8694101624516 189.44020355982872 1046.0827191818157 375.0 1.4686422 1.6213651 4.0527086 2.7573957 1.6982057 7.951492 1.5599273 114.06099489371678 
Car -1 -1 0 519.1872421879223 181.1786300167455 561.5985847184622 219.22944800610654 1.5056744 1.6704355 4.408761 -2.9803166 1.898218 31.778702 1.5184572 32.569874355156074 
Car -1 -1 0 658.8761416990777 168.58983048872443 730.4832597152172 232.2576733892423 1.8648359 1.5958651 3.790033 2.631765 1.7399379 23.080202 1.5006105 48.45957277209533 
Car -1 -1 0 636.3133296791851 177.947355230498 666.0280863312562 205.08959158172718 1.4602284 1.5850918 3.7145786 2.3488898 1.7657216 41.39979 1.5966777 15.415978655585182 
Car -1 -1 0 556.7698562880275 180.46849728700894 581.9247007806529 199.92409177605794 1.4680134 1.6464624 4.262631 -3.2903223 2.108036 58.41803 1.4225478 2.124114980659447 

