Car -1 -1 0 0.0 191.23798313390856 233.56615131934458 296.03428412163373 1.4243535 1.6235373 4.443598 -8.149656 1.5470111 12.338139 1.4507691 123.8144412951125 
Car -1 -1 0 395.8731324405346 178.16698502885043 478.42988281575236 246.16476042971243 1.5585387 1.642463 3.6617632 -4.240221 1.3969791 18.390274 1.4545413 96.26174442147124 
Car -1 -1 0 523.0742578812857 177.51341488699066 578.5497517937147 229.43251009609526 1.5625525 1.6718084 3.3584895 -1.876273 1.3307452 23.392214 1.4658235 45.452222513764674 
Car -1 -1 0 269.3481232880845 183.6034523411955 357.85047882710904 231.3182940605048 1.4209424 1.6766664 4.396697 -9.538919 1.3729299 23.70157 1.430225 37.50078646471712 
Car -1 -1 0 342.9327737897449 181.44459210016592 399.11936881794685 215.85002321138148 1.4673457 1.6029495 4.04159 -10.677601 1.3065131 32.749813 1.4693661 22.65148839958035 
Car -1 -1 0 254.71354885286124 181.94176504965267 314.4690430367254 214.64514329946107 1.5131754 1.639647 4.212159 -15.825669 1.3616915 35.468956 1.4151534 7.466916422517528 
Car -1 -1 0 364.9607463439332 181.32074510394833 406.06018475837146 210.1508318884038 1.5393989 1.6537726 3.68933 -12.380872 1.3314257 40.328064 1.4266081 3.7528337020649607 
Car -1 -1 0 513.1908046680944 178.529385693979 533.0167215957416 197.50707826642977 1.5078996 1.4861718 3.4361577 -6.915186 0.97662914 58.929478 1.4167591 1.5280272168780344 
Car -1 -1 0 320.82457106418883 181.1355073037755 355.54753408389314 205.51394522179626 1.4878187 1.5387651 3.726284 -17.111446 1.2388042 45.85417 1.3615776 1.8424779877284263 
Car -1 -1 0 556.2711389085263 166.79503180976872 589.9418322673911 184.07620482828497 1.5930412 1.6041662 4.090817 -3.223279 -0.11246461 68.75267 1.9710327 0.3022395372390747 

