Car -1 -1 0 805.2677490095028 178.8621353874141 1242.0 375.0 1.555856 1.5384957 3.4911945 2.876397 1.6197842 5.9176636 1.5520568 133.393478389437 
Car -1 -1 0 275.21674743275895 199.70887231870446 433.9345390138027 308.86734133383857 1.4549232 1.527116 3.4525774 -4.1252785 1.9743893 12.215492 1.5503398 74.92873356808657 
Car -1 -1 0 686.1193907914115 179.7478891730898 779.7490590883222 255.85543499398898 1.5044342 1.5680532 3.2605405 2.6631117 1.6748109 16.195732 1.5787758 117.10819729140113 
Car -1 -1 0 487.76835413515687 183.67261270843346 529.3802978174293 218.60484022565396 1.5615704 1.5513349 3.7729554 -4.8892765 2.1196394 35.32441 1.5589721 57.30041926461371 
Car -1 -1 0 412.44589504718687 181.8371724750048 497.93946208247877 248.5779636024235 1.7367134 1.6374664 3.981306 -4.4421635 2.026938 21.312439 1.5807552 105.2390773969612 
Car -1 -1 0 648.8558427958145 177.23359952829563 693.9631994836695 215.03190394245397 1.55373 1.5875101 3.5634508 2.6779742 1.7581987 31.881857 1.5413334 50.40993167050335 
Car -1 -1 0 523.3267093282484 183.52080049909281 546.8073045392409 206.62523623820695 1.5110807 1.5884796 3.9972603 -5.247395 2.2977164 51.151207 1.4848149 9.973468460270556 
Car -1 -1 0 629.6663181006259 176.16364296741384 654.2360748520665 192.42651279262938 1.556454 1.6509588 3.7458332 3.255004 1.895567 71.9051 1.8409576 4.7457519448326995 
Car -1 -1 0 549.75054609855 182.9143696284828 569.7122090846135 199.00295231603803 1.4526349 1.5317221 4.226969 -4.8016243 2.457683 69.949326 1.5980315 1.0425876483858152 

