Car -1 -1 0 428.086691532621 187.19179165699782 486.4254357347868 227.37404852768182 1.491573 1.5502623 3.5454323 -6.234114 2.120851 29.868008 1.6074189 60.56732576848425 
Car -1 -1 0 648.6643172989849 175.63878645984386 693.6933724592021 211.38174941160162 1.5427884 1.5999843 3.8653235 2.7944303 1.6793356 33.414787 1.5286925 46.4142052074039 
Car -1 -1 0 70.62370582028157 201.73494144557927 154.8840682060197 234.8491068923249 1.4747488 1.6524268 4.0163927 -25.813065 3.0627906 37.660503 1.5639158 24.89631313022735 
Car -1 -1 0 117.60682006724664 200.65795310397115 191.8172611380105 232.68852488982165 1.4283384 1.6102016 3.8338275 -23.561924 2.950301 37.536827 1.5140619 24.055481227622337 
Car -1 -1 0 455.8800852827424 186.2182746250542 504.76893987274076 219.69022569666532 1.4767904 1.5928423 3.9150443 -6.2741184 2.1690452 35.395103 1.5997674 12.415480311619365 
Car -1 -1 0 160.75711889633146 197.01427341083414 234.9698870663943 231.09492855778598 1.5157653 1.613217 3.7639656 -20.813463 2.8059678 36.647064 1.5737628 28.16430098940717 
Car -1 -1 0 486.7898743127237 180.96382600071496 526.7020802902628 209.7985018161204 1.6151464 1.581064 4.3203897 -6.190767 2.132821 43.85631 1.6276755 4.976932498556929 
Car -1 -1 0 819.6180821468737 162.1858943637587 850.510238650367 181.29432032205864 1.4982532 1.5890722 3.7377481 18.241377 0.6617882 58.49787 1.6464041 2.8664781808192608 
Car -1 -1 0 215.12642296848642 195.8527866164218 284.4043842161174 228.34890881493885 1.4423158 1.6513886 3.8488793 -18.20905 2.6739554 36.703247 1.5555336 2.073156107471059 
Car -1 -1 0 916.3555253894053 162.9913896034265 976.2161022108385 180.29945454470572 1.4609481 1.5833616 4.3737555 28.833784 0.62845945 61.87101 0.08149717 2.4213050978246757 
Car -1 -1 0 2.673890520878044 208.09346836442325 88.04982208093601 241.4999136284796 1.4715822 1.6470755 3.867383 -29.55985 3.4220922 37.953434 1.5047973 0.3607000410556793 
Car -1 -1 0 522.3757115620155 181.7391044716232 546.8622547027992 200.6474717987409 1.4619137 1.5181866 3.7210512 -6.2221537 2.2208347 59.642284 1.3299963 0.5798083602197475 

