Car -1 -1 0 729.4385818948882 174.54269695943003 939.6936820653195 323.0059215297201 1.6115804 1.5904872 3.438002 2.7582953 1.6382265 9.628779 1.5209762 126.16094060368269 
Car -1 -1 0 667.595334030077 180.98222281234263 726.657904489284 229.26556713410523 1.4097579 1.5703183 3.4436085 2.7676852 1.6928579 23.391653 1.5932332 63.97921845741629 
Car -1 -1 0 713.8282910262254 172.89430235273167 828.7496853710346 218.6052645365883 1.7458601 1.7413971 4.226127 6.3239193 1.7475126 28.573605 0.06874513 35.61925441970101 
Car -1 -1 0 271.9206107030809 183.6717970690288 454.3649944788799 242.46357032472451 1.4343758 1.6136228 4.1930623 -6.3157883 1.7286721 18.773933 0.023276467 57.11677048789918 
Car -1 -1 0 25.600059975636334 183.6601760064875 353.7052607705298 292.7731410273905 1.5082674 1.6142354 4.080806 -6.2276917 1.6857772 10.997793 0.023427296 71.96304821868257 
Car -1 -1 0 0.0 184.81566569024397 294.6984009324474 338.140716319292 1.5268214 1.629237 4.1231184 -6.0230217 1.6801132 8.290505 0.06968703 78.54699037555297 
Car -1 -1 0 329.5813191057215 178.6863814673488 482.58961315421067 234.15436559708613 1.5244294 1.5747814 3.9731162 -5.82759 1.7007852 20.91827 0.056919344 39.990699332487154 
Car -1 -1 0 373.09420979605557 179.9383788020633 500.1446046830534 222.82003241873986 1.4539878 1.5876324 4.1465454 -6.1720495 1.7192966 25.924545 0.15114027 16.759997374291363 
Car -1 -1 0 180.4494718369754 182.23819886279003 387.10089500661417 253.96735662772906 1.4895205 1.6038154 3.873545 -7.129444 1.7095156 16.06099 -0.02711514 6.758083374354829 
Car -1 -1 0 348.33981704767035 175.55363574119298 477.11530604322553 228.2223998130739 1.6269861 1.5484678 3.706885 -6.3014708 1.7176194 23.303545 0.08020946 8.556479131173809 
Car -1 -1 0 379.50673786855623 176.46861624416803 485.20130769415726 218.12097149781093 1.5786686 1.6003169 3.7347007 -6.960208 1.7265248 28.517366 0.10825926 1.849396172270913 
Car -1 -1 0 442.3416366526574 168.60544288042408 521.0745765719063 201.18679491329408 1.7734581 1.57092 4.123625 -7.062352 1.5422018 40.116 -0.027316812 1.1571814132942564 
Car -1 -1 0 100.94392571427595 160.8854644224762 359.076531758399 264.7691926306392 1.7750268 1.6733875 3.857376 -6.8149195 1.5705243 13.278377 -0.059392598 0.5962798376461486 
Car -1 -1 0 399.93396674091946 177.61094044051484 506.4224147002518 213.49203493702748 1.4702265 1.602171 4.1566873 -6.5968633 1.6783286 30.682144 0.039741553 0.30171307921409607 
Car -1 -1 0 630.9337140506502 177.44902898385013 651.8356479718307 196.97949539099716 1.4735589 1.5510129 3.6692111 2.4942293 1.849304 57.15505 1.5866095 0.2513526380062103 

