Car -1 -1 0 328.2377715917761 187.02654889558175 417.6298898844931 235.7848307728787 1.4083445 1.5515258 3.6963708 -7.3059583 1.4704006 22.768345 1.5946208 82.84127646092644 
Car -1 -1 0 33.34033220541417 191.23184426202465 264.7976162633378 291.7336938692794 1.4362184 1.5431206 3.4884052 -7.56219 1.554142 12.289421 1.6519555 43.721869000683306 
Car -1 -1 0 40.194322310375576 192.56365898268396 398.18519853464267 375.0 1.450443 1.6039691 3.7590282 -3.4658532 1.5441668 7.288678 1.5697119 105.29824771819061 
Car -1 -1 0 411.8144601422592 184.75804288199208 464.1210343680206 218.360102541438 1.4346924 1.5828449 3.6281102 -7.589671 1.4151521 32.5233 1.5493357 23.294446884302175 
Car -1 -1 0 583.6587096652163 180.58870967890746 619.8843720822028 214.5177472062743 1.5524465 1.6583154 3.5518198 -0.27944767 1.3407354 34.68216 1.5529709 21.272692982999 
Car -1 -1 0 101.4341415257977 186.4018967342709 255.48858433223197 240.43467711452405 1.3963032 1.6606051 4.3092647 -12.2335415 1.4344194 20.886366 1.6486695 12.618974631946232 
Car -1 -1 0 441.6797482482269 184.34667975369067 525.8237028667762 246.2762397634569 1.5048077 1.6280851 4.1798015 -3.237296 1.4836917 19.56845 1.5566777 78.38409122931324 
Car -1 -1 0 495.8450439998419 183.75711516290687 542.0904585273554 215.73028623778316 1.4663126 1.6159129 4.399894 -4.248465 1.399421 35.18733 1.5966175 11.282123432851424 
Car -1 -1 0 292.6109014283524 185.2159693278968 361.9044668981324 220.57858317212327 1.4721279 1.5890713 3.8846583 -12.318726 1.4721407 31.874987 1.5618744 11.53666844111755 
Car -1 -1 0 476.92594616496706 181.537783120396 512.4153828729367 202.34851774589433 1.425214 1.6347373 4.100613 -7.9858494 1.1733336 51.331947 1.6392422 0.5750736039715293 
Car -1 -1 0 669.5735406602442 181.3999026648624 707.0487429414692 206.2450677137498 1.5298579 1.59409 3.907777 5.1751046 1.2948977 46.29048 1.4661847 0.8708914988139594 

