Car -1 -1 0 0.0 195.51311576508118 229.04799911647692 325.4445434844076 1.3989568 1.5746238 3.8603191 -6.8556542 1.5725414 10.089578 1.4164544 99.70304089514015 
Car -1 -1 0 430.18828494656583 182.00324425190496 489.9563937637857 233.41633883129109 1.4929305 1.7074404 3.4040704 -4.5682983 1.3996475 22.690441 1.4107404 63.611435098554566 
Car -1 -1 0 528.4101851678369 179.05337978546592 598.7110905868325 239.38085451820217 1.5860908 1.6562063 3.6747856 -1.347352 1.4240751 20.848907 1.4043247 100.36802267211371 
Car -1 -1 0 208.9349322973357 188.30572546396294 326.94249686140324 251.6425700583612 1.4376924 1.6206908 4.456308 -8.715453 1.5288215 18.87229 1.4131519 95.97908338424918 
Car -1 -1 0 99.82012503416632 187.25126847690385 224.53231263610812 246.91265360405544 1.4900696 1.6099962 3.648001 -12.2158375 1.5521351 20.001402 1.4337926 50.478291715680996 
Car -1 -1 0 327.12434220485477 185.02244417508155 388.87163024939645 221.80417697595385 1.4433097 1.707259 4.1819277 -10.44395 1.4357264 30.399334 1.4273255 23.84349198203323 
Car -1 -1 0 369.1739512338058 182.5787348347815 411.1767057538739 210.4593259816633 1.4477407 1.5319436 3.8201957 -11.809717 1.3108125 39.31082 1.4598416 5.655709326737544 
Car -1 -1 0 199.7904576552864 169.8607222693411 281.9742039322836 220.2562441602231 1.8971775 1.7522075 4.3589897 -14.827442 1.3191278 29.35494 1.4072392 10.718105873729185 
Car -1 -1 0 500.28665801362115 184.3037408495754 524.7122941933624 203.18548002996246 1.4943991 1.6306293 3.7930188 -7.790371 1.422222 58.925175 1.344279 1.8086320807400316 

