Car -1 -1 0 819.3437485064495 173.9108826523863 940.1847762221408 238.2576730279914 1.3806746 1.7400424 4.461625 6.497696 1.4102294 17.867512 1.6758816 87.02039886897036 
Car -1 -1 0 337.63986203834884 195.41437904544648 464.0192317584089 268.8926670332428 1.3968685 1.5991893 3.825689 -4.9981585 1.9899952 16.960255 0.9261241 122.52296532493872 
Car -1 -1 0 736.3054905028641 174.3735328806887 804.0786006498257 232.0213090960637 1.377816 1.6042471 3.3822508 4.190135 1.4219489 19.148354 1.7517469 64.45443215981777 
Car -1 -1 0 219.04174250927016 187.85377199334474 283.71981848682213 230.32837304922057 1.5050197 1.6297668 4.0517187 -14.52867 2.1551754 29.165426 0.92652935 58.53240705376942 
Car -1 -1 0 411.10570240435027 176.92590683514248 497.7001463482329 215.13419072894993 1.6957943 1.6438714 3.5780349 -7.0877476 1.8881903 33.15777 0.063973114 50.12738214711013 
Car -1 -1 0 0.0 191.19236844180304 35.90040867923428 225.5749175528337 1.5530262 1.59234 3.683264 -30.366447 2.5352187 36.671062 0.9831472 10.941529334714982 
Car -1 -1 0 199.85319483360783 185.24725119558957 254.32283508991435 222.41720533914716 1.5572488 1.6293381 4.2858706 -18.018902 2.1774898 33.90516 0.9308843 4.833998574613025 
Car -1 -1 0 335.84346595835984 183.9583586883186 425.45258947590474 214.20210256446262 1.5226464 1.6320108 4.2159233 -11.977429 2.120731 37.934868 -0.05343338 4.118807233781558 
Car -1 -1 0 470.7169022448767 161.958061450759 737.5775631415934 325.1578532453078 1.934235 1.7723563 4.514531 -0.3280068 1.8050969 10.906294 0.95528823 4.0613405760096 
Car -1 -1 0 900.2145170931076 170.40084244063152 1062.4404169269308 227.67307590605157 1.4415126 1.5961956 3.8613005 10.2755375 1.3797678 20.246172 1.11954 2.0184945067429356 

