Car -1 -1 0 426.0807686595413 186.60140289584496 491.453759378506 231.54910135985386 1.407135 1.5089715 3.9347358 -4.991321 1.458401 24.610949 1.5479792 45.647267771435665 
Car -1 -1 0 42.60010183523524 188.45971117728013 337.6402380735261 353.6882742406215 1.5005031 1.5657744 3.4887965 -4.4976864 1.5463922 8.383547 1.5151472 134.35187439998958 
Car -1 -1 0 711.4284838779876 185.3081563365336 896.6497651879549 311.84200629351903 1.5645034 1.6171268 3.76295 2.7208133 1.5661392 10.80456 1.5290146 113.72240869464937 
Car -1 -1 0 356.35367796795106 189.97578783857682 451.3335538982435 251.83699690157584 1.3717924 1.5605689 3.5081937 -4.9765296 1.502943 18.011522 1.515572 79.41609336909978 
Car -1 -1 0 560.3990818632066 182.06307091283963 601.4252075065738 220.0157298728049 1.5225577 1.6466603 3.4793675 -1.124623 1.3960829 30.609978 1.5305207 37.95522855885976 
Car -1 -1 0 600.0539542487267 183.38335064801694 622.1466469469724 203.81227837146895 1.4827569 1.6035254 3.8401158 0.284828 1.3497628 54.096027 1.5714331 10.424086754672217 
Car -1 -1 0 359.68707925569356 185.4604403839543 418.53976405381917 223.33675097745123 1.5136497 1.6289654 3.8520584 -9.243984 1.5247911 30.738914 1.4897659 13.301650479952752 
Car -1 -1 0 543.6818239109178 183.97446292587247 573.1605794729026 211.77940005772538 1.4692647 1.5500866 3.7080016 -2.7436206 1.4036756 39.9019 1.4807115 7.689011825329562 
Car -1 -1 0 485.6058342409756 182.9258847060351 518.9392573327412 207.8168965460898 1.4935775 1.5818819 3.8567867 -6.533887 1.3561779 45.074783 1.5557834 5.967779618716982 
Car -1 -1 0 391.47210886093285 173.08398122914826 439.88041352974625 209.48022043332406 1.9736813 1.8433367 4.3519316 -10.903475 1.3158072 41.207382 1.5130486 7.802948110087952 
Car -1 -1 0 0.0 167.86819321137813 202.29158036495036 286.74202085674307 1.7677114 1.6206759 3.7616007 -8.893078 1.5097456 12.611895 1.5162851 44.16714844147073 
Car -1 -1 0 235.38268151782825 168.7982985807006 349.97650527808787 242.21765807666986 1.9665093 1.6496087 4.5448337 -9.251242 1.5267756 21.565895 1.5196496 1.1989382941561504 
Car -1 -1 0 449.683885722793 183.50104395852676 497.78829434418265 219.05832128414426 1.5015669 1.6288278 4.311138 -5.97086 1.4291579 32.55841 1.509422 1.6343367013705992 
Car -1 -1 0 436.2353964517134 180.84656442266603 471.2039666397628 200.72348202774634 1.4641733 1.5993083 4.1027284 -11.703039 1.1423342 55.044468 1.6256237 0.6612474197460722 

