Car -1 -1 0 308.11237653246855 188.63241792463882 409.57928628713006 250.31890962237833 1.4023477 1.5940845 4.0741997 -6.30538 1.5011518 18.68158 1.4713356 73.98844516734498 
Car -1 -1 0 608.3654960279048 181.82551187589712 713.1332278784935 262.6541604350309 1.5882254 1.6402435 3.7810998 1.069891 1.5216106 16.1002 1.4506958 119.3694714275271 
Car -1 -1 0 157.9936333450233 194.15028065432995 333.71763510100607 293.8997931201497 1.3844348 1.5398935 3.511828 -5.8774295 1.5580847 12.138462 1.4551803 81.88986994669192 
Car -1 -1 0 502.8513767180747 181.72827838767535 549.9227809011238 223.97253264580675 1.5133615 1.6840284 3.3665037 -3.1387627 1.3884279 27.53654 1.430955 46.772966324099066 
Car -1 -1 0 364.78979046747736 185.00665062856336 430.7650670262587 228.24103073178665 1.4820489 1.6410476 4.384579 -7.735607 1.4748828 26.911345 1.4603229 20.643631615833847 
Car -1 -1 0 418.7337330322301 182.44456575917434 455.13981038266314 210.5184428836239 1.43969 1.615758 3.8614464 -9.160784 1.2975802 38.8959 1.4176087 16.369688030517114 
Car -1 -1 0 267.1156933376329 184.62638935484947 343.8534109014349 228.12299304679593 1.4838614 1.6040201 3.97708 -11.051831 1.4637575 26.595877 1.4466989 13.282198700867367 
Car -1 -1 0 479.68192957181657 184.0045408938147 524.5463095074812 213.9033675014142 1.4514282 1.606245 3.4360065 -5.418934 1.392633 36.785854 1.2207735 7.102358907680477 
Car -1 -1 0 312.77847828069173 172.87021761490274 372.20178975556087 209.07944336255954 1.7207751 1.7902331 4.358688 -13.317475 1.1340795 36.419815 1.4712113 13.264886255953789 
Car -1 -1 0 545.4596546271368 182.03541893640175 568.865007107619 201.0794851125445 1.4635599 1.6142936 4.0455713 -4.022763 1.2191515 57.356266 1.4390293 3.5392128670398475 
Car -1 -1 0 55.117710162089544 165.81150083200697 231.40062366328235 257.6682478652651 1.8791722 1.7777143 4.4765635 -10.712726 1.4822081 17.04317 1.4366131 15.536939365922992 
Car -1 -1 0 396.0244324693291 175.99303646548088 420.2949389179456 195.02975670574153 1.5560472 1.6227438 3.8688178 -16.800938 0.80219376 60.805416 1.3946351 3.5415147806792167 

