Car -1 -1 0 408.56548341720844 183.8003685821885 498.24250784969996 244.35922948240776 1.5163062 1.6906979 3.7825036 -4.354783 1.8586557 20.660679 1.5880358 90.34001591102144 
Car -1 -1 0 745.1086835247067 181.83265839625813 856.9715406069728 260.3181817067469 1.4512851 1.6175082 3.8379846 4.0281744 1.6716999 15.751788 1.6265271 69.6500683042418 
Car -1 -1 0 791.820370861815 179.83499428959632 1003.4389671504989 310.5766083403283 1.561012 1.5911622 3.524068 3.9775035 1.6808829 10.597906 1.5318836 115.37812592529701 
Car -1 -1 0 717.0092485616308 178.97205502243634 791.7363917225335 234.1491411859654 1.4518635 1.5682871 3.7724328 4.1801724 1.6488559 21.321016 1.6043417 42.9084566016134 
Car -1 -1 0 464.1968419234964 181.9770312372865 527.1505108554663 226.77184580065494 1.4742677 1.5432748 3.7503018 -4.0926394 1.8326916 26.436516 1.6204314 32.1179191710355 
Car -1 -1 0 494.14265698035825 180.84677925096278 544.0285743232395 217.21699598856532 1.4430178 1.5734646 3.9824648 -3.8848965 1.8145306 31.525055 1.5992272 19.40055268036419 
Car -1 -1 0 695.3706053081276 178.16900581229396 757.2759767111628 222.2047445451721 1.4659483 1.5957558 3.8835006 4.196222 1.6751038 26.442457 1.5584857 22.775715541558984 
Car -1 -1 0 547.1111897917988 177.56620528355546 579.1769496923149 202.1380646224061 1.5400485 1.6006532 3.7546 -3.0411835 1.8655138 47.900257 1.6509743 12.718084351877382 
Car -1 -1 0 683.1808292653717 177.54001030128066 724.4046200575718 207.9370070449378 1.4704278 1.5661163 3.5342278 4.8145504 1.7239451 37.245773 1.5403925 6.753450519964338 
Car -1 -1 0 957.0967276598041 174.08819587440615 1027.7860790669565 204.73047813079552 1.4659542 1.592803 3.875235 19.34158 1.5319493 36.62931 1.5905614 0.2927820086479187 

