Car -1 -1 0 584.7716856097011 188.54565559251748 646.3318663441553 236.6089726734162 1.4129059 1.5830977 3.8707552 0.12632415 1.9907694 24.55086 1.4427483 69.03548006782748 
Car -1 -1 0 707.6261888806598 196.720793712659 948.4928429505476 345.0473003473695 1.3920491 1.5626165 3.7837586 2.5484366 1.7681613 9.389832 1.4340148 118.05231986153696 
Car -1 -1 0 401.6502015144112 192.27989420369366 444.4288361853212 224.48135631412705 1.5536158 1.6379151 3.6491213 -10.01833 2.6535888 38.97132 1.489438 30.86111259500475 
Car -1 -1 0 0.0 207.27514512796125 254.54341583735166 375.0 1.5654707 1.607025 3.6480365 -5.9793844 2.09828 9.235288 1.4011633 107.66497559362669 
Car -1 -1 0 1136.2354363413262 169.99076508041531 1242.0 260.854602104561 1.4083966 1.601912 3.834455 10.650183 1.3640162 13.208183 2.1939807 62.97535714452355 
Car -1 -1 0 803.9689212496071 171.0977364156301 917.5806632278218 219.78243237204052 1.548504 1.5832554 3.3920715 8.515169 1.4926428 24.500813 0.5400319 51.31232539503216 
Car -1 -1 0 571.8482837493692 186.60144554037205 620.5396235903152 226.4953372192226 1.483867 1.5861472 4.169484 -0.6312158 2.106511 30.50731 1.4361992 29.837488002193442 
Car -1 -1 0 1010.8983448185301 165.0742287462824 1137.3911677996741 210.4586630888892 1.465112 1.6373304 4.026521 16.160522 1.2139633 25.363234 1.4936492 4.708309608104726 
Car -1 -1 0 736.0522334762233 178.69278602501913 835.0137595894486 220.63188250228077 1.6703128 1.6243502 3.8206522 7.499833 1.9326494 30.802711 0.49025843 1.3441655144032125 
Car -1 -1 0 788.3676695638379 177.30433884944281 894.1174794676149 219.82746138683225 1.4775752 1.5489614 3.501843 8.640844 1.6535429 26.964575 0.54069906 0.8980256458617906 
Car -1 -1 0 128.53490704981272 199.3101614564832 170.52506136947412 220.06244730091444 1.5241027 1.6703782 3.5653787 -38.022236 3.783454 59.722908 1.4046102 0.7469933663503391 

