Car -1 -1 0 861.9981205419599 193.5872158046717 1110.4876212425806 280.4394255690644 1.4003689 1.5623215 3.6798344 6.651821 1.7985551 12.95979 -0.0641542 118.68209282296446 
Car -1 -1 0 716.2272689357409 184.1060121276959 849.118328026726 231.27101932865622 1.5482569 1.7383506 4.178584 5.9410496 1.9538155 25.069546 -0.032688983 63.95263895439867 
Car -1 -1 0 820.9195295595272 186.77946466040603 1022.0817789612518 264.4061334534219 1.5178783 1.5826974 3.5606961 6.4768453 1.8276169 15.22632 -0.017603071 57.99180762128622 
Car -1 -1 0 216.75500356073934 183.89614618111335 436.24255530070064 264.81214230481453 1.535913 1.5968165 3.8760505 -5.695654 1.7757004 14.800738 0.03615099 96.6231013525554 
Car -1 -1 0 0.0 188.41073236737708 359.1826515622264 303.027571882812 1.4355798 1.5864849 4.1279387 -5.851964 1.6726898 10.134476 -0.033997715 74.81033266191069 
Car -1 -1 0 640.4503583723797 182.522285129244 676.3581447790723 210.96446763484076 1.4283495 1.5652101 3.6639106 2.620058 1.9807754 39.364407 1.5293818 19.35681776840783 
Car -1 -1 0 290.2699394217498 173.71425095029113 459.71252146605485 239.65790126685468 1.7163783 1.6879463 4.1237946 -6.3142614 1.7411036 19.771944 -0.060239457 34.76910630080695 
Car -1 -1 0 418.2838753679171 179.33880036470353 520.1128487576832 215.7312639263836 1.6107762 1.6433778 4.337735 -6.3862457 1.916143 33.110886 0.020543495 31.522685200681224 
Car -1 -1 0 254.46896472420497 185.87473433409318 449.864247607795 252.22279195671538 1.4628973 1.6017009 4.086443 -6.0446167 1.7900025 17.199602 0.062436357 18.72037246859554 
Car -1 -1 0 102.32013885039126 187.5412270005597 373.0201978775415 279.2654425617212 1.4490652 1.5615981 3.8864956 -6.303047 1.7220992 12.545124 -0.045400422 15.334169155919398 
Car -1 -1 0 357.4927285564352 180.40857814431706 486.75295526545165 225.34431441435677 1.472122 1.6003284 4.0222673 -6.3523645 1.7397332 24.737066 -0.011129694 12.457157091578683 
Car -1 -1 0 319.2389909553235 180.98053841397353 470.9971204513886 232.29697251328952 1.4930539 1.6132792 4.192926 -6.489627 1.7523317 22.145544 -0.03290873 0.344981849193573 
Car -1 -1 0 567.6454119175797 180.85894023240363 588.1702717829335 198.17911102979258 1.4338064 1.6147715 4.1879673 -2.7674656 2.1645086 63.766014 1.5745409 0.2724601924419403 

