Car -1 -1 0 91.69929787322363 193.55901332596898 177.55749281090075 247.39781119519517 1.4243308 1.5779127 3.7040453 -14.788807 2.132045 22.64981 1.1793232 34.00381211885832 
Car -1 -1 0 609.4874358018852 176.04933941074796 653.9004926652639 209.92826100922792 1.5580598 1.4856776 3.310543 1.0365698 1.7221198 35.281082 1.3820417 45.949805389084815 
Car -1 -1 0 451.6067881157067 180.3391366583076 492.81943396274744 220.34794255181936 1.5774618 1.647325 3.8656106 -5.914322 1.9229567 31.25916 1.3989092 17.934139768263876 
Car -1 -1 0 637.3685616895167 178.36195588535594 692.9730338615318 219.33775896120792 1.4962722 1.4824326 3.4298134 2.1458519 1.7286432 28.636528 1.4260213 44.38209744786492 
Car -1 -1 0 698.8836040453492 163.0394398200115 830.3154574967543 264.9848124260046 1.7279066 1.6878359 4.336743 2.8964677 1.5615562 14.398614 1.5700185 62.207723357544666 
Car -1 -1 0 572.7349187626122 179.6811637594416 604.6439046848739 203.23953042864295 1.4515039 1.5568088 3.602459 -1.4092747 1.9188584 47.479202 1.3855147 27.543165479845808 
Car -1 -1 0 678.9469797796438 177.91410642310538 768.9798628240403 240.17774271772484 1.4876276 1.6050812 3.909672 2.9832532 1.6388516 19.563923 1.5105084 25.18871392252613 
Car -1 -1 0 532.9381763434919 180.59420637004277 554.961961862103 196.30557254098383 1.5017455 1.5144987 3.3754847 -6.623981 2.300439 72.61586 1.26256 0.3338962495326996 
Car -1 -1 0 552.1365491120421 179.28750063441817 578.4574548772555 200.2524749217991 1.5846015 1.6051579 3.7446032 -3.5734613 2.1173334 57.75376 1.3721516 0.8553038200807024 
Car -1 -1 0 440.1851911566429 185.36828220163753 478.8045969301348 216.5218735364128 1.4243196 1.605514 3.939151 -7.575987 2.0962949 36.690956 1.4477216 0.2770997881889343 

