Car -1 -1 0 672.5462910007062 191.93357492377652 762.1405098913162 252.9326611449659 1.4287089 1.5810236 3.4837916 2.865327 2.0021043 19.861973 1.453759 96.82500741885603 
Car -1 -1 0 642.8679624354122 188.52258565500543 693.5623842809146 229.3994365745859 1.4646847 1.56566 4.0200176 2.3260179 2.1489172 29.464876 1.5246098 50.01036066443167 
Car -1 -1 0 0.0 195.46443266954898 308.7830325491443 306.7296179554428 1.4861397 1.5972501 3.832442 -6.774225 1.853639 10.858967 -0.03679204 50.10081949089228 
Car -1 -1 0 204.20282882289072 196.10716432307996 419.8454504583413 267.7913426226364 1.4293895 1.6055821 4.039674 -6.368503 1.9625938 15.730576 0.0058406363 78.74494992392775 
Car -1 -1 0 324.06089691168154 192.66559430817 467.11282958430144 241.85482788098298 1.442112 1.5976973 4.0189066 -6.6640615 2.0896096 22.71639 0.033377 31.056374082046915 
Car -1 -1 0 255.06838970547565 193.8296812601656 430.6157248386605 256.8203074563026 1.4586282 1.5501928 3.8161976 -6.5693235 2.006003 18.033485 -0.010736462 18.916421681206316 
Car -1 -1 0 294.49385558013586 194.39662712719667 446.7372832621441 248.89572773479313 1.4333311 1.5490236 3.7921698 -6.6862144 2.0673442 20.425869 0.01849395 18.2358682840625 
Car -1 -1 0 372.7187081514769 188.89028673533736 485.2375419986144 232.62355899417273 1.5661633 1.5652186 3.8700929 -6.863037 2.2018497 27.59142 0.12113449 9.756310913323954 
Car -1 -1 0 422.79401914305174 191.16716006136818 521.2203650207043 224.94868255993043 1.4673147 1.6260004 4.190104 -6.297683 2.3356924 33.282288 0.057356957 10.30588506393916 
Car -1 -1 0 351.99035113515623 190.76962803423612 474.2733473160451 235.81995181226068 1.473799 1.5877246 3.8236027 -6.7560296 2.116592 25.071188 -0.01202507 8.332906526612614 
Car -1 -1 0 625.528457540504 186.16023635259612 649.2343971219782 206.00527741877409 1.5190525 1.5021417 3.564444 2.2681012 2.6512003 59.547363 1.4783121 3.0950881698458397 
Car -1 -1 0 448.84299318478463 182.20246184238195 523.060520634502 215.4546860690548 1.6998906 1.6528872 3.6599045 -6.50239 2.2059598 38.21128 -0.012044333 0.6989700972609629 

