Car -1 -1 0 335.3479935872629 185.1083002701923 465.243349859547 261.22819566890564 1.4275657 1.6111426 4.345649 -4.310536 1.4255515 15.660921 1.5625787 77.8878189574612 
Car -1 -1 0 583.7482213584881 177.7530949949166 664.2017053699524 252.72831713058542 1.5673764 1.6827813 3.341586 0.372728 1.4113687 16.709724 1.5841187 61.67843494667279 
Car -1 -1 0 0.0 199.00311946321114 320.0835194911979 375.0 1.4252964 1.5286956 3.6009817 -4.4347076 1.6015575 7.389461 1.5707402 81.5276107824336 
Car -1 -1 0 0.0 187.16196087283646 240.49984062224962 281.7121211468925 1.3823721 1.6328907 3.896986 -8.216587 1.4216187 12.543116 1.5759563 47.551287784127226 
Car -1 -1 0 189.1328126813146 182.83140727193427 293.18998117886855 227.44069747630004 1.3877249 1.5698456 3.8742352 -12.235474 1.3135533 24.30569 1.5629582 56.1779686805135 
Car -1 -1 0 315.9976174090481 182.81808928540778 403.09548632238466 226.71208535010564 1.3817029 1.5872343 3.8805552 -8.351528 1.3062305 24.581295 1.5871805 12.574464358021014 
Car -1 -1 0 174.8846161270029 176.92886267254957 227.464187049124 197.48893521516564 1.4751472 1.7132969 4.244826 -30.274681 0.8805821 53.741535 1.5176224 15.184857151291276 
Car -1 -1 0 679.0578906927728 183.42828896109853 708.4837181048723 202.46526590882124 1.5649365 1.6524186 3.7230344 7.3917623 1.4180024 61.126637 1.9288559 4.737271488321155 
Car -1 -1 0 50.78557651049792 180.89890307278625 137.48179922908764 211.16855078982573 1.4513638 1.5876039 4.0418997 -25.932407 1.2443829 36.506622 1.5473037 2.2849272241504566 

