Car -1 -1 0 157.94625455634628 206.38986954631372 393.33334500349935 358.1962177921842 1.4638112 1.5545734 3.5038788 -4.112939 1.9882326 9.511667 1.5449083 78.34718962029743 
Car -1 -1 0 703.898240313755 183.5235468980369 820.5332415834464 279.05505705018186 1.5132146 1.5582175 3.2572868 2.711362 1.7363902 13.444811 1.5958484 102.5371375212958 
Car -1 -1 0 476.945404971683 186.36365227341233 525.9087250343663 224.9750349865177 1.5729016 1.6267828 3.7094047 -4.816274 2.217307 32.5562 1.5784805 57.276212126844534 
Car -1 -1 0 653.1776856927006 180.06388814028244 705.1100295732298 221.53762348373195 1.5331872 1.5848367 3.6614752 2.7504292 1.8434937 29.188316 1.5237483 61.85895826038849 
Car -1 -1 0 381.34839542094306 182.45501305254146 484.822386346142 261.78986801214086 1.7657347 1.646308 4.1415863 -4.4093914 2.041286 18.634644 1.574302 109.20603782380257 
Car -1 -1 0 520.4952941794669 186.190105987658 546.2689626196898 211.02079624720145 1.5262195 1.5818641 3.9270368 -5.08714 2.4603143 48.52512 1.5020179 12.388093328637222 
Car -1 -1 0 548.2967150052683 186.6200119343015 569.4212099915726 203.9696642120037 1.493484 1.590669 3.8519166 -4.69053 2.8117628 67.14926 1.5989643 4.197221587301104 
Car -1 -1 0 632.8956471961212 180.09621298791586 654.2673799350927 197.10733478980617 1.5477004 1.5992986 3.6399262 3.2884705 2.261877 69.22201 1.7450935 5.819266454999495 
Car -1 -1 0 564.7379822222559 181.90376928975462 586.3246439207029 203.73929821947908 1.6702113 1.6328037 3.7405043 -2.7961555 2.4308934 58.719677 1.4908143 0.28595077991485596 

