Car -1 -1 0 83.15988209357876 183.4234785645899 202.23515964178387 224.96928112512757 1.485012 1.6210483 4.1988506 -18.681355 1.9438698 29.118706 1.7396195 60.22877863809423 
Car -1 -1 0 299.65769754478697 176.7774511628513 382.741414876155 207.96713726833227 1.6038905 1.6532661 4.054497 -14.723299 1.83168 39.765247 2.198732 25.2719171828019 
Car -1 -1 0 986.675257046015 167.15216151373883 1032.3512895807187 184.874194469644 1.4946595 1.6215278 4.1732006 34.82956 1.0137715 62.95275 1.555265 5.724448501395143 
Car -1 -1 0 248.23869426460828 180.90562163658188 328.25100280872664 206.5734238104777 1.4763455 1.6946853 4.232924 -19.975254 2.0021462 44.9808 2.3057542 16.684109444234906 
Car -1 -1 0 386.3864138816621 176.9753900734909 416.4935493929117 192.65191396050366 1.4997215 1.6577559 4.1209197 -20.790852 1.9242549 72.226746 1.6176157 2.7926932316223994 
Car -1 -1 0 1053.6751962255516 164.62721335991307 1100.1172214166509 181.73375327075584 1.4778061 1.6519973 3.932201 41.592743 0.76710707 64.314995 1.5911798 3.6239004368486922 
Car -1 -1 0 835.8132857482931 168.98578380964963 868.0844702180867 185.4662125958296 1.4586902 1.6571387 3.8171337 22.052689 1.1163123 65.77277 1.5700973 3.0434898573589835 
Car -1 -1 0 891.6412142048174 167.2191907353887 938.4264502853958 192.264782343812 1.5765741 1.5917404 3.7924907 19.982248 1.2218729 47.346058 1.6108325 0.8633562903843974 
Car -1 -1 0 0.0 184.87356608485425 65.31939826030246 220.34063786928198 1.8214864 1.5963916 3.7675126 -32.351967 2.528915 40.446423 1.3270347 1.824145812527656 
Car -1 -1 0 807.2437859562176 169.48512374220007 837.3500427803262 186.0848525110521 1.4510361 1.6461769 3.65658 19.09813 1.1565514 64.904396 1.5758734 0.32443833351135254 

