Car -1 -1 0 578.0337969131209 174.24009933386844 650.353055873623 242.40579320140512 1.5763267 1.6740808 3.2540007 0.13814722 1.3225168 18.262913 1.5557384 68.51612953207635 
Car -1 -1 0 357.7227757888641 179.72567774607276 471.17610209726087 258.6219692710568 1.5829015 1.6411031 3.4418788 -4.1934404 1.4727548 16.14759 1.5656552 112.0381023238291 
Car -1 -1 0 184.4319179550993 189.10638251149615 329.32860621393866 254.9783373319995 1.4036868 1.5660005 4.15559 -8.391046 1.5105014 17.650055 1.5609853 62.811763685256174 
Car -1 -1 0 456.25538474859417 181.56569037697463 512.0116741230274 220.37244136483676 1.4152339 1.5502248 3.5254126 -4.722042 1.2821226 27.982433 1.5759143 51.38837288280414 
Car -1 -1 0 498.46741448955333 178.914691473672 532.2552084547783 209.37939928473685 1.43888 1.5151932 3.7453113 -4.5384865 1.1412768 35.88227 1.4862368 13.050650031345128 
Car -1 -1 0 98.39515618445888 182.55738954946295 168.29274570873292 209.414834489574 1.5571723 1.6717198 4.0416937 -28.72109 1.4030458 43.722275 1.5426095 6.960243532720947 
Car -1 -1 0 277.33698108523544 184.73799176806784 350.8384031020426 220.25006304627308 1.4758633 1.605555 3.8911 -12.882224 1.4560101 31.836258 1.5904794 17.767557103402094 
Car -1 -1 0 177.9816570920788 181.04083924885717 286.766442429012 227.41360562787887 1.4383729 1.5447747 3.7898557 -12.492771 1.3088787 24.228588 1.621125 3.5065973818704186 
Car -1 -1 0 377.9796771987504 183.96371724717326 442.60246337419915 222.85418657836155 1.5792732 1.6597441 3.5442615 -8.414753 1.5284325 31.00424 1.6226585 1.522433343775699 
Car -1 -1 0 630.2272254932274 178.91567723012705 649.6383801434215 193.43592632511124 1.4607459 1.5343046 3.9786694 3.41358 0.82695997 74.40675 1.7383143 0.8597854017612591 

