Car -1 -1 0 218.7790525855524 181.21744556400924 302.0400205517904 214.18963176161546 1.553734 1.6730239 3.9296758 -17.90238 2.009417 37.194313 1.8480012 38.513517806611624 
Car -1 -1 0 504.31812137628714 172.918366284414 559.3779988098968 192.4294493343722 1.4972643 1.66801 4.217335 -6.0604005 1.502389 56.41381 -0.09822051 6.071413758817717 
Car -1 -1 0 393.05086311023337 176.2250647054535 427.1278197255551 199.71484953011432 1.4632947 1.5301086 3.660501 -13.054503 1.6935122 47.383347 1.4799404 5.910538292475776 
Car -1 -1 0 824.829743279469 164.3012514770782 855.4496040067017 180.42792464665476 1.5317838 1.6573656 3.882084 22.488432 0.719405 70.49863 1.5424687 1.9179219880872844 
Car -1 -1 0 727.0098370898996 167.784799357566 767.3112773336411 184.3363259224746 1.5730057 1.6515449 3.7510436 13.430119 1.0912442 70.573074 0.9371661 6.3409704274625245 
Car -1 -1 0 71.10187506283383 185.79000797262424 137.1749796903095 214.53571559324033 1.6724766 1.6370467 3.7655933 -31.86257 2.5244899 45.611862 1.5344598 0.6577906257823484 
Car -1 -1 0 1031.4954319374872 162.4023617604656 1071.8588496318084 178.74838974093112 1.513198 1.637258 3.6783984 42.012405 0.54565996 68.649025 1.5895646 1.1473636520529034 
Car -1 -1 0 994.5278279798725 164.34827137496336 1032.1787645556678 180.15236474377392 1.4624879 1.6189097 3.8915565 38.431248 0.67537975 68.76567 1.637809 0.35504350066185 
Car -1 -1 0 873.2784089490577 164.66164062374773 914.1645367302143 188.03259165929964 1.6220269 1.6366584 3.5530832 20.380564 1.0534478 51.879494 1.6033247 1.2894806232763016 
Car -1 -1 0 338.39975461569543 177.18801437005533 401.6886408556492 198.80822935244376 1.4909726 1.6314139 4.0496864 -17.37193 1.8171909 52.414158 -0.6688586 0.4871017918720355 

