Car -1 -1 0 360.6081922228323 184.761498313613 474.3497270388786 258.5448156814312 1.5242912 1.6908879 3.8309495 -4.4960766 1.8440988 17.453297 1.5828559 118.13745573628316 
Car -1 -1 0 847.7102553383623 182.79150353648004 1214.118005440491 375.0 1.5680923 1.6206944 3.5220616 3.9188094 1.6955616 7.4599404 1.526351 116.52159642454525 
Car -1 -1 0 770.4810717831717 183.99178382177595 923.025814501023 288.04216562159246 1.4754983 1.6030262 3.7598557 3.9272692 1.6991026 12.564451 1.625997 81.97581855714522 
Car -1 -1 0 726.8976458042355 179.41073880189046 820.3733296368835 246.30998016831896 1.4726875 1.6059189 3.7576861 4.006218 1.6550026 18.159775 1.6022189 52.28985958658049 
Car -1 -1 0 703.8441737844474 178.22416222309832 774.4585693596487 228.86293138145663 1.4567457 1.6290119 4.034224 4.071319 1.644721 23.222336 1.5922719 27.073147124362556 
Car -1 -1 0 472.12108330886997 181.43028349996035 533.3735147462305 222.04770746693268 1.4344659 1.627828 4.1198974 -4.127741 1.7976884 28.462875 1.6174709 26.891527432413273 
Car -1 -1 0 436.3895697766051 183.52065647946995 511.86365138287243 235.30379395861817 1.4681177 1.5644797 3.8317318 -4.2571087 1.8399336 23.204796 1.6119311 35.88003103572828 
Car -1 -1 0 538.6127919491807 176.59912129585328 573.347480041018 202.8106342355102 1.5328748 1.581214 3.3978972 -3.2632117 1.7728586 44.468353 1.6671739 9.297745148235267 
Car -1 -1 0 690.1517061149351 180.5423498418126 746.0011584790271 221.9072439629479 1.4651684 1.5785044 3.801517 4.1639585 1.7856994 28.17381 1.5622146 3.105439273960305 
Car -1 -1 0 685.5693155735223 178.24889706560148 729.2321058409349 211.85869073755757 1.4721347 1.5644462 3.6044073 4.553997 1.7397245 33.985703 1.5697978 1.256170361346139 
Car -1 -1 0 545.9896852114373 175.06325803714833 585.3712274510251 198.54966005939482 1.5055615 1.6252601 4.005937 -2.9180932 1.6614568 48.78452 1.786746 0.3769344091415405 

