Car -1 -1 0 694.4653965894026 176.41430562407095 779.7235143950205 242.61691002574656 1.5038605 1.5662514 3.7059102 3.1516163 1.6041013 18.45288 1.5826681 65.07178962547358 
Car -1 -1 0 720.0312216597071 179.91287590619754 875.8102657251688 284.1484240355328 1.4956763 1.617574 4.4327555 3.1208339 1.6432838 12.870834 1.5697919 102.22298762199183 
Car -1 -1 0 40.16591064307162 195.9848529680909 408.921969506856 375.0 1.4512492 1.6817844 4.2037354 -3.5747085 1.7657108 7.704202 1.5745764 137.42687434780981 
Car -1 -1 0 408.99688594902045 181.93770971018827 506.8697495738802 254.6198209930449 1.5588875 1.5505201 3.7697124 -3.6251636 1.8075981 17.853325 1.5939233 86.65159573282466 
Car -1 -1 0 773.7987124841569 189.96606467628476 1211.036710463835 375.0 1.4260077 1.6378286 4.392805 2.8797364 1.636712 6.671153 1.549576 114.83829413230362 
Car -1 -1 0 325.00034055786386 185.53233571019564 458.96507702149876 288.38505210086726 1.5673018 1.5188948 3.488062 -3.8171039 1.8304513 13.204014 1.5320914 82.73591898287704 
Car -1 -1 0 638.8575621098315 174.65621019374294 683.5350142165638 205.10820381441496 1.5957575 1.533856 3.2857242 2.8042352 1.699599 39.797497 1.3341602 23.886653797195066 
Car -1 -1 0 594.2127293504889 174.40605095674076 627.6872664793875 195.60366724442423 1.5329713 1.6602697 4.1368837 0.06287254 1.6553721 54.702965 1.3486896 3.37300442247064 
Car -1 -1 0 557.9776393503449 175.48104852179813 600.7359834247293 192.41216087178015 1.5760438 1.5799708 3.9803252 -2.894823 1.836398 69.628235 -0.6938151 7.545011022123529 
Car -1 -1 0 934.7126010342387 150.90765991969857 1063.220841466223 194.3538924542186 1.4707944 1.576633 3.672381 13.650644 0.72784024 25.46479 0.14093164 3.509463669171949 

