Car -1 -1 0 91.97659979586354 200.75954895358643 388.7296827351639 375.0 1.4487276 1.5563166 3.4518461 -3.8188205 1.8311421 8.153042 1.5823921 120.24983542075626 
Car -1 -1 0 665.2422942298665 182.84143688689886 724.4453574512701 232.01353733757597 1.4343103 1.5663949 4.0636764 2.744081 1.7938522 23.92681 1.5922033 70.22349407385197 
Car -1 -1 0 768.6951114158385 168.01978928089991 904.9082307957099 212.00813630720648 1.5308974 1.694365 4.392811 8.170982 1.3626554 26.141594 -0.0849054 55.93526896336708 
Car -1 -1 0 854.2426007148625 169.81053637632434 1081.1148740508106 237.91818939732784 1.5006945 1.7104475 4.444066 8.210175 1.4336343 16.798443 -0.020217389 97.26023970943972 
Car -1 -1 0 387.90578532911684 192.91116280885257 455.3883595293112 240.59909214405118 1.4036574 1.5635027 3.9305205 -6.40316 2.1531906 24.948456 1.5005145 52.787257801043715 
Car -1 -1 0 276.62849100828794 195.85461136586966 400.30332010146884 268.3769886374553 1.4366845 1.6017898 3.5540528 -6.311479 2.0418196 17.203152 1.5747309 26.058152673420885 
Car -1 -1 0 817.2176920904519 161.50319656810714 994.3971397040593 225.3047152934495 1.6847928 1.6930399 4.195102 8.073818 1.3850545 19.913559 -0.0064684916 59.1203596280206 
Car -1 -1 0 471.6357494758686 185.1834171224134 514.7227627786685 215.1755323878794 1.4885554 1.5665004 4.13488 -6.330467 2.2014303 39.62535 1.605358 8.49668236958764 
Car -1 -1 0 1008.9546084499925 156.52457102389963 1102.1737333071542 187.98585321516055 1.5142884 1.5766524 3.6032553 21.93415 0.7283233 35.572823 0.031066366 8.905915663754396 
Car -1 -1 0 1050.1464986602878 153.40399992465078 1159.8206592634124 189.22517540328232 1.5699567 1.6490943 3.7934222 22.228172 0.7175094 32.46653 0.009883633 12.691420940233007 
Car -1 -1 0 1101.4662165982527 150.62908245403366 1232.416622961913 189.03087473550468 1.5084527 1.6219532 4.088024 22.49179 0.63544023 29.205044 -0.025324043 7.217548610344306 
Car -1 -1 0 711.4152300552655 171.6024881440472 770.2911275196232 193.37908555190378 1.530974 1.6905746 4.1070266 9.460943 1.4429879 51.97139 0.20448178 2.0806013972334387 
Car -1 -1 0 492.1305369995644 184.27355797849876 525.6337622089259 211.11684470569955 1.5386145 1.6026586 4.1269217 -6.259349 2.2869797 45.20575 1.5505544 0.5483379513295882 
Car -1 -1 0 501.1115713753938 184.05062057032825 525.9807819902443 207.1713634797301 1.4779298 1.5748817 3.5927598 -6.59355 2.2795126 49.791874 1.473942 0.2659032940864563 

