Car -1 -1 0 756.4658269283714 187.60756245757767 1103.5286067409768 375.0 1.4188704 1.6712688 4.2759047 2.7753804 1.6140949 7.408068 1.5727478 99.59956310410621 
Car -1 -1 0 749.0552057988792 177.39570217167014 873.0052904415548 222.4454128653356 1.4435266 1.5753775 3.691439 6.6946898 1.6013573 24.186846 -0.054829646 42.914336528138605 
Car -1 -1 0 774.7653972821255 178.42441310888233 979.3450481711765 244.15401194452002 1.4342749 1.5962259 4.1376514 6.0704174 1.5692246 16.680122 0.00089953665 56.99249662831937 
Car -1 -1 0 264.97053127268737 169.0050337705908 451.1284816908449 227.11642967521493 1.4475663 1.6346413 4.318673 -6.468203 1.3516877 18.898365 -0.05023531 45.38281047355628 
Car -1 -1 0 330.2663973807815 169.77287820645313 483.09479071051965 221.24328499336275 1.4588113 1.6102835 4.0755224 -5.900986 1.3714838 21.311016 -0.027403938 42.768627513622135 
Car -1 -1 0 0.0 169.8254697977309 344.65953492361365 305.2222454432151 1.4775115 1.6370454 4.206782 -5.6179857 1.4444628 8.76252 -0.033623617 109.95427370645582 
Car -1 -1 0 733.6956114143018 174.47678837412656 847.0588106244963 219.6476145700626 1.5941681 1.6185483 3.7253642 6.5470247 1.6553684 26.368286 -0.018289058 21.89719606889718 
Car -1 -1 0 397.7001740921978 170.0445508146388 511.5373025527961 213.18286885848718 1.4997884 1.5736392 3.7378807 -5.5011578 1.4021122 25.89784 0.013600048 30.968221104948277 
Car -1 -1 0 856.3205395563615 178.87819423077644 1123.3896751374502 271.6270849030579 1.4376292 1.5750259 3.7332902 6.3208385 1.5494688 12.357138 0.13883695 37.11729976192431 
Car -1 -1 0 693.0442289217889 173.5777406802252 772.2533825398075 204.62289580840903 1.5186296 1.6600177 3.7092643 6.1278 1.5558031 36.198044 0.017597258 13.190554974288833 
Car -1 -1 0 412.0780638754787 163.03919010295616 513.2606667400792 203.50935055164933 1.6824516 1.6468782 4.051754 -6.230777 1.2744238 30.92662 -0.053396646 12.613586332226818 
Car -1 -1 0 634.8751013760381 171.53497769479276 661.8708649129768 193.9117040756326 1.513063 1.5804453 3.6582575 2.690532 1.4238734 50.64306 1.5376232 3.7057369293417017 
Car -1 -1 0 476.26291688032177 169.2027670014314 548.7132676279167 194.4948840908031 1.5229046 1.6092907 4.163498 -5.9515924 1.3030541 44.458206 0.10204829 3.4253269505421686 
Car -1 -1 0 411.6588143105437 169.3920297178195 518.0308626499296 208.39464750899265 1.4965281 1.5972512 3.8494737 -5.693758 1.3636924 28.627728 0.07595059 0.7347873249953346 

