Car -1 -1 0 716.757455389156 178.79391161433136 847.2894195791968 273.9804345354986 1.47248 1.6069158 3.979257 3.0277054 1.5996437 13.430202 1.6060805 136.9921206273415 
Car -1 -1 0 299.99820159363753 184.01388601640193 425.69502700917934 258.29083163836145 1.5783159 1.6763976 4.144262 -5.9894986 1.8895913 18.041758 1.5847619 89.13406849372564 
Car -1 -1 0 887.4879543772311 148.27947342239742 1144.2944309212473 225.2220492351668 1.5501354 1.7278104 4.51016 8.544048 1.0550408 15.465519 0.029008426 137.35334826517345 
Car -1 -1 0 430.72651006027655 181.7662950376315 496.4624977912372 224.06646778057402 1.5380323 1.6220835 4.0102644 -5.8082304 1.923435 29.150808 1.6325066 27.495189985416804 
Car -1 -1 0 482.65914756530987 180.27091487861068 521.5798134343801 208.90828310996548 1.4565914 1.5345521 3.7531447 -5.840523 1.882638 39.561684 1.5823544 9.113864721570584 
Car -1 -1 0 461.11331081091436 180.24807556027596 510.1777515916971 214.4295929838022 1.5095693 1.57532 3.846719 -5.8875566 1.8847055 34.657894 1.6049442 8.234175819453586 
Car -1 -1 0 738.6698604443161 165.6624282347187 769.2961235322534 191.69569838528767 1.4501485 1.5709126 3.7185647 8.394687 1.0495514 42.146935 1.7185209 8.303778047024752 
Car -1 -1 0 1125.3201816239098 141.4094955690687 1242.0 182.9550639089109 1.5144836 1.6512179 4.1250796 22.082767 0.36821952 27.166126 0.018446427 1.071224480869652 
Car -1 -1 0 520.3848608542856 177.82233663956305 542.9324269455678 199.4982609693384 1.495188 1.5601685 4.1423264 -5.675832 1.8739803 52.879585 1.4832983 0.535445286075001 

