Car -1 -1 0 478.3609278783122 187.64857378436406 613.2013658704635 268.80376571962523 1.3863814 1.5870347 3.8387978 -1.4700007 1.7396882 15.156651 1.127943 121.62620052129887 
Car -1 -1 0 378.5122142997926 180.30793841087214 434.38822311050717 220.63048408237836 1.4568839 1.5995452 3.9978468 -8.225998 1.7788655 29.016375 1.1507167 55.42050403737338 
Car -1 -1 0 1057.0323131922864 153.59269662417486 1242.0 240.92757516412257 1.3686457 1.6913862 4.097459 9.916106 1.0667971 13.517881 1.8891644 84.70628405925218 
Car -1 -1 0 184.38700670727468 186.19357318729942 227.91263168653484 217.1120941435431 1.5358566 1.6531591 3.9754777 -22.216326 2.3124318 39.852226 1.1759742 15.6635614814143 
Car -1 -1 0 0.0 199.80466322997498 129.59929599982135 310.7585106313324 1.4572879 1.6253539 3.8248093 -9.572035 2.0036376 12.555256 1.0929437 71.17139331640635 
Car -1 -1 0 939.3328123457765 152.61808391592535 1055.899121879721 227.80076465590943 1.4064443 1.5489423 3.4099002 8.108094 1.0278904 15.354782 1.8678015 36.48572430354676 
Car -1 -1 0 364.00999922239475 179.4092011830309 409.80996163034933 214.60774726414925 1.5236695 1.591332 4.116871 -10.620714 1.8549328 34.25861 1.1501616 13.809960081199856 
Car -1 -1 0 562.3798306801863 165.69236172113543 651.1457952706864 204.323761186466 1.613436 1.619353 3.5542154 -0.103385806 1.3143308 31.396149 0.27458882 47.29933627567802 
Car -1 -1 0 500.8540240790424 175.1879931334394 585.2243725378357 206.40343246170713 1.5462606 1.5732988 4.0433044 -3.3860097 1.6695573 37.011536 0.16330071 2.0298725456572226 

