Car -1 -1 0 141.25220495596395 194.85818938434238 345.2390548426315 305.3318630102417 1.4424396 1.5476334 3.5461836 -5.7954335 1.8598077 11.907646 1.577507 109.65422820437566 
Car -1 -1 0 715.9151353838594 181.4441624931926 836.4721882605003 258.80553036158307 1.4216859 1.5681579 3.7617512 3.4501326 1.6303006 15.604332 1.5197408 116.72425930955285 
Car -1 -1 0 354.1197685257337 184.80292950039436 462.5710408415 243.477018726424 1.4590135 1.6346102 4.116993 -5.6927743 1.8411433 20.942734 1.6748161 79.39603733343026 
Car -1 -1 0 662.6188757137902 177.24378112040858 711.4058504277497 215.68150367300245 1.4745774 1.5733268 3.6516356 3.1525378 1.667913 29.93917 1.5537627 42.44676664277526 
Car -1 -1 0 684.3876526236481 180.0444146600615 770.8220193125031 235.73673057742283 1.4337648 1.6193904 4.1799355 3.3570998 1.666973 21.264603 1.507218 31.994501778998195 
Car -1 -1 0 472.7682251952619 178.58532584876883 514.8927910038327 211.20303098666776 1.5174959 1.5447363 3.532958 -5.7159905 1.8171846 35.959652 1.5671448 14.029144428386648 
Car -1 -1 0 508.3636279056644 174.70336636111878 559.0062318386283 194.13891290056753 1.5888579 1.6465778 3.8973174 -6.3663774 1.7477083 60.61094 0.30181825 15.137484383669646 
Car -1 -1 0 103.31075798825943 186.78414856045083 243.1790332420512 232.18096321413148 1.4907813 1.5677752 3.88935 -15.026964 1.9883577 24.977703 -0.0058180895 1.1178688755801722 
Car -1 -1 0 654.0929006582073 174.47750346646245 698.622128782488 208.02274492447933 1.557672 1.5224438 3.2113967 3.2267468 1.6410173 35.35465 1.448088 0.2628442645072937 

