Car -1 -1 0 456.2865253004565 176.8097514560191 494.51408267875195 203.84836179419565 1.6965303 1.6524184 3.7076707 -8.941212 1.970242 47.8961 1.144331 42.98019138207462 
Car -1 -1 0 819.2597994206103 184.29322373830908 1170.9783796990278 320.4681664921541 1.488492 1.5756123 3.5455794 4.613285 1.6445038 8.939449 -0.06489831 117.23039164694674 
Car -1 -1 0 757.7268220585804 187.84300776112016 1039.982129547623 289.61657148833547 1.4360378 1.5499154 3.7779188 4.366258 1.6867093 11.244923 -0.02495633 44.65367863531156 
Car -1 -1 0 0.0 182.13450196443532 257.1690082110395 298.4381558905126 1.4947973 1.6399668 4.075097 -7.4717917 1.6386169 10.2981205 -0.03138899 111.43075085769095 
Car -1 -1 0 1028.2553782073587 182.50534577292407 1100.8010493657046 208.85894690325662 1.4880507 1.6957406 3.7808728 27.784061 2.10601 44.201607 1.4183888 30.53505807939424 
Car -1 -1 0 0.0 179.0447191313013 270.65372156984614 278.5474302726248 1.5750192 1.6510874 3.8471012 -8.234239 1.6926498 12.632627 -0.13526954 29.807809482979742 
Car -1 -1 0 1144.3734829168054 187.89247476092544 1201.502445692777 228.64740156798308 1.3887181 1.5501118 3.982154 21.966965 2.0159736 28.08329 2.285103 16.00457236025408 
Car -1 -1 0 94.94635341589863 172.3778086686899 317.16978693915286 260.04114989239804 1.7050681 1.6593318 3.7540185 -8.320856 1.695806 15.200493 -0.18835625 36.36583427924481 
Car -1 -1 0 358.38482777020295 174.54198136569585 392.95830864297005 204.47990932708845 1.6035388 1.6022327 3.636512 -13.2770405 1.703767 40.857143 1.1845787 8.674216221478979 
Car -1 -1 0 174.74399263572917 177.0074599658344 352.1548413862314 244.77567153741444 1.5474219 1.5776212 3.6533477 -8.370596 1.6560085 17.738583 -0.19332108 6.2490189967287595 

