Car -1 -1 0 633.7222158120214 187.5256979979435 673.815194536037 221.04315573395544 1.5696539 1.6705246 4.2169924 2.2589426 2.3819766 37.807274 1.5285897 31.82350949734912 
Car -1 -1 0 870.9031886871086 195.56253452634542 1169.9817099267475 300.9565468917897 1.475346 1.5565343 3.7794542 6.258737 1.8570735 11.294464 0.02994371 31.601545884264585 
Car -1 -1 0 754.6914692477332 194.65235680398072 920.9651219486373 253.76935362783647 1.4482445 1.5797598 3.9443703 6.0465813 2.0613434 19.337658 -0.08594878 55.81176899430538 
Car -1 -1 0 723.5987956455236 194.37041953569158 867.5799631272978 244.79161379726187 1.4234489 1.5892707 3.9879107 5.6674805 2.1153464 22.20966 -0.10152493 42.650567150353325 
Car -1 -1 0 10.142569984960298 195.30608578066295 343.0335355765159 302.2446707515839 1.4702313 1.6182564 4.145797 -6.479765 1.8427901 11.124515 -0.018982263 59.654982348167565 
Car -1 -1 0 815.2853630451071 195.94546486542123 1031.8699034494452 277.8260560433135 1.4709746 1.5513293 3.6154633 6.1090703 1.9549942 14.28101 -0.03763179 60.43740856406454 
Car -1 -1 0 128.87978211631147 189.99077326733251 377.97318020799776 278.504748384005 1.5230095 1.6214619 3.9061952 -6.5844707 1.8665795 13.606814 0.0248866 48.06824641130503 
Car -1 -1 0 924.2707793559844 181.84152748519398 1242.0 330.7331606445139 1.6397514 1.6138029 3.8685603 6.192975 1.7626114 8.959465 0.050755925 59.403969939636234 
Car -1 -1 0 240.41288821022846 187.28832442092948 427.65347212188567 256.4182861666643 1.6090255 1.6845441 4.0893955 -6.812521 1.9919405 18.170238 -0.06372991 58.016506645343384 
Car -1 -1 0 723.9513488458127 182.03161942883725 853.2335129980744 237.82828944274468 1.8002732 1.6803856 3.948086 6.0287805 2.1248255 24.556103 -0.061521165 20.216654665032422 
Car -1 -1 0 796.3375172059804 192.14663318874736 980.8852626326194 260.9017942958045 1.4617146 1.5744842 3.7408996 6.478837 1.941691 16.931402 -0.12799144 12.927844513930502 
Car -1 -1 0 434.3008135148685 188.73012519507725 521.7170380093587 221.37592374301232 1.4879313 1.5836476 3.8752613 -6.253931 2.2666364 34.548122 0.02627511 13.631842947128305 
Car -1 -1 0 412.0335716052987 186.83980583294624 506.8033385769249 225.08713295007323 1.6191384 1.6075033 3.8560796 -6.602611 2.254982 31.976748 0.012031038 17.465041682279214 
Car -1 -1 0 283.6293354946704 177.02258073254873 451.80595587359323 244.70793212150528 1.8495078 1.6897904 4.2855453 -6.8495107 1.9747958 20.758215 -0.03902353 8.349611909506182 
Car -1 -1 0 619.3852941865701 186.30269048436224 641.5376477294134 208.32120735109638 1.4741421 1.5577939 3.9301937 1.5321238 2.493948 52.72508 1.6023586 0.2849825322628021 
Car -1 -1 0 417.2382327444056 179.7089645604927 484.34270144940695 204.24264501364934 1.5028858 1.6123526 3.993185 -10.021685 1.9470606 45.755177 -0.09799887 0.27638745307922363 

