Car -1 -1 0 283.0405608757062 203.96936777153945 458.35056346502745 323.89119285464034 1.4756765 1.6736864 3.9445155 -3.6992655 2.0750318 11.905699 1.5454692 120.57226793580716 
Car -1 -1 0 712.4655733623647 193.37006796612332 881.7305249552703 327.10698746994495 1.5695769 1.5625231 3.644453 2.6104145 1.930481 10.861424 1.5589453 87.1776056626639 
Car -1 -1 0 671.6254872223009 194.67287073953827 777.821501914458 273.99960531333727 1.465486 1.5676289 4.3985453 2.5217905 2.0409415 16.79468 1.5213741 74.65579549761662 
Car -1 -1 0 804.4753835639168 197.8424169835711 1210.8070926124958 375.0 1.550309 1.5754333 3.3196979 2.9849977 1.8250164 6.2386823 1.5259911 99.51440308399829 
Car -1 -1 0 392.9713487836681 201.77673710921172 498.30121348358404 275.2295826859177 1.4170847 1.6363685 4.090585 -3.8437896 2.2036123 17.576256 1.5708194 58.575974937098486 
Car -1 -1 0 470.0843124992393 196.77155056859107 525.8175581462699 241.96172866473006 1.4930514 1.5552573 4.0823236 -4.259699 2.4906213 28.049202 1.565564 14.83180312865663 
Car -1 -1 0 650.0966532833648 192.60232998125363 702.600201989923 236.40170031355794 1.5246271 1.5804 3.6018312 2.584362 2.3580046 28.611122 1.5214502 19.58420917342414 
Car -1 -1 0 618.1012415690903 192.426617133716 655.5918455831709 217.35958467828326 1.5532868 1.5966059 3.6431594 1.8506124 2.9629903 50.00256 1.310483 4.227937282547289 
Car -1 -1 0 659.8265764441434 192.7313545962158 731.7716736400931 248.7890752507695 1.5040344 1.6039058 3.9531958 2.6294968 2.1878479 22.805544 1.517465 7.3411573829030035 
Car -1 -1 0 439.69444100806646 198.86562495449257 505.13783445267404 253.5504907125373 1.4819379 1.5226741 3.6355796 -4.316312 2.3828702 23.148575 1.5370622 1.3209815484326215 
Car -1 -1 0 587.0187736735077 194.3404641359704 608.8301413843773 212.7239130112014 1.4735969 1.5789733 3.910438 -1.0700177 3.4584324 64.62057 1.4568988 0.2949933111667633 
Car -1 -1 0 820.1728914734066 177.5817083331717 906.0526575660691 208.02346049387748 1.4667176 1.5564413 3.7919075 12.608047 1.7092853 36.044098 0.10705304 0.48705524596593214 

