Car -1 -1 0 804.3263483401091 190.6151598944096 1009.4723986167268 266.499199059623 1.4806072 1.5716295 3.6834102 6.1659374 1.8749514 15.233279 -0.0005073868 46.15041925775076 
Car -1 -1 0 719.3253338106332 190.26296090769213 859.5200332405072 237.95826796974 1.4189503 1.5923468 4.073209 5.722995 2.0024323 23.187881 -0.09989813 51.56140318530162 
Car -1 -1 0 157.3087730320379 185.70677292140402 392.9814067166728 266.6876766376714 1.513784 1.6359574 4.026018 -6.653388 1.7897401 14.627045 0.02335635 39.53750775798267 
Car -1 -1 0 847.8669508780148 191.04732638717533 1112.3912687817058 287.978071518034 1.502199 1.5565941 3.701077 6.1634603 1.8323023 12.287821 0.013878371 32.53689774699219 
Car -1 -1 0 64.38920084888721 189.88145503542418 362.5384458797085 287.9357487868632 1.479609 1.6153662 4.0753784 -6.4332504 1.7839686 12.0411625 -0.023858257 57.91761067097301 
Car -1 -1 0 901.5683102828627 182.3218621866337 1242.0 311.2710926913336 1.5750175 1.5894191 3.892869 6.2550383 1.7164739 9.863941 0.06335104 67.06434184517165 
Car -1 -1 0 264.17260395446965 181.04959247459746 438.74602993653434 247.96495892687753 1.6550996 1.6763111 4.061479 -6.712732 1.883662 19.108791 -0.0882045 53.79345922165652 
Car -1 -1 0 748.4303722647244 191.03409431846686 900.4097131858729 246.22847616648207 1.4331782 1.5452521 3.788475 5.969289 1.966998 20.264582 -0.080170125 51.37803064978544 
Car -1 -1 0 0.0 184.5730814108967 266.7223295719002 312.13641762993075 1.5482184 1.6149924 3.802351 -6.9233174 1.7204683 9.759022 -0.02051117 46.19364777910383 
Car -1 -1 0 719.1667591423935 178.77507790918546 841.7454158100873 231.72335065429874 1.7821344 1.6678274 3.890377 5.971711 1.999004 25.464275 -0.06754159 19.777712340715826 
Car -1 -1 0 786.3627926758766 187.99850348222094 961.0344546060702 252.42551948301613 1.4745581 1.5865028 3.7402294 6.4612446 1.8689435 17.868551 -0.06958921 18.428726301882506 
Car -1 -1 0 632.2301048494616 183.00522296994342 673.8722227998057 214.6212377139383 1.5392096 1.663039 4.338915 2.2770884 2.1161585 38.782993 1.4954246 22.210707395384844 
Car -1 -1 0 424.45265048268396 181.97400490693983 514.4661257820404 218.4797843817238 1.6020738 1.5928776 3.7753224 -6.3526864 2.0294428 32.95292 0.033272486 16.106522055073473 
Car -1 -1 0 440.2312838525078 184.23060182041067 524.9659207447407 215.97392030968857 1.4972966 1.5910983 3.8620746 -6.205309 2.070733 35.509605 0.03332378 10.095319013117857 
Car -1 -1 0 300.3594640510313 170.05825730488166 462.8504215937085 235.09924627264928 1.8739965 1.6801642 4.367963 -6.7529054 1.7934439 21.698997 -0.03206083 0.504870888904512 

