Car -1 -1 0 705.3181878548484 187.501651217515 823.726150140353 270.0655839545979 1.3857617 1.5375339 3.4267473 2.8953576 1.4353317 13.874182 1.5715073 82.67272883978151 
Car -1 -1 0 29.692791034696352 182.8641429683087 254.65888743445615 281.40755397363483 1.508918 1.6261551 3.861117 -8.076551 1.4729105 12.956896 1.5466627 115.90806808954542 
Car -1 -1 0 262.53057641182494 185.9969330187581 450.6238361586801 298.5550547932263 1.4568803 1.6091485 3.8150237 -3.6686826 1.4711678 11.238783 1.5712619 89.25436195246833 
Car -1 -1 0 653.9425923539925 180.71573965249553 710.4202894499437 221.93765899946678 1.4217932 1.5841203 3.9714649 2.7187648 1.2665843 26.801628 1.542393 59.203543059019914 
Car -1 -1 0 441.7961205556186 177.8428846509556 512.818589539037 234.81332760914285 1.6024292 1.5791234 3.271122 -3.8684268 1.3950512 21.85789 1.567245 96.40713414545051 
Car -1 -1 0 481.1491776349773 177.88629252609027 534.4368107203231 216.75417754821996 1.5144625 1.5904535 3.9651153 -4.076872 1.2288768 30.010153 1.5938797 27.80827295790068 
Car -1 -1 0 381.4666587417032 177.94870272978665 443.387916526747 215.6742788836596 1.5396187 1.6382675 3.729827 -8.376627 1.2430453 31.211967 1.5829487 20.38932028458975 
Car -1 -1 0 584.7994963562311 177.03502076717294 609.5077930960127 199.34276638044054 1.5198215 1.6691644 4.051116 -0.7469324 0.96247387 51.028973 1.5358523 9.042141157977241 
Car -1 -1 0 270.37645742145384 182.16522689598239 368.2838860911494 236.24198646677766 1.4382517 1.5153848 3.406335 -8.225859 1.3571199 20.833294 1.5559199 12.232280345937436 
Car -1 -1 0 434.7419153410077 179.7500478892591 473.1483568488656 206.71936209688914 1.4783837 1.5628054 3.9345627 -8.774487 1.1787717 41.41071 1.5191472 4.102108799948119 
Car -1 -1 0 457.63585387216375 165.40255926880957 491.20778370083787 187.65165585813108 1.474411 1.6082885 3.9420257 -9.117215 0.1614269 49.612656 1.565492 2.522982965309604 
Car -1 -1 0 622.1036208354452 177.31673361645895 651.5725591820527 198.2105952317705 1.4983549 1.5989602 3.587059 2.1692543 0.93189895 53.43345 1.4402275 0.5104461144823983 

