Car -1 -1 0 278.74338207962006 191.03286630433456 417.1873341137636 270.6558686350969 1.4759887 1.6284027 3.9924474 -5.719613 1.9372866 16.300903 1.5861423 78.92916428277925 
Car -1 -1 0 372.48194786981986 187.14211187656446 459.7048874751407 242.76540231849256 1.4516377 1.5620149 3.838178 -5.715948 1.9204792 21.748442 1.5819305 68.0282234071015 
Car -1 -1 0 790.6509497766268 155.02901226604652 915.1237739586167 195.02570737261584 1.5143462 1.690566 4.3270597 9.453386 0.83946025 28.277159 0.052878913 57.595264330585046 
Car -1 -1 0 416.75640175050745 185.52072954025428 486.15096987415416 229.65831371845437 1.4369202 1.6105821 3.849693 -5.727395 1.9372815 26.554935 1.5996346 30.09001421896745 
Car -1 -1 0 491.06366712047463 180.6343033538518 532.1113099238473 210.63903639287312 1.5363514 1.5964472 3.97366 -5.376483 1.9894671 40.006058 1.6084492 15.14447101101639 
Car -1 -1 0 457.15430915918 182.19193203279823 510.713093434127 218.68026279592792 1.4888253 1.6112994 4.127572 -5.5980268 1.9375193 32.588387 1.5941105 13.441309474875151 
Car -1 -1 0 1151.8077895275496 133.40488578587406 1242.0 178.86850458785105 1.6695961 1.713135 3.9666572 23.190376 0.22087522 27.368654 -0.007318546 18.587553352933273 
Car -1 -1 0 1042.8898349041538 143.36801696777417 1144.6688445299465 174.77386265227173 1.5124537 1.5847982 3.968543 23.81497 0.09245723 35.56721 -0.013516263 12.271883705739397 
Car -1 -1 0 792.2537190081125 155.36910028766272 897.5526036303544 192.51262098171617 1.531302 1.6461564 3.97219 9.941471 0.8104584 30.690632 0.0617471 3.5730646564598096 
Car -1 -1 0 659.862922706313 172.49912986263524 700.1370274859108 206.63834220041804 1.5273371 1.5488043 4.1063976 3.2949958 1.5114605 34.340076 1.5791059 3.3390715701531963 
Car -1 -1 0 755.2015571721229 161.78276595183297 812.7319284017474 195.03840036625851 1.487427 1.5815392 3.7728367 8.196338 0.992243 34.210014 1.499819 6.347500364520593 
Car -1 -1 0 1106.5895439272385 139.81220504972836 1241.6307344112315 177.4525480183953 1.5289214 1.6610072 4.2951565 23.560236 0.18678927 30.22087 0.03850962 0.3026772902792493 

