Car -1 -1 0 750.4680701186229 183.3947599084038 939.9776399444243 294.5439666211485 1.4329665 1.6355469 4.2068357 3.5905375 1.6368237 11.829853 1.5439448 112.86198624671857 
Car -1 -1 0 335.4599688985228 186.97497124664133 463.253888581854 261.358687748735 1.4348776 1.6536498 4.28153 -4.735442 1.8078859 16.899212 1.5952672 77.44465642544253 
Car -1 -1 0 194.47613382836457 190.6091132576635 397.98042406090985 307.84382392320396 1.4797382 1.6193693 3.7935467 -4.7606688 1.8113449 11.578901 1.5704753 121.61879049613636 
Car -1 -1 0 490.0540802489629 179.20970262136174 538.346933498695 214.83963119747722 1.5066738 1.5568599 3.350518 -4.2869263 1.8111842 32.847855 1.6354018 48.63484783833493 
Car -1 -1 0 860.7188101734002 189.29803142675033 1242.0 375.0 1.4428246 1.5854185 3.6339521 3.7080338 1.6354717 6.6244917 1.5856581 83.70348309810335 
Car -1 -1 0 717.4837676689209 179.9548111903512 823.3825493164379 253.73325986769447 1.4968868 1.6411523 3.938537 3.6441267 1.683568 16.99436 1.5777924 62.16471072728784 
Car -1 -1 0 705.5256611548459 178.77260940467698 773.9157069817647 233.61636028491625 1.5361041 1.6178231 3.6000576 3.960703 1.7351812 22.437176 1.6126994 36.74095190373734 
Car -1 -1 0 690.1646040842967 177.97795937660055 747.2178367155905 220.35207462292428 1.4971159 1.5716946 3.9537015 4.15084 1.7097585 27.958176 1.5597234 25.665219933325556 
Car -1 -1 0 510.8267483421325 179.47964400052018 552.3041552519792 210.10618078398704 1.4729449 1.5555865 3.7581406 -3.9953725 1.834449 37.449783 1.6248155 11.276376893724443 
Car -1 -1 0 1129.0017844853774 171.87064195686781 1242.0 222.74316417934338 1.4411677 1.5741768 3.5374103 18.213139 1.41331 22.280684 1.4678248 13.00513013429431 
Car -1 -1 0 1093.5827821508663 161.069979197765 1242.0 240.84619565980563 1.4754235 1.5390831 3.3234217 11.9431095 1.2574835 15.015184 1.5826088 9.397405375113705 
Car -1 -1 0 595.4542411920277 176.34309550503107 641.4049511146104 191.21911569886433 1.4472252 1.6486092 4.5016546 0.90256304 1.797774 71.56234 0.04761148 8.261131543643154 

