Car -1 -1 0 449.5808835206449 189.78750119730591 581.7214015401466 269.68388859601237 1.3984914 1.6065959 3.916773 -2.1603816 1.8148589 15.63253 1.0956132 119.27453414337887 
Car -1 -1 0 348.3123175721251 183.65440055389004 402.9589111220157 222.95964293848516 1.4123813 1.58389 3.6964562 -9.46421 1.8771164 29.039234 1.1149839 60.50250900581955 
Car -1 -1 0 1001.2813793181481 157.63761622891823 1175.446090239159 240.10401266166713 1.3960927 1.7258269 4.2447534 9.342944 1.1384909 14.493871 1.8532951 79.79077643479776 
Car -1 -1 0 146.6450733605084 187.07833520439516 191.49027188899447 219.10026185591303 1.5685608 1.6677356 3.920512 -23.965157 2.386547 39.363968 1.1327364 23.090492154161698 
Car -1 -1 0 886.882839992045 158.73161111410056 994.0798573278242 229.73708961906732 1.4189742 1.5626823 3.34836 7.3083987 1.1367521 16.228111 1.8025806 48.854496447684895 
Car -1 -1 0 528.8561433196278 167.80429531692943 617.1335504104316 206.55467803672397 1.6483283 1.6266756 3.5852127 -1.5935167 1.4335284 31.898819 0.23392548 43.912543499916964 
Car -1 -1 0 331.14216582828834 181.05143415707857 376.88606004246924 215.74782039721853 1.493742 1.5894406 4.2371845 -12.225921 1.9099377 34.380768 1.1180279 8.285929011751923 
Car -1 -1 0 458.16944114582896 178.59247682848718 540.7053029434147 208.98302767967536 1.5198762 1.613675 3.9528332 -5.6969366 1.8267419 37.533226 0.12723708 2.0478065961068053 
Car -1 -1 0 509.60198537860373 173.52473788787225 595.5346964348902 206.57390263145942 1.5433041 1.6739182 3.9205794 -2.6980414 1.5764482 34.693687 0.06413758 1.029765993168453 
Car -1 -1 0 590.7277005050536 141.0531528617013 943.606738671691 361.39891433035206 1.9435973 1.765948 4.485163 1.5203056 1.6630925 8.765348 1.1080829 1.4963978067250434 
Car -1 -1 0 312.30112352975044 177.96719578669342 334.06516791317375 197.12733670698876 1.512228 1.613364 3.5630138 -23.760864 1.9508274 59.94072 1.2118907 0.9857090367635768 

