Car -1 -1 0 713.3108603194379 173.47443095094513 883.2630401614574 294.60415097747267 1.6780801 1.6289818 3.9399276 2.9183326 1.6901467 12.024772 1.520643 127.40876247216377 
Car -1 -1 0 694.1257544267612 175.49522520482816 761.282238865001 205.55084433173315 1.4603019 1.5101112 3.5714488 6.056221 1.6039566 37.3197 1.048741 35.59497813992802 
Car -1 -1 0 287.13917920291885 183.21667804295825 467.92619422895143 243.48535740240143 1.4720106 1.6226457 4.213502 -6.0046635 1.7577384 18.925528 0.076163664 41.35054889048246 
Car -1 -1 0 619.1561525022572 174.29838769244327 650.0526787767809 197.37295747792075 1.5184854 1.577716 3.7416842 1.6865275 1.621834 49.677216 1.4535383 21.927503339099033 
Car -1 -1 0 305.585736310241 180.3870174838296 454.4439877435239 233.98135520393387 1.4872556 1.6010046 3.8837051 -6.734711 1.7209511 21.348995 0.12434362 8.848711127870667 
Car -1 -1 0 232.5245512973794 172.00731900249363 412.9794255770226 251.22306313622565 1.6856289 1.5608032 3.4250505 -6.34682 1.6676123 16.193531 0.0350634 10.227251167349019 
Car -1 -1 0 605.4950504001421 172.9787161072234 631.3873837293094 192.16674534842042 1.5152313 1.5897293 4.038643 0.693385 1.5258107 59.107086 1.4475598 1.368259912520507 
Car -1 -1 0 133.86314535171482 175.98668211022746 364.0830256598696 264.48279239049435 1.5815172 1.5502272 3.6112742 -6.744927 1.6445963 13.739634 0.0077796523 4.627830620834279 
Car -1 -1 0 366.4244516934794 175.49493312442578 478.50481109518034 215.843254267119 1.5353835 1.6189119 3.9846904 -7.3037996 1.6423973 28.40193 0.013207857 1.869183089256294 

