Car -1 -1 0 740.4205787649497 182.18429279838014 907.8268964858792 284.41426568273204 1.4199492 1.5966754 3.706696 3.4335105 1.6028217 12.254307 1.5252914 130.65632006472134 
Car -1 -1 0 0.0 201.61656029355618 262.75535159096296 372.9074793580941 1.4889839 1.5714945 3.6008198 -5.8046904 1.9079456 8.695756 1.5527151 112.14598686068817 
Car -1 -1 0 304.51201206792985 187.34910866507136 438.7746395323404 259.0303687069792 1.462683 1.6369692 4.133361 -5.6556516 1.8613021 17.713396 1.6563805 106.25986470913236 
Car -1 -1 0 668.089589835827 176.91220707448622 723.6495374470073 219.8796947740551 1.457134 1.5360588 3.5678215 3.1155207 1.6169558 26.612804 1.5450697 60.819468200378466 
Car -1 -1 0 696.0568327696333 179.92169639905768 797.6674054215083 246.93132069308484 1.4482808 1.6230476 4.0303373 3.3000388 1.6453819 18.074268 1.5284722 61.10645154349177 
Car -1 -1 0 458.0542194044346 178.8620280858277 506.16281201115754 214.23661793691653 1.4873691 1.5333782 3.6091983 -5.7265315 1.7752004 32.75964 1.5748014 27.85312421850145 
Car -1 -1 0 659.409589805769 176.00809692744613 705.7887293592775 211.84796826625617 1.4992795 1.4835992 3.2548864 3.2058103 1.6472422 32.16429 1.4867005 14.990110777442776 
Car -1 -1 0 11.38330328987996 190.98213624613373 183.4301160065329 245.07669101346104 1.5166765 1.6230371 3.9820495 -15.311938 2.084868 21.721998 -0.04139206 17.398080931386108 
Car -1 -1 0 488.41452868571474 180.042478520616 527.6396255422744 210.0231998358461 1.4663434 1.5273674 3.4125724 -5.2774935 1.8603647 37.831726 1.5862207 4.2553907272546025 

