Car -1 -1 0 679.8422017759566 172.6724469078546 856.366624719785 300.92450812768834 1.6716442 1.6465095 4.273384 2.2925725 1.6692778 11.5904875 1.5053968 142.5967681742051 
Car -1 -1 0 173.72075155991183 191.3249277428361 450.3244164738859 375.0 1.4487522 1.5469581 3.5492053 -2.8688793 1.6936514 7.785185 1.5618889 130.45412305705986 
Car -1 -1 0 620.7721086986971 178.2893670890565 653.5475327070666 203.25168742713777 1.4659116 1.6278988 4.1677957 1.6921006 1.8242674 45.436596 1.50235 16.527025458329597 
Car -1 -1 0 144.24614676386958 184.43731228900137 364.2608658069037 262.5359540639838 1.447457 1.5669535 3.6827846 -7.0516195 1.6975249 14.617245 -0.09793891 72.56595106497801 
Car -1 -1 0 258.14212071928387 181.37221346559167 430.26715873114097 237.97260404355853 1.4377289 1.5733935 4.0470033 -7.0320187 1.6761599 19.384417 -0.01251427 11.846937577764619 
Car -1 -1 0 292.1609896593721 179.23588523205038 429.5171807350268 232.26523641266013 1.5283123 1.5770607 3.6101909 -7.4371886 1.7282753 21.798723 -0.011457505 5.843549344050346 
Car -1 -1 0 394.34493711253765 180.8974463137283 499.187551966873 218.89824538086498 1.4869385 1.5799406 3.8997111 -6.6034327 1.8255539 29.491463 0.04875733 5.884338114238842 
Car -1 -1 0 691.1115551450604 175.9078506969986 755.5737577093752 199.67861088116223 1.5115268 1.6263062 3.8762784 7.404337 1.7152092 47.130352 -0.09538722 1.7056318843019342 
Car -1 -1 0 356.2246620848334 179.8342666091086 464.4032334459746 221.7125990280325 1.489708 1.5590923 3.6324394 -7.4937468 1.7644956 27.23109 0.23010145 1.105212015634083 

