Car -1 -1 0 705.3121161632193 187.35994052604624 817.6371274634065 271.56419460014746 1.4174341 1.56292 3.461711 2.9143386 1.7436259 14.485184 1.5824901 79.34108293152835 
Car -1 -1 0 766.8907050875775 180.05325051484954 937.7572446142822 240.36965371493505 1.5419047 1.6816921 4.1112957 6.4933853 1.7474629 19.63848 0.060398854 94.31959255361909 
Car -1 -1 0 312.2398498573855 183.34221164864493 472.4138992091402 234.40719502831362 1.4572988 1.6317217 4.3543663 -6.467796 1.7865894 21.79816 -0.018239798 26.810435960619152 
Car -1 -1 0 247.00475624599164 183.2359224192069 449.6396658063916 252.415148862817 1.5101818 1.6349179 4.1988983 -6.0774264 1.7694964 17.03487 0.08233774 48.214388386788464 
Car -1 -1 0 0.0 193.65657798673385 339.09628361707155 309.9811239137616 1.424789 1.5807749 4.0588274 -6.0527067 1.7348967 9.9424 0.011509631 112.458159906007 
Car -1 -1 0 127.69984545298396 183.9354437781511 407.3557609007429 284.31064531793527 1.5430574 1.5808002 3.963089 -5.6083794 1.7424004 12.129732 0.030234726 80.6218909049618 
Car -1 -1 0 193.74491104885715 181.95745147013707 411.94501528436143 264.80258282402116 1.5446417 1.5695816 3.772306 -6.118521 1.7409812 14.61182 0.089378 32.813226357557525 
Car -1 -1 0 356.34210053798614 182.0533883446911 482.8266925170536 228.5103732421066 1.4855644 1.602304 3.8168726 -6.334683 1.8065876 24.299889 0.041163888 10.915638426765335 
Car -1 -1 0 269.7513665646535 181.6549278381165 435.1860943923965 241.74360366718108 1.5227941 1.6253481 3.8848596 -6.8194466 1.7704124 19.421906 -0.034354527 15.213878007290333 
Car -1 -1 0 635.6971382806995 180.41018877254885 667.2714920152489 204.4085593755321 1.4970505 1.6103455 4.1335044 2.771855 2.026707 48.460064 1.502834 7.861313267631715 
Car -1 -1 0 392.0559769624249 178.26690998760907 498.02373734280684 222.27462545385504 1.6790092 1.6409638 3.9705858 -6.4960084 1.903054 28.82476 -0.11363366 16.231783056095697 
Car -1 -1 0 693.1394092221617 183.88265412967493 787.1418119082481 217.4391215758925 1.4538941 1.6086223 3.928828 5.9127026 1.9717114 32.893295 -0.09357729 10.277754110311827 
Car -1 -1 0 704.9987312990204 185.91126613166543 805.2444232166822 222.54669746160974 1.4370425 1.5805485 3.7917454 6.0455365 2.0017765 30.13635 -0.15333283 6.517926394102618 
Car -1 -1 0 696.5793530913865 176.192644635789 782.4092858067519 212.83852918054097 1.724694 1.6819879 3.8067183 6.288689 1.8919482 35.14376 -0.08675638 5.0136206314479494 
Car -1 -1 0 404.4056496274467 179.95674787912088 508.77321161599275 215.6623396516228 1.4980363 1.6056173 4.1973004 -6.60768 1.815619 31.43214 0.012867418 3.508035317642125 
Car -1 -1 0 483.3048082317007 181.43707111280654 548.8590676764799 206.06339979898274 1.495408 1.6070926 3.8582156 -5.8440914 2.045712 45.354225 0.054381594 1.1405788944827149 

