Car -1 -1 0 704.8255850804263 182.96261819242014 806.2889503579886 250.16368677695147 1.4293457 1.5784855 3.6280196 3.4697156 1.7041829 17.761372 1.5137019 88.84412026082848 
Car -1 -1 0 224.5516190545747 193.98490894473954 384.8668415370202 285.5491229010406 1.4582939 1.5698277 3.6189342 -5.780375 1.9261478 14.153832 1.5864711 93.0659652321101 
Car -1 -1 0 382.6101471744093 185.73936705419064 477.02256374237186 238.30833030081973 1.4556639 1.6260215 4.2404985 -5.6569014 1.9098144 23.241909 1.6677842 64.98542755658141 
Car -1 -1 0 791.142541813813 182.49698555566607 1104.4010930983068 374.2361293469444 1.5239958 1.6282827 3.9746814 3.2854705 1.656754 7.934845 1.5851406 137.58673705050433 
Car -1 -1 0 659.8349822133947 179.34127987402388 704.1148963108681 215.51378569747072 1.4868819 1.5443398 3.5957823 3.1691155 1.7919796 32.121586 1.5514985 39.887908308577735 
Car -1 -1 0 678.7113636718437 182.12365113635195 753.5114109320887 233.1844650650211 1.4659982 1.6570659 4.0908113 3.3745441 1.7953612 23.554644 1.5231328 21.507821880952072 
Car -1 -1 0 481.6724569031839 182.53831417945625 522.9106900583838 212.24861318224234 1.4509646 1.4686248 3.5681953 -5.636611 1.9888017 38.2491 1.6276033 7.260688694400664 
Car -1 -1 0 500.67952986993015 181.14470543169176 535.5300625074667 208.11716570949707 1.515825 1.4991317 3.311565 -5.447694 2.0326848 43.286995 1.6268625 4.1456659938210265 
Car -1 -1 0 652.3658604408437 180.72758722846868 694.4821522530036 211.91669305612066 1.4968013 1.6021872 3.4941437 3.2567186 1.9240528 37.346592 1.4887 0.3437056541442871 
Car -1 -1 0 522.7357925285456 176.50797069762788 572.3322139714046 194.21698546596573 1.4836922 1.5994666 3.9963827 -5.379394 1.80815 62.570118 0.39014557 0.5818905194232556 

