Car -1 -1 0 364.88449016998123 201.93245553993654 485.3464907173404 287.7906792217744 1.4964645 1.6910489 4.1705937 -3.9400728 2.2299318 16.09936 1.5523708 118.81780016025328 
Car -1 -1 0 727.2040934566397 197.66084879853025 910.4820045964484 333.4472431760163 1.5427208 1.5772848 3.2897437 2.8396707 1.961268 10.492922 1.5224838 89.01986348075035 
Car -1 -1 0 673.6113755729053 193.6640830706168 783.6125015942911 286.44756341030364 1.5966563 1.579421 3.5787716 2.3492434 2.0831594 15.050179 1.532781 73.86341632552814 
Car -1 -1 0 651.6276575266614 195.99468761223798 732.2383768825646 257.31277840916715 1.4477936 1.5925337 4.416376 2.2755249 2.1931016 20.98745 1.5113182 41.57941640031236 
Car -1 -1 0 422.95966327516777 200.15677608046767 503.0449852483029 259.5212433564087 1.4574174 1.6321954 4.083531 -4.285009 2.3546515 21.657408 1.5554621 25.30111861816991 
Car -1 -1 0 637.3298215771893 193.13308376675045 679.1442358602505 230.55953989463234 1.4989918 1.523905 3.621717 2.15633 2.4704716 32.727943 1.5339575 5.339056834864462 
Car -1 -1 0 484.03266370075386 196.82879064095187 522.7191466914584 236.61954648442907 1.5191555 1.5155557 3.8831134 -4.6514187 2.648221 31.972948 1.4716027 2.354571474989982 
Car -1 -1 0 609.9339175273295 193.3363571561896 641.0088008073664 215.6952793001852 1.5063288 1.58065 3.939485 1.1632991 3.112537 54.50203 1.3886383 1.3324008018023585 
Car -1 -1 0 781.0837241479786 176.8724399808864 859.1283818830683 204.04421122722795 1.4682012 1.593695 3.9600432 11.699438 1.6980686 40.278248 0.10290597 0.5984075174785667 

