Car -1 -1 0 230.583281165431 189.43878786652374 418.9813774822651 295.4560252704263 1.4685243 1.6571516 3.9310544 -4.7198486 1.803823 12.601685 1.5960478 101.8326524704374 
Car -1 -1 0 495.72583003272865 178.51367886853737 541.8630076708623 213.28325489296518 1.5208633 1.5278057 3.4060996 -4.2093163 1.8003513 33.880974 1.6375989 40.025362537375734 
Car -1 -1 0 741.2039641776355 182.06955961339807 909.3699446578199 283.2588729816596 1.448193 1.6448712 4.230917 3.5973141 1.6395514 12.84881 1.5479175 109.66109907401336 
Car -1 -1 0 359.3083503095556 186.3621536687731 471.69076291241174 254.4857196165927 1.4198488 1.6368679 4.1567426 -4.667577 1.7950459 17.953724 1.5820173 70.37781364834416 
Car -1 -1 0 834.5326826854874 187.4447873056804 1161.9192627281573 375.0 1.4453576 1.5896759 3.616193 3.7146864 1.6372483 7.664607 1.5922055 94.24080276353779 
Car -1 -1 0 713.5189388930474 178.30231631993357 809.001807386516 246.4717895058496 1.4846125 1.6169475 3.9483895 3.656998 1.6356866 18.019413 1.5880256 55.816947334998986 
Car -1 -1 0 702.0983818845523 177.737520836551 770.3862043517091 228.2775505445556 1.4883173 1.5924184 3.771117 4.037492 1.6602182 23.506021 1.5793275 30.535583579602836 
Car -1 -1 0 1109.3721317426769 172.10496573159926 1242.0 220.19435496077105 1.4351689 1.4956872 3.4304414 18.201824 1.4128147 23.317085 1.466641 12.993972422011876 
Car -1 -1 0 688.5246137835841 177.60975253684165 742.6145382820972 218.20387724638752 1.4949534 1.5899845 3.813637 4.1792436 1.6982337 28.930597 1.5656258 6.158227871198473 
Car -1 -1 0 590.0857512859071 175.36489596462053 636.6385389631914 189.9267490421469 1.4391329 1.6888806 4.600382 0.4055271 1.6952844 72.627754 0.05994076 9.762712716475326 
Car -1 -1 0 516.7259697576717 177.49681749920234 554.9078468165342 207.24833653923204 1.4887943 1.5427072 3.730154 -3.8949132 1.7492397 38.585968 1.6041126 2.061781829625611 
Car -1 -1 0 951.8492252682674 172.92576050760707 1016.5885524925849 206.02308838165592 1.4946339 1.5876992 3.453898 17.777523 1.4982333 34.392414 1.6761675 0.7433482539695937 

