Car -1 -1 0 733.3020032892917 186.77961416269508 973.0889336814524 273.52720614995894 1.4360068 1.6271863 3.860236 4.390518 1.7123408 13.295231 -0.1111507 129.18031138856819 
Car -1 -1 0 666.0425572915142 180.34955208825437 782.947609650388 228.23769388465848 1.5138742 1.6045756 3.5616999 3.7901168 1.774508 24.103718 -0.10555987 53.49608366034109 
Car -1 -1 0 297.1207141945456 179.08911218189527 432.29765807309946 224.8541065309157 1.4923968 1.6372122 4.1240616 -8.318505 1.7151175 24.786037 -0.08342554 49.14481228011598 
Car -1 -1 0 66.50809147508771 173.83762064475061 329.59891638308795 265.81478130288895 1.6933167 1.6779665 4.2231684 -7.9852896 1.7142441 14.32848 -0.08880814 113.09462330381582 
Car -1 -1 0 154.4928606498187 183.64114826922528 366.08413746321537 252.68937412222917 1.486475 1.6184815 4.131593 -7.9948206 1.7523539 16.810873 -0.080839194 30.644744914312344 
Car -1 -1 0 209.2507415713413 182.97738944517167 389.50771016652135 240.29132519386135 1.4706668 1.6080687 4.207636 -8.3297 1.7572103 19.612133 -0.0033453018 19.007558274998637 
Car -1 -1 0 647.2363142584043 181.7460133450919 755.17472327447 224.02904025255543 1.4658053 1.5826957 3.645958 3.318783 1.8043499 26.45565 -0.12671535 9.07736320324319 
Car -1 -1 0 394.18420062341727 171.44739385305854 429.91051510600795 206.99311514153013 1.850673 1.574209 3.7191467 -10.871967 1.7774384 39.583668 1.2168869 1.983264915168932 
Car -1 -1 0 326.2402407107513 174.50440302708822 428.68928544327497 218.5441274173233 1.7146335 1.6228398 3.8835094 -9.412903 1.7850533 29.488174 -0.2692095 4.215208905759403 
Car -1 -1 0 462.5974989820188 175.2222455450514 491.3702866274836 195.65954197273794 1.6945432 1.6467819 3.334396 -11.436293 1.9045217 62.115616 1.133518 0.5797162846372376 

