Car -1 -1 0 262.49784836166725 184.92214795127882 371.3692699986544 240.4639495796512 1.4374458 1.6088142 3.7230053 -8.123735 1.4298486 20.468939 1.5668843 61.896943598755975 
Car -1 -1 0 467.7557295545245 180.60842649762495 526.5854870317194 224.5679795533591 1.5252085 1.63222 3.6471713 -4.021785 1.3653558 26.764826 1.5707829 66.70446769047479 
Car -1 -1 0 340.4958069298727 178.49812911582634 492.86061040910874 283.51363293168174 1.6000429 1.7077675 4.3847647 -3.2540972 1.4976923 13.161878 1.550569 88.18170967267642 
Car -1 -1 0 0.0 182.12874643916277 200.4196064649117 321.01249383029295 1.5967762 1.6375202 3.8157814 -7.6414056 1.5612849 10.183456 1.557492 92.24802783362195 
Car -1 -1 0 94.18850401963466 183.58461584613113 236.15009539614564 239.01157810277937 1.4658916 1.6271882 4.176914 -12.771832 1.4227539 21.107105 1.5622561 67.27161210396619 
Car -1 -1 0 561.5787599900945 178.51941638189794 606.7267625921583 220.46880753808162 1.525794 1.6427959 3.389359 -0.8872205 1.2822351 27.864222 1.5417682 25.45904110789781 
Car -1 -1 0 239.22538799874155 184.07803060593258 320.0487028003062 223.82151553979938 1.4391356 1.6098742 3.5240545 -12.574468 1.3979399 27.816374 1.5397506 16.78610799054819 
Car -1 -1 0 511.9939309028843 179.2848969327763 549.4397809353113 208.47209409013493 1.5021503 1.5987115 3.879258 -4.0922313 1.1969153 38.939972 1.5753877 9.458337392228756 
Car -1 -1 0 391.06204705428223 167.8796446017133 443.6601723233644 203.7059277848409 1.5463547 1.6374199 3.4761095 -8.597818 0.7980859 32.80443 1.5208648 3.114806999258275 
Car -1 -1 0 343.68998735368183 182.7087731865577 400.22707877520475 224.88953488438932 1.4619163 1.540666 3.7430413 -8.723497 1.3750304 26.89646 1.3838544 1.4360202275758902 

