Car -1 -1 0 813.4086519361373 174.75941926583837 1242.0 375.0 1.5728213 1.593485 3.6446388 2.9690392 1.5930402 5.828843 1.564088 118.11925380148884 
Car -1 -1 0 237.32115482322527 171.99155924139993 417.1022555224265 301.95118057540355 1.8087475 1.5794499 3.7876737 -4.440054 1.7967442 11.955748 1.5450293 135.60347679861013 
Car -1 -1 0 701.3545238877718 173.44559267693666 827.6271824728575 261.93689186219405 1.5298002 1.6254845 3.9083514 2.9373019 1.5432782 14.469305 1.5517052 130.46847670624848 
Car -1 -1 0 367.8575922004126 172.66297836395063 480.0831435242961 255.51542352719676 1.7599518 1.6419821 4.1860704 -4.3182144 1.7558941 17.421886 1.5684197 96.39102380866545 
Car -1 -1 0 679.653909587795 171.2072286101295 764.6133062732225 232.76464687513695 1.5856497 1.6222831 4.0969896 3.1065018 1.5432307 20.669222 1.52536 62.279984376265126 
Car -1 -1 0 511.6073555213424 173.6834898223724 540.8668894323151 197.04911960943102 1.6267006 1.6412033 3.8901515 -6.0929847 1.6894115 52.465385 1.3307968 2.9927768415930056 
Car -1 -1 0 581.8915906091593 174.56933668240967 605.4678373513657 191.56950657412497 1.5618646 1.5888737 3.573133 -1.535321 1.7294791 68.590935 1.3570557 3.8490657366994947 
Car -1 -1 0 601.2114825378177 170.5765276292601 634.1038677000404 190.91795993430924 1.541182 1.5633488 3.6189227 0.60127366 1.3686275 56.626316 1.2759125 1.276986041187088 
Car -1 -1 0 570.0734241844672 174.735843497739 586.0297519225771 189.61194129927088 1.5748744 1.5962573 4.030693 -3.4705365 1.7862797 78.984116 1.4899671 0.6185650043402916 
Car -1 -1 0 642.31239817855 172.14927647531405 676.4426743868429 204.88859866468428 1.5250078 1.5893977 3.8804405 2.4878829 1.4921814 35.609993 1.655569 0.2740745544433594 
Car -1 -1 0 620.7283932262254 171.91711615755784 653.3892448297415 196.58212037274473 1.6439645 1.6215569 3.6997893 1.8682767 1.5815194 50.038597 1.4272012 0.26411670446395874 

