Car -1 -1 0 713.9543643815316 188.17329430222898 838.8918302834234 279.50040623833104 1.3940198 1.5313122 3.4975314 2.8740087 1.4542534 12.863853 1.6081964 88.1735008431782 
Car -1 -1 0 270.4605157105004 186.00322019822138 454.504913672747 295.8780241669945 1.4611989 1.6324817 3.841766 -3.6724877 1.4759145 11.509961 1.5727901 100.85726697574866 
Car -1 -1 0 659.5492866316916 179.94166119804095 721.6041726936394 225.26700605730102 1.4421756 1.5838463 4.0167017 2.8026645 1.2743647 24.901209 1.5445671 57.45167159723587 
Car -1 -1 0 114.07076335996734 178.25028084896798 291.05920572849016 265.1133126226791 1.567076 1.6353469 3.7387295 -8.131716 1.4414145 14.8604145 1.542568 86.84007218739329 
Car -1 -1 0 448.3613663703772 176.89630689551507 515.6021331978383 231.80873670063227 1.5915774 1.6134497 3.2276065 -3.8372173 1.3504488 22.468632 1.545924 74.02354738778526 
Car -1 -1 0 480.77450525753443 177.6647410036048 536.6372306618 216.85202567967636 1.5425124 1.5925597 4.216349 -4.0902987 1.2452873 30.441051 1.6203481 28.40074218103308 
Car -1 -1 0 385.2018185846872 178.89005681958128 447.24651771880224 214.99078407689092 1.4948268 1.667629 3.8363853 -8.337946 1.2329003 31.695824 1.5852869 20.90931789376645 
Car -1 -1 0 586.0564758062267 178.00729642891164 611.7073497785858 201.0116156846275 1.486979 1.6220969 4.123431 -0.59758824 1.0210342 48.557625 1.5323001 7.494941070081319 
Car -1 -1 0 437.2597221992693 179.44961226208162 476.7733853444891 206.15993450511917 1.4876227 1.5499951 3.7689514 -8.707226 1.1664824 41.928173 1.5613397 3.7978547372018654 
Car -1 -1 0 275.81531959965434 182.10299884938857 388.3791508078573 233.9139848634422 1.4342681 1.4953189 3.7285302 -8.233895 1.3481002 21.865328 1.7445505 4.510774695837002 
Car -1 -1 0 635.2839319176255 179.28389825878176 662.8298686182893 200.67109032394092 1.4003465 1.6146649 4.0500827 2.820711 1.0119563 49.09907 1.5629702 0.457150399684906 
Car -1 -1 0 460.29234375060787 170.1435786886837 493.33884277974073 193.8385106582729 1.5906186 1.6471769 3.6042905 -9.037546 0.5788413 50.058365 1.570903 0.7902802723480863 

