Car -1 -1 0 631.5475492344162 193.94644061579567 817.7843775413305 310.0209830406766 1.4077373 1.5978128 3.8913002 1.6267025 1.8070126 11.58198 1.3407134 108.84711215594812 
Car -1 -1 0 526.3614170583877 187.48542968431897 585.3510641762332 232.51799301725873 1.4368944 1.59827 3.9949741 -2.046887 2.0178745 26.526731 1.3504345 72.67097584392768 
Car -1 -1 0 20.263854300583844 203.49676397578995 241.7972673435594 346.6453992366202 1.5575826 1.6016912 3.7797227 -6.8177977 2.1003246 10.749915 1.3186464 79.09132846774706 
Car -1 -1 0 348.0387981001318 190.8235508397657 389.7993164937937 222.9871283017833 1.5972528 1.660001 3.7334747 -13.29216 2.6434588 40.02725 1.3984152 31.976654364481277 
Car -1 -1 0 516.612632596437 186.22177229370033 560.6349150685169 223.67763555018072 1.4843057 1.5757691 4.0559206 -3.2279902 2.1217394 32.26409 1.3763466 21.913039366379248 
Car -1 -1 0 729.6997811779826 170.72739581765214 830.5024885727128 215.76550523791607 1.5995939 1.6034858 3.3982165 6.4053793 1.5240643 27.12169 0.47953913 57.34512820856881 
Car -1 -1 0 502.64078222733525 184.56150257447487 522.4575556137628 204.39973410933018 1.5377021 1.5668714 3.375205 -8.013102 2.536344 59.779934 1.4550964 3.2734342391719373 
Car -1 -1 0 61.02272165193264 199.43905685691 103.68283605381971 220.58112314781906 1.5087651 1.5945913 3.7152247 -42.710323 3.739307 58.534653 1.29745 1.2891020322985747 
Car -1 -1 0 906.5363804616846 166.2133772966679 1009.0894160552685 206.83851230602053 1.4930887 1.5707995 3.7627091 13.660613 1.2490269 28.54005 1.3053737 0.7785665425102303 
Car -1 -1 0 138.624785497764 198.24612216543073 184.14374523036932 226.84205353825251 1.480253 1.540542 3.4918938 -26.417822 3.0473065 42.627823 1.2411668 0.25603869557380676 

