Car -1 -1 0 762.9721212460372 182.8048436704789 1038.519747934344 358.78894077712187 1.5898836 1.6286565 3.7403924 3.066183 1.5681033 8.379105 1.5524986 133.38680034073266 
Car -1 -1 0 136.47160519762647 186.97877147291527 382.3114830469971 328.69099993582745 1.500206 1.5783774 3.541824 -4.2628145 1.5277504 9.442574 1.5484984 113.51815862188445 
Car -1 -1 0 397.11504893225094 187.42214912540794 480.3727775205386 242.28141433494451 1.3618758 1.5598384 3.5094228 -4.528676 1.4279966 19.76523 1.5415373 75.50306543998354 
Car -1 -1 0 458.79611912198186 183.58223035043778 512.7206950563458 225.6963018293098 1.4401622 1.534797 3.9031646 -4.4142237 1.384303 26.572823 1.5165489 37.06642866279135 
Car -1 -1 0 577.200145205848 180.7299642255699 617.0996307174962 217.96728166720095 1.538553 1.6505287 3.467647 -0.47887945 1.3532137 31.464596 1.5336715 33.78556063167358 
Car -1 -1 0 68.859708809891 165.98778593263074 260.7381625842289 268.2328447842525 1.7756199 1.6231043 3.809997 -8.616143 1.4417019 14.4205675 1.5297611 51.607512543366994 
Car -1 -1 0 415.8526210131049 172.40370778683567 457.0004964338151 207.1455458259447 1.9448606 1.7734702 4.3860507 -10.033037 1.2276407 42.50801 1.4773593 13.180823506868887 
Car -1 -1 0 616.2331936320232 179.8300643442065 643.6622181981071 200.16511780117222 1.4253618 1.5809164 3.772049 1.6218729 1.047862 52.331326 1.4895489 10.04139664352084 
Car -1 -1 0 384.9277961881367 183.99926457646367 439.7417182824761 219.277427977236 1.4679896 1.6250894 3.9968104 -8.586662 1.4173715 31.966059 1.4966121 14.429881879664713 
Car -1 -1 0 475.3040113696563 183.5583092333745 524.5994812819049 215.8376154255142 1.4505131 1.620883 4.0472765 -5.05656 1.3760362 34.353363 1.6056107 3.8802024617921846 
Car -1 -1 0 505.50094541238127 180.17503464902387 535.2882053346219 204.00951438794908 1.4947312 1.6613426 4.1592317 -5.6554117 1.1786162 47.2014 1.5190467 0.361530065536499 
Car -1 -1 0 698.104745796248 179.91542018139177 734.851846292999 204.33065309449572 1.4920423 1.5569162 3.6010952 6.9156003 1.1681364 45.781853 1.4989958 0.2862941324710846 
Car -1 -1 0 565.3844601057659 182.38355101369584 595.6266490684797 209.7119357458623 1.4782338 1.5658718 3.2004313 -1.4695717 1.3250387 40.48886 1.576749 0.28041210770606995 

