Car -1 -1 0 629.3363680668413 182.00851104603754 697.862897628468 229.26998672190393 1.3941618 1.5964301 4.200632 1.7240654 1.729917 24.294209 1.4712172 83.70700272905415 
Car -1 -1 0 873.4259282252336 191.5084084266556 1242.0 329.556942572092 1.4418329 1.5967996 4.094181 5.5316825 1.6921724 8.737267 -0.073045745 103.85642443854515 
Car -1 -1 0 616.3739741794868 176.88792147247048 647.8082465880542 205.90059570955586 1.4903035 1.5032563 3.7058675 1.1922505 1.7213686 39.45718 1.5432959 7.566893419823544 
Car -1 -1 0 239.79680898949383 184.90813584174526 421.6836519936763 245.41589348524568 1.4520904 1.6195778 4.026538 -7.028803 1.7740161 18.455128 -0.0024625477 63.31680513328052 
Car -1 -1 0 834.9657478583373 166.9588468313475 1137.670631106597 292.24008555149715 1.7699578 1.6543043 3.842091 5.669962 1.6866717 11.141259 -0.06353991 63.52418231886969 
Car -1 -1 0 609.4835802332708 175.68708247257894 640.1823202218053 203.05687108353908 1.6043627 1.5837349 3.788704 0.90575176 1.787251 44.637745 1.5072154 4.431333017209641 
Car -1 -1 0 406.95839313066557 178.992298959332 494.23721777679793 210.74811828651283 1.5012395 1.6579666 3.9790041 -7.7484202 1.8107828 35.43239 -0.06345274 3.490585209998136 
Car -1 -1 0 349.6626017583172 183.21750139727638 461.3913593252945 225.64933247764006 1.4530878 1.5551805 3.5676317 -7.327114 1.8409793 26.083138 0.08313535 5.582454772523037 
Car -1 -1 0 285.9893693898259 184.7764604725603 436.7981692745096 237.66385257459658 1.4500327 1.568271 3.844388 -7.1461477 1.8108641 20.998926 0.028349252 5.3944744906653295 

