Car -1 -1 0 701.8367684771179 189.56414076806595 820.9119062436315 275.0085731559082 1.5129746 1.6524181 4.3754973 3.151072 1.9304574 15.8309765 1.5609492 80.97936748829028 
Car -1 -1 0 731.9229458548227 195.0303540946987 968.5482131693835 349.2508640809292 1.4456271 1.6082325 4.437156 2.8539839 1.8105243 9.639119 1.5519874 113.30200706900571 
Car -1 -1 0 234.6236955766228 206.43231251994115 452.0369470363837 344.6580193385812 1.4407058 1.6470883 4.1100726 -3.5960352 2.0291035 10.582693 1.5780064 100.247159659053 
Car -1 -1 0 684.2808651063905 188.07931075173744 756.6374460674014 246.81264681396425 1.5152924 1.5725962 3.7070765 3.2012568 2.0066824 21.432213 1.5688114 40.71963114753671 
Car -1 -1 0 440.3298263048348 195.97333188222598 522.1649194366389 257.5649381455332 1.4870934 1.5514462 3.8101642 -3.5934386 2.2156463 20.804852 1.6082057 64.98885300692362 
Car -1 -1 0 383.9431027153659 197.42305057331154 485.16635397245693 280.38865877799043 1.5355837 1.4862983 3.4825335 -3.794179 2.14535 16.151184 1.5500889 52.041825933996584 
Car -1 -1 0 632.6584868205944 188.4230930441847 681.2377366469749 217.16094822793875 1.5457704 1.5874412 3.5788565 2.768415 2.5131035 42.878082 1.2270504 14.7182881178577 
Car -1 -1 0 598.7283790157311 188.60258409252685 628.8903175329128 209.6917093473512 1.5240421 1.7111968 4.2822785 0.29901245 2.8339028 57.760056 1.4058096 2.783142086705761 
Car -1 -1 0 559.8417457062745 190.57703280631424 600.2650671345036 207.55687144758346 1.5665982 1.5859547 3.9448578 -2.9425497 3.3929727 72.4507 -0.7280607 10.252219350762145 
Car -1 -1 0 891.6408611291733 168.2855463433997 1005.4820284340365 208.4285569155517 1.5283129 1.5714712 3.7893844 13.32681 1.354384 28.545568 0.15876144 1.3226683869799838 

