Car -1 -1 0 732.8712857533718 187.9918665909723 902.6463041573667 310.79946264662846 1.4348803 1.5383961 3.4406905 2.8514206 1.6933086 10.587432 1.5840781 69.7258622989226 
Car -1 -1 0 251.52916514682457 182.5550222134852 444.33500901416875 245.89531255570023 1.4816234 1.6357603 4.2030697 -6.3993683 1.7339767 17.949242 0.0010911322 33.32737742437906 
Car -1 -1 0 633.6415289479559 178.27122372849178 669.2717989379913 204.12653352198683 1.4882119 1.6058922 4.143834 2.5383399 1.8388036 44.561214 1.4814736 15.508299272517068 
Car -1 -1 0 802.0913863295531 173.20165977529942 1020.8355051707139 255.1719330060451 1.6810441 1.6670055 4.0739403 6.441163 1.6890676 15.728688 0.044642895 76.40600809050693 
Car -1 -1 0 295.2846174816661 179.44831573732623 455.6468483258162 237.07276654464414 1.5439591 1.6472709 3.9974382 -6.546797 1.7389252 20.435371 0.03723292 19.7954112855127 
Car -1 -1 0 721.4615383911131 180.29238052145172 844.1344719109007 223.95739233579388 1.5011334 1.6075593 4.0130515 6.2104025 1.7800375 26.093464 -0.07960826 27.663070319172842 
Car -1 -1 0 133.34586932130426 183.9577696000141 401.362811321444 274.45934671593477 1.4793471 1.6158936 4.115225 -6.0564513 1.6947535 13.016241 0.08572836 77.92815687245759 
Car -1 -1 0 35.10829880588783 178.6418142750811 342.6107069065856 300.44792041775037 1.6163526 1.5891908 3.7055078 -6.0896697 1.7098058 10.659616 0.10860857 56.539842419008174 
Car -1 -1 0 700.7398664194995 181.51246404333781 804.9861124083181 219.31617251759306 1.4430825 1.5794693 3.810248 5.702837 1.8018208 28.938171 -0.08939407 22.701267152116507 
Car -1 -1 0 0.0 183.8984094529781 309.94150717224113 340.23356788309616 1.5702084 1.6032276 3.9731853 -5.746024 1.7102149 8.259539 0.043459445 70.8189678254615 
Car -1 -1 0 702.6788608331223 175.15650279847088 799.5163228106395 215.53421592702503 1.6868014 1.6548203 3.8279998 6.0542808 1.7889516 31.127201 -0.029639915 7.150116245774981 
Car -1 -1 0 187.07061910057487 180.48462416476283 394.9695012571874 254.46895362707025 1.4989564 1.5969 3.8213682 -6.81971 1.6741023 15.6809025 0.043389045 23.810086703317673 
Car -1 -1 0 354.4809829334879 177.2742166506291 479.785890249103 226.13326551680353 1.6102431 1.6641424 3.9350967 -6.5615187 1.768791 24.91734 -0.06775829 20.69459565564607 
Car -1 -1 0 757.7463511670667 181.4939465479813 904.3706835726191 235.33329084316105 1.4985754 1.5667969 3.812336 6.4159393 1.7615237 21.151068 -0.013063952 6.701118642982297 
Car -1 -1 0 456.84248818601014 176.23095021145951 535.1990179693598 205.8729733024296 1.551367 1.6714158 3.9257333 -6.0740814 1.7374808 38.866966 0.03255647 3.519726970277124 
Car -1 -1 0 623.3639592878964 178.20791816710957 642.9204498092619 197.26559588930547 1.4901156 1.5241691 3.8829682 1.9170282 1.9457903 59.461273 1.581065 1.1992724449533774 
Car -1 -1 0 784.3368353606692 176.28707149284045 965.4411923985866 241.76477180027442 1.5663719 1.6133468 3.9670243 6.5770183 1.6566927 18.164785 0.005819693 1.2752839118058192 
Car -1 -1 0 368.1847161057029 167.59087540153692 488.4957387756101 217.29800534745752 1.8316826 1.6339897 4.1672153 -6.8178315 1.637739 27.422695 -0.008365095 2.2346477304672603 

