Car -1 -1 0 455.6060284944303 190.0402362853912 526.7610920744886 242.95652265730823 1.5995083 1.6358899 3.8398616 -4.0176244 2.2429705 25.050396 1.6291714 87.68484007370246 
Car -1 -1 0 799.2258915739021 196.68483154920258 1051.2824347977385 353.6211325457213 1.4291747 1.6189834 4.0503597 3.69029 1.8029553 9.256846 1.6168414 93.46144543843141 
Car -1 -1 0 744.5236411838081 189.43513630597894 867.7381867993641 277.6459639395476 1.476171 1.6302977 4.160593 3.903525 1.8694583 14.993076 1.6244984 115.99065043342652 
Car -1 -1 0 493.8875189585182 188.81316595306006 548.5386375225661 231.32679695466487 1.5700927 1.5941741 4.071188 -3.6321065 2.2857168 30.27977 1.6233754 28.080347118437842 
Car -1 -1 0 1062.8048184296501 181.4186871835138 1242.0 267.33535325496007 1.4556229 1.6389685 3.9344003 11.461315 1.6487297 14.429739 0.6460649 40.74361303422148 
Car -1 -1 0 692.5497007887845 183.45473467651723 726.4635468238616 211.1434023491631 1.5202979 1.6718117 3.9622817 5.9345503 2.1844609 43.185436 1.6212195 18.898693124281223 
Car -1 -1 0 195.12775230541317 194.354099996089 316.51945491316144 234.22730833207245 1.5454363 1.627527 4.203641 -14.533267 2.4595006 29.79549 -0.031845532 19.678176113913555 
Car -1 -1 0 535.2053060794026 187.96775868124033 576.6144179361363 218.170159436829 1.4960877 1.651412 3.8617687 -2.9021263 2.3704581 39.743008 1.6647723 6.578690475733361 
Car -1 -1 0 597.8225121629486 185.82477970428508 624.6998851605503 204.16989309426657 1.5596051 1.7406532 4.2921696 0.19392624 2.8015869 66.81961 1.7552212 3.1686413551119568 
Car -1 -1 0 175.39322498026965 195.3563635850813 225.90106477927785 219.08790981905162 1.4688687 1.6301279 3.4989061 -28.178463 3.0786557 49.832024 1.5238656 3.005457482018733 

