Car -1 -1 0 707.6734045435992 182.3184237577025 880.1470803059926 249.53202466618697 1.4472706 1.5736046 3.5590835 4.2105536 1.6797335 16.76424 -0.09850687 117.80261872388024 
Car -1 -1 0 185.89704784497442 180.3268176833544 378.0177590919085 244.98574728027333 1.4838269 1.6212008 3.9765828 -7.9155703 1.6768911 17.707676 -0.06272698 91.11258812355254 
Car -1 -1 0 5.196691777443663 181.49624181252943 298.7756666110017 273.42098601485907 1.4700301 1.5790569 4.096135 -7.771841 1.6294799 12.50172 0.010355494 63.96961607069717 
Car -1 -1 0 681.3687711261392 182.5653753025823 836.4832057431668 242.3502328362901 1.4742494 1.573309 3.713692 3.8735166 1.7431312 19.037664 -0.084058926 23.303943728197595 
Car -1 -1 0 257.78425702004165 172.81343106102284 393.0977315936622 229.27455288298862 1.6828034 1.6076714 3.7060838 -8.804407 1.6815941 22.626379 -0.17917204 16.959446863304436 
Car -1 -1 0 459.42342951219985 177.1827380899247 491.2632592175926 199.25412715174062 1.6053591 1.6603523 3.4113276 -10.280177 1.947412 55.11986 1.1579168 10.915239959505884 
Car -1 -1 0 221.0333540856277 175.424784764826 380.45575191902583 237.75036697995213 1.6316555 1.6327238 3.7990932 -8.4761 1.7071897 20.090576 -0.16054401 5.82925479149291 
Car -1 -1 0 945.5615926656553 180.89654146398658 1004.6454660555382 203.37644595396185 1.5253246 1.6126528 4.0043316 26.59034 2.1357608 52.62694 1.3241076 0.6278541504300378 
Car -1 -1 0 275.7471392405294 170.04222276171984 399.3706009983769 223.24069944769832 1.7528913 1.5932676 3.8651521 -9.328362 1.660243 25.03089 -0.25370932 0.2514878511428833 

