Car -1 -1 0 711.4594441123205 171.2404057630712 873.7688482844131 288.1920699165732 1.5938652 1.5749866 3.4676452 2.7542486 1.5718744 11.605782 1.5188538 122.43758678368471 
Car -1 -1 0 663.3041921300692 178.0792603976002 717.0827187103898 221.68979675355448 1.4042066 1.550708 3.4237127 2.770686 1.6003802 25.367092 1.5838605 74.7021281320297 
Car -1 -1 0 708.7418055585074 171.59075854723395 810.4746707056902 211.81867226199856 1.6455153 1.6950133 4.00943 6.2714586 1.5938425 30.487274 0.06344641 29.608093316912306 
Car -1 -1 0 0.0 180.84297341223018 343.8171237674006 299.8946786639974 1.5210214 1.5945429 4.022788 -6.0857553 1.6449672 10.268554 0.064792365 80.83592549930941 
Car -1 -1 0 312.87287509142317 179.39283797505215 469.4629864630497 231.6615088369638 1.4278235 1.5908055 4.0147834 -6.1946077 1.6232561 20.74091 0.014485096 53.851634229190374 
Car -1 -1 0 120.61165973996641 180.75744474602385 387.61861833890066 270.10633391587385 1.4721401 1.5821569 4.0206966 -6.231768 1.623182 12.916006 0.041215062 46.06887147288215 
Car -1 -1 0 355.4997450911966 177.44149069877466 491.26919914968084 225.88268515164123 1.4672594 1.5786484 3.879376 -5.8271666 1.6178937 22.853153 0.025848025 42.24847712560712 
Car -1 -1 0 629.158927448258 172.41025890159437 650.8076026127574 192.99006781499807 1.6293939 1.701963 4.1579523 2.5288196 1.5942607 59.253628 1.6308672 4.493118701713502 
Car -1 -1 0 227.67401482717952 178.9647859745152 408.0215712517682 239.85552657704807 1.435226 1.5881007 3.8630333 -7.1787643 1.5949258 18.016228 -0.024177067 1.385075548638043 
Car -1 -1 0 392.45310440931644 175.00977796120617 502.8069821835041 216.33961972881312 1.5350349 1.5669899 3.8628573 -6.2156363 1.6213167 27.890156 0.108676404 2.016831955173588 
Car -1 -1 0 365.2044289658815 172.8908202008941 485.4355325682096 221.1658585552565 1.6303821 1.5658913 3.7818136 -6.411143 1.6317215 25.31023 0.08489625 4.461513939042412 
Car -1 -1 0 169.9919459977476 159.5149810770874 388.1565234861405 248.9303884302572 1.7682471 1.6601583 3.8361983 -6.8207464 1.5044594 15.198293 -0.05240992 1.5718487764238187 
Car -1 -1 0 417.8244932698641 174.38323097643786 515.305454873019 209.02458709880693 1.5188688 1.6382596 4.035555 -6.457619 1.590573 32.78067 0.11833405 0.5595896524414133 
Car -1 -1 0 404.2010814190548 173.68044220330611 496.1053885362879 211.3933777537736 1.541438 1.5621756 3.4735684 -6.7321234 1.5777204 30.607643 0.17364742 0.28512316942214966 

