Car -1 -1 0 684.8195146069487 180.6048690898366 773.1379400348401 248.38021058272022 1.4729652 1.579505 3.9107983 2.8737214 1.6882961 18.087255 1.5743091 141.02772445763958 
Car -1 -1 0 82.2077242422168 198.51024142941156 313.2451205849082 317.08599147037467 1.4523392 1.6013205 3.63351 -6.2410574 1.9240029 11.444894 1.5669264 105.0786684573128 
Car -1 -1 0 364.6686095038553 184.51154317454052 451.91769273780557 242.83959853183347 1.5931929 1.645622 4.063902 -6.1716557 1.9908268 22.568195 1.5569333 66.38855554825173 
Car -1 -1 0 819.0235147552899 161.66372768354796 1003.4663147847973 216.4727558576587 1.4699817 1.6854184 4.4782906 8.366717 1.1698577 20.25078 -0.025303662 87.11987648246877 
Car -1 -1 0 983.6520552030978 158.3267695304447 1242.0 266.980701437005 1.5082412 1.6470668 4.2169003 8.195009 1.3065865 10.950798 -0.053462952 87.55958398503138 
Car -1 -1 0 452.56209959614927 183.4677838759931 504.3207026173463 218.5480016452152 1.4831578 1.5838317 4.0240154 -6.065551 2.0098486 33.770947 1.5998179 10.846100893837251 
Car -1 -1 0 477.31601503282695 182.77163836530937 519.6995694858872 212.70783513929075 1.4961044 1.5714153 3.8584347 -5.9956546 2.0634606 39.3175 1.6111864 7.651886608987511 
Car -1 -1 0 907.2002633268937 143.3923982616109 1168.9994892986492 241.3565563098511 1.8011007 1.685468 4.138113 8.247227 1.2594402 14.135144 -0.012948927 39.950474922167494 
Car -1 -1 0 1150.5627809259006 143.31783596527248 1242.0 185.43747751948905 1.4992222 1.5797172 3.9206862 22.41119 0.44790083 26.481415 0.004531278 7.43319797776739 
Car -1 -1 0 489.9991306748826 180.87912958974667 526.6883061050348 207.86753125137358 1.533279 1.6003615 3.852399 -6.137713 2.0454247 44.09891 1.5990407 1.6741393871440504 
Car -1 -1 0 1065.2691103013492 126.00155790358211 1152.743964352317 157.47316806813487 1.463813 1.6719953 4.159517 25.95786 -0.84769964 37.682316 1.5650523 0.2953939735889435 

