Car -1 -1 0 806.7666257071619 190.5911812605463 1109.8315699475104 289.3514166250663 1.4238888 1.5876836 4.171009 5.5004826 1.7334808 11.665247 -0.06556287 77.73521589638183 
Car -1 -1 0 628.6241933872221 180.66829577959226 688.3034758752805 222.55202566375144 1.4049827 1.6203753 4.425724 1.7632828 1.7254701 27.321772 1.4906244 61.663701014267 
Car -1 -1 0 902.0006155065365 189.1954581844851 1242.0 330.39454163854543 1.4788809 1.5932329 3.9171753 5.803185 1.6970198 8.702021 -0.06894289 108.84690898698541 
Car -1 -1 0 332.27184781606564 182.2985569942909 467.99854025846497 228.61336262629627 1.4546769 1.6090577 4.0368958 -6.847871 1.7783859 23.871578 -0.027083846 26.910817876747167 
Car -1 -1 0 291.56417724381464 180.99150704854537 445.344566867591 232.90752578634746 1.459034 1.6020331 4.0149875 -7.0455785 1.7088962 21.343533 -0.0051264395 58.51065001944955 
Car -1 -1 0 791.9413119857419 169.34173715279675 1026.772211025825 266.2581746603459 1.7570565 1.6547971 3.881135 5.7098737 1.6933805 14.021108 -0.058751002 36.49419396317373 
Car -1 -1 0 615.4969090062618 177.0848679021286 644.8766346195032 203.85898372366879 1.478647 1.5270826 3.6034572 1.1714076 1.737028 42.24411 1.5453615 3.455310895552786 
Car -1 -1 0 0.0 157.3564448790818 295.6837433868915 306.7302394107271 1.9017323 1.7030292 4.5222254 -7.0344768 1.7044272 10.114651 -0.034271248 43.85846169602984 
Car -1 -1 0 653.2169672307517 156.86932543617272 691.1008584101562 194.76358165689092 2.6112206 1.8535578 4.635351 4.4645767 1.509747 52.12575 1.4599527 2.943634606626114 
Car -1 -1 0 612.054314541032 175.05864239882737 638.7408022678107 199.9566459742732 1.5657387 1.5452967 3.6215312 1.010581 1.7166095 47.538765 1.5332693 0.8976714178250097 
Car -1 -1 0 365.86270028791 176.78088932606803 467.2175619349822 218.43948701250244 1.6315758 1.5697856 3.676788 -7.7653637 1.7950678 29.22663 0.015819166 0.8445080439279695 

