Car -1 -1 0 10.376994389648223 197.87897311207868 292.40365390502257 344.25210572414636 1.4891685 1.5784364 3.534954 -5.8266134 1.8879036 9.722077 1.5617615 106.98513029725449 
Car -1 -1 0 730.5206519289825 179.74952189639194 879.785685904443 273.13735241902293 1.4478333 1.5766685 3.6883197 3.4337568 1.5934669 13.35194 1.512495 125.67507971387802 
Car -1 -1 0 321.4764855040499 185.07214593285784 448.8083451088813 251.7506211520235 1.4618638 1.6574287 4.2467566 -5.6725197 1.8176029 18.815332 1.6662655 87.20501027162943 
Car -1 -1 0 664.0055277095696 175.48869986139536 720.0416154984819 216.830119279908 1.4669168 1.5744703 3.7726703 3.1013443 1.5753038 27.76482 1.5283558 54.77025383439723 
Car -1 -1 0 691.1482626547262 179.38356172759458 786.8829595026742 241.78190464086595 1.4394047 1.6292295 4.045311 3.3020794 1.6312284 19.136433 1.5209633 55.59116883315813 
Car -1 -1 0 463.1014056016888 178.56654557946285 510.84507987886326 212.32829219382938 1.4636836 1.5362364 3.6927838 -5.6773705 1.7458137 33.77318 1.5916604 16.46056638037201 
Car -1 -1 0 54.1635306697934 187.25772043073707 205.7857260530808 239.86872704679917 1.5575354 1.5996149 3.8269227 -15.109079 2.0323393 22.83333 0.080687314 10.494075184108993 
Car -1 -1 0 655.3870381873289 173.73731150406422 702.2867871362185 209.49130819585648 1.557317 1.5399306 3.2659898 3.1387417 1.6000619 33.214134 1.4696426 4.19144194969331 
Car -1 -1 0 496.61796442590054 172.38539803781342 545.995396647168 191.716953350865 1.5357295 1.6466359 3.6364307 -7.175829 1.4985027 58.71212 0.3466041 0.32698854804039 
Car -1 -1 0 492.2339685158685 177.76800874225418 530.610277317838 207.78044316651093 1.5263798 1.5381956 3.6195755 -5.2720222 1.8051604 39.113293 1.5854676 0.5440105787905919 

