Car -1 -1 0 307.4860668010388 192.37821371489466 468.68122868145053 291.4442292495654 1.4068733 1.7666216 4.461696 -3.8603039 1.8306282 13.399192 1.5348983 130.7570360597553 
Car -1 -1 0 95.4031646961643 204.1316790552808 315.77665897935356 308.45753551193303 1.3611737 1.5973649 4.0772476 -6.7866154 1.9992175 12.678299 1.5683262 96.04355404819793 
Car -1 -1 0 432.2351737545668 188.74097108719448 506.57144048405115 242.45253938144936 1.4035261 1.5411328 3.457983 -4.109053 1.9175141 21.611454 1.5751346 64.3171763296142 
Car -1 -1 0 637.3455693800461 178.12615979641603 677.3968916249494 212.04886121632305 1.4894056 1.5891274 3.8848343 2.2153292 1.753871 34.24062 1.5564351 50.367386929820434 
Car -1 -1 0 757.9941802951098 163.67197840520316 884.9458773840965 208.79782114200813 1.6510537 1.7296363 4.303875 7.93865 1.3151039 27.300245 0.016775113 30.088711592073203 
Car -1 -1 0 742.6478591077747 159.23690228283508 853.1926367280907 204.09204027274993 1.8239894 1.6716903 4.179372 7.858404 1.2702636 30.308132 -0.06387146 11.362564580492194 
Car -1 -1 0 714.7840897280004 168.27286784575853 804.4717003659655 200.94436434135983 1.6011819 1.6626332 4.261645 7.5026574 1.3766671 36.376476 0.08780797 5.7203810681372955 
Car -1 -1 0 487.3306298326426 182.82664915940848 518.5884729496382 206.5001571211921 1.5075378 1.5188979 3.874892 -7.277047 2.2191572 49.53821 1.5858402 1.3458223604405335 
Car -1 -1 0 914.612425518914 155.1205479879016 969.9041467241467 180.42030733415785 1.4793179 1.5307976 3.5018945 20.223513 0.44241402 43.99912 1.4857419 2.705134500563542 
Car -1 -1 0 394.6490287275851 187.0122117318233 463.81742438563975 228.60096339751811 1.3870232 1.5650023 3.9402416 -6.755077 1.963728 27.40351 1.5927296 0.36060479283332825 

