Car -1 -1 0 681.933918650328 181.76870920930776 783.8750579358251 255.8638224459777 1.4486411 1.6308253 4.380807 2.7214203 1.6835854 16.824982 1.5714366 129.16639015014704 
Car -1 -1 0 762.2004043665354 180.43776558275107 895.925030845064 232.77554809865234 1.4813681 1.6266794 3.61412 6.5148168 1.7202692 21.722023 0.11047952 55.9825785569837 
Car -1 -1 0 288.12002247291053 181.4225666120541 470.6148429508567 242.40104148302567 1.4253409 1.599271 4.09247 -5.6462812 1.6511252 18.071432 -0.07025958 59.59454341471493 
Car -1 -1 0 0.0 179.8249810336603 329.3166093323199 316.30097697550383 1.488328 1.6529005 4.2681446 -5.891188 1.5824251 8.849604 -0.029962294 125.04617269896598 
Car -1 -1 0 111.6942783701175 176.18642605867325 374.9256487356713 265.63959196293274 1.5478722 1.5997798 4.095454 -6.670889 1.6137644 13.408146 0.02897096 45.37434701591709 
Car -1 -1 0 669.047136348272 176.98414976340797 738.4343828003548 202.58477021467996 1.57821 1.7182534 4.1524425 5.9182506 1.8445576 45.648346 -0.011365423 11.05666110666687 
Car -1 -1 0 412.3171386517259 176.12084352644894 517.8726066434361 211.9673905990211 1.4648131 1.63149 4.2235484 -6.0615907 1.6078684 30.628557 -0.07303697 17.049065058386713 
Car -1 -1 0 0.0 179.68332723578348 298.0900671598803 285.21167104674225 1.4931004 1.5849898 3.8249 -7.089359 1.6074514 11.202119 -0.0458931 21.088160390902125 
Car -1 -1 0 173.5302340527694 172.4217495794587 375.21254114370146 247.84180782525507 1.5417173 1.607392 3.6838825 -7.184898 1.5328813 15.774996 -0.12409707 19.44052521029991 
Car -1 -1 0 380.5260385085176 175.02378983597973 498.1076315682806 214.39950338396906 1.4798291 1.6189153 4.2882047 -6.577567 1.5676851 28.221083 -0.08784958 7.473889260346382 
Car -1 -1 0 451.81624293435664 169.4504224217237 532.7791563741802 200.94941078785953 1.7173 1.7053443 4.35417 -6.503057 1.5317395 40.371815 -0.084867835 4.110336771036148 
Car -1 -1 0 449.3350839319435 176.27031014977905 532.887680361106 208.12392930598438 1.5146875 1.5874108 3.8459022 -5.7493563 1.6858077 35.31442 -0.01730089 3.3595555546995146 
Car -1 -1 0 701.6232229546788 174.64152268121285 786.8417931809071 206.70613383786858 1.5532856 1.6051757 3.8941162 6.6899753 1.6449898 36.03934 -0.09162722 1.0685144255736168 
Car -1 -1 0 740.9171071668462 180.0448069162756 856.6081296190799 223.27808782668748 1.4777763 1.593111 3.71996 6.801471 1.7484833 26.091469 -0.15359807 0.2733798623085022 

