Car -1 -1 0 0.0 182.4620553308456 288.32320799086534 340.6047386636966 1.6664217 1.7333399 4.3347135 -6.229578 1.8300151 10.078379 1.5220298 122.7022404041632 
Car -1 -1 0 244.35223612574387 184.3810928838952 389.77959631367713 266.152819328985 1.5808142 1.6683296 4.1076517 -6.516199 1.8786108 16.584517 1.5734731 78.11272722258447 
Car -1 -1 0 396.4674819779581 185.5474581056588 462.32319698731374 228.4625097501576 1.4499067 1.6127967 3.802516 -6.7605357 1.9660647 27.42521 1.5535164 53.10080700672121 
Car -1 -1 0 476.04192218171147 181.88374767295667 512.36306501152 208.6689373807089 1.4505554 1.5179081 3.5189795 -6.67623 1.9987193 42.034386 1.5816507 7.927347931546099 
Car -1 -1 0 496.9470517130144 180.27185763374368 545.2644276114074 214.54245063881638 1.430156 1.7798407 4.3833184 -4.005498 1.7949891 33.277443 1.5496027 37.77797500936722 
Car -1 -1 0 626.4804083767282 175.16478044442 654.6791547280584 198.6824261373785 1.5236737 1.5985878 3.665318 2.0706944 1.6865144 48.980495 1.5263519 18.006137928777225 
Car -1 -1 0 1077.4830617228974 153.985761238891 1194.0277382050426 201.8603144450325 1.527144 1.5959921 3.9818358 18.136572 0.9252684 25.100267 1.713226 4.400365246525261 
Car -1 -1 0 699.8529326868118 169.20502404336918 777.929858077959 196.3274174048939 1.5550089 1.7322758 4.3008423 7.5320845 1.3458018 42.303574 0.0325357 11.205022673775277 
Car -1 -1 0 1161.344308634912 140.0574559932956 1242.0 172.60708825613978 1.4641902 1.566736 3.4705157 28.269047 -0.012312844 34.23216 1.5879977 4.183163363294136 
Car -1 -1 0 698.2306873644692 163.59205341191648 770.4207700351975 192.54370294876085 1.7725761 1.6605604 4.181595 7.7671356 1.2055095 45.12376 -0.056650918 6.59218943016122 
Car -1 -1 0 866.3212340359324 150.88104033164117 910.5626484419674 178.22304142071587 1.9117215 1.6258272 3.8214078 20.19048 0.37539697 52.38694 1.5359741 7.406357929685438 
Car -1 -1 0 1025.1388634381349 145.30029111509512 1098.9366416509522 175.73741684155573 1.6582552 1.7167327 4.0576897 25.825415 0.15709218 41.34829 1.5815427 5.3027697766489945 
Car -1 -1 0 841.1065889806034 159.34039449901826 876.5616664161017 178.95578961279867 1.549577 1.5579333 3.7249358 20.294209 0.48202887 58.87414 1.5555806 0.25034618377685547 

