Car -1 -1 0 781.0466268802064 193.80387123867183 1111.1409774279466 375.0 1.4074141 1.5289311 3.4069662 3.0148013 1.6694789 7.26643 1.490382 119.03583757992277 
Car -1 -1 0 676.1286687476327 179.8127935034905 781.8220185322252 254.84750530200756 1.5051234 1.6392207 4.2366037 2.6642444 1.6899984 17.02053 1.5317936 100.7629945084147 
Car -1 -1 0 661.4241076160321 178.97439547227367 715.7734378475864 219.66939682652514 1.4195983 1.5397182 4.1654625 2.9791565 1.6741347 27.904966 1.5441176 39.9286559138812 
Car -1 -1 0 0.0 192.664195249781 319.0261936501016 305.86824049780034 1.4273148 1.5702317 3.835812 -6.388722 1.7359257 10.328476 0.06708771 68.25673304629822 
Car -1 -1 0 95.59684214837573 185.14987622089896 364.74676584631067 277.88696697320376 1.5028211 1.6196668 3.9281492 -6.577733 1.7352378 12.77948 0.025184695 37.26029669260652 
Car -1 -1 0 325.7548963715551 185.28252233250993 483.78309925020545 238.37278735042943 1.4314291 1.5954348 4.0912294 -5.842591 1.8065432 20.836071 0.07117913 72.68142795720792 
Car -1 -1 0 186.30993569754966 177.13464120174964 400.8290274197207 260.70616120761616 1.6375053 1.5955589 3.824531 -6.540338 1.7329445 15.159958 0.068679 42.602516638746586 
Car -1 -1 0 340.99811984778813 180.9457484285948 473.60570748190275 230.03798700956193 1.5199993 1.5891671 3.8544044 -6.488792 1.7914835 23.40639 0.0037248177 13.518239048687278 
Car -1 -1 0 641.8501353892374 173.0927130916554 672.8661288501401 200.8399803522278 1.7350724 1.6666498 4.0503564 3.0836105 1.7513636 47.198437 1.5468197 11.248311966015622 
Car -1 -1 0 366.52887355952083 168.2576720083244 480.6659940997143 219.04887321747006 1.7596108 1.6407264 3.6532054 -6.60213 1.6003754 25.856178 0.02137687 7.9394641400876225 
Car -1 -1 0 517.2042958654753 177.56247351285015 545.2332166206055 202.5014751429036 1.4818834 1.5693767 3.5513377 -4.8914757 1.7898502 45.376816 1.5148104 0.2760058343410492 

