Car -1 -1 0 361.0498409093857 186.8780758560123 425.64528023397725 223.4609473076077 1.3766029 1.5885065 3.5867271 -8.551664 1.4478866 29.019684 1.5555407 33.334034073008965 
Car -1 -1 0 476.1044416034045 185.35377984088763 521.8846498538109 219.66778340409257 1.3934972 1.5094051 3.6296034 -4.6135416 1.3998113 31.039318 1.5477419 26.075808730008212 
Car -1 -1 0 577.7660598296095 181.17442104567843 607.5728878495567 208.43133096663271 1.4675593 1.6056583 3.6892009 -0.8394563 1.24997 40.57319 1.5396149 13.729557489263184 
Car -1 -1 0 406.0245443309104 188.82636254742005 493.50989518143496 245.67840926003643 1.3956438 1.5873914 3.8700755 -4.225315 1.5050046 19.833141 1.564788 69.08857436928788 
Car -1 -1 0 399.91167110898743 181.21970687203208 435.13948621415847 203.84719931924764 1.4903059 1.5811205 3.7037652 -12.943048 1.2271194 49.230343 1.5271637 5.17832521942741 
Car -1 -1 0 421.6184680634506 182.0099214642218 463.62879362866573 211.98401240219258 1.5837312 1.6247163 3.6678739 -9.067825 1.4143486 39.847336 1.5302252 4.6586871473341525 
Car -1 -1 0 678.0380801838884 179.1590124920511 711.7734919853391 208.43131376726564 1.5673125 1.6284025 3.6572661 4.88048 1.2430223 40.35746 1.622273 3.4373832235247237 
Car -1 -1 0 454.4107630371838 181.20196504871913 480.6773780972566 203.8644583495409 1.4503022 1.550863 3.948661 -9.376829 1.1934406 48.104755 1.3342972 0.38754138350486755 
Car -1 -1 0 496.03417512192493 182.39017988062844 532.7317734193218 209.68148697205783 1.4876387 1.603971 3.8221192 -5.2569985 1.3336208 41.095737 1.570935 0.5373866950022694 

