Car -1 -1 0 820.7542358807088 184.27052435480812 1112.9441786040861 282.21551947659106 1.4597082 1.6503713 4.011858 5.732272 1.6620665 11.877574 -0.04353723 123.93231054027929 
Car -1 -1 0 644.0209258490278 180.5779931556682 700.4286534981068 223.30822842321868 1.395395 1.5805831 4.0570507 2.2109718 1.6995382 26.358204 1.5379536 46.959781648935184 
Car -1 -1 0 53.529108096127715 188.10976750857455 356.725680986019 284.0668407946296 1.4106431 1.5656413 4.0142484 -6.3618493 1.6735178 11.645279 -0.0024138852 54.55193267810354 
Car -1 -1 0 289.73846673442034 181.30864877478922 459.0923479171219 238.56369871809488 1.4968879 1.6000628 4.1578836 -6.413512 1.7405415 19.953133 0.019680407 85.5949660087985 
Car -1 -1 0 639.3203358052364 177.61103487158505 678.4065926712805 209.800583999929 1.471374 1.6007969 4.2165365 2.3842523 1.7208587 35.724197 1.5594971 8.435897626585398 
Car -1 -1 0 0.0 189.42048438738377 279.21200827812265 320.2231311765218 1.4485738 1.5784447 4.0566187 -6.573074 1.6790078 9.128485 -0.059203364 29.76973993062659 
Car -1 -1 0 369.23544958796333 173.4832318750925 492.59237994860484 220.27245339074645 1.7094578 1.6496503 4.238022 -6.6911464 1.7340348 27.284151 0.034965422 29.606183314540115 
Car -1 -1 0 552.078098363852 177.12822341621725 575.858918126875 199.11912525650226 1.4491259 1.5902748 3.7239215 -3.183702 1.7578502 50.203354 1.5010026 4.275519573022656 
Car -1 -1 0 621.1264395563163 176.01658354156044 648.316248222018 197.61715791173128 1.5421872 1.5932521 3.954587 1.8522916 1.7884345 54.145775 1.4899502 1.8809767800267487 
Car -1 -1 0 453.29218552810096 174.98837149986403 526.6740313366412 204.1281679665852 1.6371509 1.6892502 4.0464435 -6.85627 1.7633697 41.676243 -0.07451062 1.127840827529103 
Car -1 -1 0 475.9093738437023 180.41759719559155 518.1151813142486 214.06690088887038 1.4418038 1.5873878 3.860145 -5.210803 1.8165494 33.77633 1.5126117 0.2845298647880554 

