Car -1 -1 0 711.6093770679105 184.04861553333475 896.3979498141551 306.99154954304953 1.46335 1.6619152 4.4775505 2.7417722 1.672455 11.236967 1.568492 151.8541811786576 
Car -1 -1 0 367.1144580310043 176.63811776130916 499.08647301971826 220.0338827572501 1.438201 1.617535 4.224997 -6.031829 1.5743144 25.015003 -0.062185057 33.62019739785147 
Car -1 -1 0 803.0851503540584 180.90031286542825 999.7885074952485 250.5242633441795 1.4346812 1.6089883 3.7846498 6.3836403 1.6258783 16.12463 0.117406934 67.04305796738734 
Car -1 -1 0 135.1815101559961 180.2864052867323 410.95496742700897 271.5767004170252 1.446938 1.5916605 4.0128317 -5.642909 1.5843794 12.461309 -0.043081723 94.54602404332091 
Car -1 -1 0 725.7107456935406 180.6402680096016 831.6468341509818 219.21976959303362 1.4269147 1.5469042 3.7037342 6.507134 1.7384448 27.96116 -0.073704585 23.38585223975299 
Car -1 -1 0 410.8576246214005 172.62728185735497 518.8025832431174 212.9308688973589 1.6126034 1.6403542 4.11631 -5.8948107 1.603532 29.69649 -0.003193878 26.502940551430516 
Car -1 -1 0 679.4842994950862 176.51572443287714 751.6230905705377 205.34479938086542 1.5512502 1.6908 3.7015734 5.836525 1.7589078 39.98977 -0.045613285 14.786424602494243 
Car -1 -1 0 715.6961287332927 176.60114625208024 811.1886758004892 215.49585040113766 1.5724177 1.5925199 3.6252356 6.398966 1.733963 30.223413 -0.04851472 23.584875862528012 
Car -1 -1 0 321.38426303064506 176.48155495758564 471.6229959682595 224.94031067510852 1.4353418 1.6208364 4.285264 -6.5545344 1.5539863 22.562963 -0.10768397 18.75662211485445 
Car -1 -1 0 486.2348321536635 175.1148548303641 551.1762354930048 199.25361756063378 1.5736866 1.6345277 4.0522704 -6.0423145 1.7278632 48.21473 0.08680975 6.787377797770289 
Car -1 -1 0 0.0 169.5199243267619 257.62708655960387 291.6322536337787 1.5608807 1.5828645 3.5026333 -7.090144 1.5182633 10.159056 -0.084321536 18.20575688376316 
Car -1 -1 0 632.0119309854136 176.42311804429738 656.9144150675598 196.79894708003903 1.4620486 1.5805998 3.7297955 2.5961337 1.7401062 54.32376 1.539389 4.457469360358883 
Car -1 -1 0 776.4000248984768 179.48363601607755 930.7624433903798 235.7618379271775 1.5175636 1.6172147 3.8294804 6.831713 1.7129548 20.456314 0.000275684 4.317652018036008 
Car -1 -1 0 428.5252005096791 169.8368332815045 521.1936927628329 205.9248539082543 1.6836416 1.6675012 4.236775 -6.4086914 1.5428792 34.678513 -0.08769024 5.267232534596626 
Car -1 -1 0 578.216136001478 174.00999617894936 595.7435296597438 187.91314419406564 1.4698547 1.5873061 4.0084047 -2.437823 1.5991538 78.66302 1.6214176 0.2736653983592987 

