Car -1 -1 0 411.9635281246998 182.0610820319271 514.2901564301226 251.57986598831408 1.4531887 1.6344192 4.354335 -3.2943087 1.387246 17.215021 1.5568074 83.07550234480546 
Car -1 -1 0 555.587893207761 175.8700764325789 623.9345925818795 240.11691533965072 1.5758107 1.6777966 3.2403526 -0.46608245 1.3465865 19.2716 1.5467219 52.88805510737214 
Car -1 -1 0 259.5970741523567 192.11243979114394 469.10714690842434 314.3380813906737 1.353537 1.6478627 4.4822 -3.2101424 1.4757787 10.478716 1.5435778 96.20296721575102 
Car -1 -1 0 269.86815235598345 178.61102204346838 375.28063481591744 238.17036916492154 1.5211058 1.6351393 3.5736744 -7.8533287 1.3524268 20.170452 1.5397538 81.89936354021302 
Car -1 -1 0 514.8172477546482 176.94362002142466 562.6637533249678 211.4586349218923 1.5182629 1.6268227 3.8600612 -3.1373563 1.1543868 33.60125 1.6373743 9.73298305734419 
Car -1 -1 0 250.10858753396425 180.63068686143677 321.5427176192214 219.81553487266265 1.4481727 1.611051 3.5931022 -12.625622 1.2787223 28.451262 1.4436994 8.148788148132027 
Car -1 -1 0 343.02688224611984 177.7308940015275 397.25135325142156 206.5877164378572 1.48299 1.6765575 3.9513738 -12.762541 1.0983361 38.929058 1.5581833 19.354154447666048 
Car -1 -1 0 394.7127089007253 175.72209760447384 452.69923810156797 211.5794207514818 1.5142279 1.5928075 3.7587707 -8.15584 1.1133202 32.247646 1.5855051 9.761650840425858 
Car -1 -1 0 467.35713554951843 174.6513149205063 534.4505955125727 225.4145386794758 1.5744048 1.6479174 4.139513 -3.5065491 1.2467539 24.367868 1.574487 20.399166352001554 
Car -1 -1 0 451.6499136317637 171.51290331253546 485.2566842399929 196.00805781830513 1.4777818 1.6146278 3.8643522 -8.706184 0.65109825 45.34964 1.5045562 3.151016699533431 

