Car -1 -1 0 721.4706198304455 190.5067490332567 907.6503469976232 308.1587081487965 1.4127994 1.5584726 3.4419398 2.913859 1.7256911 10.995849 1.4656014 105.66593245916913 
Car -1 -1 0 657.5139724239044 182.36254769095262 739.0444803216109 242.49164312349416 1.4898078 1.6126463 4.3093653 2.4337435 1.7923217 20.76325 1.5205864 92.0153597299913 
Car -1 -1 0 355.0443137115794 186.89215867932916 493.04010815399164 231.905733841473 1.4281358 1.6181469 4.2362394 -6.2289248 1.9229999 24.465912 0.07683745 59.336032359467254 
Car -1 -1 0 0.0 192.6517908417036 283.41425356151353 320.78419078491 1.4577447 1.5617883 3.794011 -6.4593773 1.7368681 9.322214 0.03700546 71.06986830543141 
Car -1 -1 0 200.30774862012146 187.5053775277002 406.4574631490819 259.1395948573805 1.5045404 1.6269536 3.981703 -6.817978 1.8539 16.353817 -0.018986512 40.37523932705492 
Car -1 -1 0 145.4900477903436 189.5053950647933 384.1940503354313 271.7341919308021 1.448061 1.5848484 3.8604937 -6.5308475 1.7892101 13.919347 0.03701766 49.53633435596278 
Car -1 -1 0 261.73305553242903 182.9810730658757 432.21043228127013 246.01166334261873 1.5318036 1.5934885 3.8584557 -6.7622757 1.8088317 18.78896 0.08026101 32.701207752623546 
Car -1 -1 0 367.38033209016737 182.55931363243852 482.8439379620556 225.53622127956098 1.5358533 1.59826 3.916695 -6.831177 1.9098389 26.980528 -0.0123730805 9.617585374647796 
Car -1 -1 0 649.6291792299891 179.79397412664494 697.4965870039154 216.9674761986537 1.4806173 1.5884758 4.134574 2.736833 1.8048482 31.6153 1.5348779 11.543999832652135 
Car -1 -1 0 41.324709396007165 194.2020840026234 332.90485996982466 294.25943950544047 1.4361401 1.5396849 3.7899132 -6.6171927 1.8024008 11.545593 0.033859268 32.23030623532559 
Car -1 -1 0 633.3165005667023 177.1558066708129 660.739798953845 202.3138374808567 1.6846071 1.6264148 3.5895977 2.602283 1.9980869 50.758675 1.5373052 5.457487565557693 

