Car -1 -1 0 632.0398918594615 186.46049802044016 675.1039127134017 218.81648855144533 1.4728899 1.6177663 4.1159887 2.1820984 2.2057261 36.74395 1.4884305 34.228331064266165 
Car -1 -1 0 893.5538412863718 193.17775688445047 1229.8760798930475 311.17813606624327 1.5025916 1.5672255 3.8118896 6.2852583 1.818558 10.351805 0.043467417 37.9905096330648 
Car -1 -1 0 729.021342660243 192.25749956170566 884.1088882342322 244.17506577823752 1.4086386 1.58903 4.107429 5.7286143 2.0050783 21.232037 -0.075495176 46.613894996995136 
Car -1 -1 0 830.3830456144128 194.0082020044979 1067.7217380952839 281.77288413641116 1.469627 1.5607462 3.6644776 6.1617737 1.8857863 13.343517 -0.03890419 55.46388703728528 
Car -1 -1 0 89.93299251162635 189.61537238253334 365.5963842431456 285.05235968478473 1.5157592 1.6435101 4.01132 -6.581856 1.8321049 12.700024 0.04844577 44.268944378764466 
Car -1 -1 0 0.0 194.90042058586317 319.30273637884096 313.5758552935797 1.4838297 1.6252627 4.089821 -6.461798 1.8200096 10.167229 -0.0111126425 69.35428678973892 
Car -1 -1 0 213.36803016272793 185.24785674808757 418.65596901664406 259.56914083900085 1.6293515 1.6981273 4.213802 -6.844948 1.942069 17.182566 -0.08409448 63.20193083361575 
Car -1 -1 0 760.4810585502552 191.05788827348064 932.8577872544661 254.92361558136838 1.491111 1.5927207 3.8494682 5.9566355 1.978399 18.35401 -0.08687958 42.78741042551446 
Car -1 -1 0 805.8118132529693 191.3926396857279 1005.8562186894212 265.153294174274 1.4831245 1.5846379 3.7647676 6.4360437 1.9152727 15.895966 -0.07084082 19.188881853812358 
Car -1 -1 0 402.6202493193761 187.6984551034247 502.5545896498465 224.23403779667322 1.4966803 1.6022218 3.9449358 -6.696294 2.1518269 31.03143 0.00603174 23.408928738095174 
Car -1 -1 0 728.7554098834058 180.6083732723478 863.3029436077052 237.18107820976326 1.7525115 1.6778232 3.9297113 6.0266314 2.0162277 23.577003 -0.063326806 18.238512079040483 
Car -1 -1 0 614.3397341463373 183.11292556660732 645.8053018325717 205.5948004495047 1.4967959 1.5465301 3.8553543 1.4373968 2.263842 51.919357 1.4045112 3.010030543994947 
Car -1 -1 0 424.0357618860497 187.77123896816875 517.052706084502 221.5507674130132 1.4973059 1.607681 4.002666 -6.4176245 2.2086449 33.566216 0.018550325 9.927919456971106 
Car -1 -1 0 263.0562232964361 177.74491699447722 442.11894284689583 247.51920307109543 1.8044082 1.6723342 4.311661 -6.909381 1.9444683 19.726585 -0.04672128 12.779718781194319 

