Car -1 -1 0 657.1656634122386 178.42546731913873 724.8039282623943 236.1367334636787 1.7687321 1.6945523 4.264111 2.6878288 1.9760628 24.690628 1.5363975 75.57383078051093 
Car -1 -1 0 273.4503077986836 185.95075201169013 444.21102390470077 247.40846850370903 1.551188 1.6171765 4.0367303 -6.6701007 1.9199828 19.449778 0.029712962 62.88577078704071 
Car -1 -1 0 358.036835197185 188.69678497580702 485.5206482175759 235.2246228945483 1.4562032 1.5736613 3.8340678 -6.2525415 2.0095615 24.22483 0.101548344 21.15353441065091 
Car -1 -1 0 399.3334773096462 183.81811483001286 495.00288493224036 226.30677480919206 1.6144552 1.5735223 3.5490425 -6.4274483 2.0668058 28.833878 -0.08518408 19.124196655093016 
Car -1 -1 0 644.3419302356326 184.46366386390295 683.8279379602216 218.0842736367146 1.5087893 1.5906484 3.7051654 2.6354623 2.110698 35.53974 1.5499666 9.347163048042534 
Car -1 -1 0 316.9717266631393 187.73381716563466 474.13091709060967 239.95513175318382 1.4825794 1.6195875 4.2599125 -6.3697057 1.9484072 21.76984 0.0041558226 16.741354140797934 
Car -1 -1 0 412.7807724372976 186.74762821646735 513.0852536470873 223.70525960542693 1.5150137 1.6154617 4.0692444 -6.278281 2.1340508 31.214449 -0.062893085 3.115375640413948 
Car -1 -1 0 490.04684326461677 181.90395972389047 527.2030424463304 213.032641691514 1.5648994 1.6066895 3.7516034 -5.445479 2.0813606 39.277077 1.5402007 2.110571271515768 
Car -1 -1 0 666.0251871646382 174.43080947441763 704.7261364022753 187.97074238782454 1.4601623 1.6127791 4.16647 8.274595 1.6348842 78.99328 0.074170716 1.398332924361447 
Car -1 -1 0 480.8716227516243 179.59689537963558 544.9255214904629 205.44067395233805 1.777705 1.7103767 4.273056 -6.798237 2.2629006 51.012405 0.024374282 0.9069655133033255 
Car -1 -1 0 767.2282893016417 196.7641610757923 1022.6693375160344 348.70896082309963 1.4683391 1.4656204 3.0530577 3.4006505 1.827362 9.165981 1.2954423 0.3050365149974823 

