Car -1 -1 0 0.0 208.09527727974472 267.5345497448628 373.45790344019235 1.4601011 1.5804243 3.8207688 -5.9939437 1.9988594 9.1101055 1.5577223 122.98553880158295 
Car -1 -1 0 207.51670657855846 198.91535970709933 368.02659953833637 294.512422704906 1.4686424 1.517767 3.6016169 -5.9895515 2.03541 13.881651 1.5585837 101.25050732716987 
Car -1 -1 0 331.7754177387501 192.13849752455715 438.3958106123241 254.3762284271326 1.420818 1.6472671 4.2290864 -6.0358133 2.009448 19.904547 1.5649726 82.85856471191562 
Car -1 -1 0 415.0619624107609 190.1475601023209 487.63712932306913 233.13817354038662 1.4036448 1.6347791 4.2656164 -5.9196186 2.114229 27.476366 1.6212014 53.33404715108879 
Car -1 -1 0 911.5029352527325 143.63512521702273 1144.1075169904755 216.27054377385411 1.508965 1.6562792 4.138795 9.040168 0.9019572 15.829109 0.0055048554 119.57857596003169 
Car -1 -1 0 678.7191414086923 174.37231824484445 756.3908030544674 229.04389960201655 1.486689 1.628943 4.19035 3.1591487 1.537123 21.852837 1.5462277 37.64242025632487 
Car -1 -1 0 665.5751040999724 173.85744392352768 722.3068219357275 221.15525086279197 1.6496521 1.6414678 4.2472467 3.118947 1.6906905 27.382626 1.5671384 38.55594003644853 
Car -1 -1 0 895.92536166265 142.87816311981996 1074.27506319103 210.18086944424616 1.6316366 1.6074631 3.7015746 9.446234 0.9049247 18.331673 -0.019272998 30.523201631222364 
Car -1 -1 0 486.6355070643398 181.5650529587068 533.2163412071385 211.5838604035126 1.6207052 1.5915799 4.255782 -5.799573 2.1601954 42.465263 1.7163179 12.673479491150477 
Car -1 -1 0 789.6634718827489 161.5075368081684 940.3071085803651 207.96136599270156 1.4623353 1.6864502 4.3230453 8.252733 1.1051562 23.563225 0.0029981453 32.47248452765857 
Car -1 -1 0 848.4777937324466 153.1838289403489 1001.5177671067624 208.6510229370919 1.5260646 1.6042271 3.6935034 8.974505 0.9848806 20.709309 -0.030301962 33.89528883245579 
Car -1 -1 0 651.3525368192753 177.52211625554474 696.2000391361814 209.1392718165047 1.5075166 1.577097 3.8625605 3.2356849 1.7598403 36.997833 1.4660199 4.812805745353201 
Car -1 -1 0 454.8698312371672 186.45132336260923 507.45267699325234 223.09912415160574 1.5235088 1.5533026 3.7500727 -5.8661985 2.1879418 33.33878 1.6321979 2.0473162175690227 

