Car -1 -1 0 639.4742014938902 187.09062123185012 705.6762596585523 239.10771373381075 1.397587 1.5779831 3.754086 1.8662553 1.8759544 22.337332 1.5306425 88.68796883946393 
Car -1 -1 0 792.3368624740773 201.20849338259006 1175.5877846333494 375.0 1.3861973 1.5837848 3.8737063 3.1937094 1.7438681 7.1182976 1.5070522 133.59532865415684 
Car -1 -1 0 447.50272087322037 186.56963728383712 493.1910884113889 219.98392211056375 1.5732365 1.6922364 3.9614162 -7.1930914 2.326126 37.609585 1.550283 39.94794892678116 
Car -1 -1 0 625.662907456812 183.48426412867536 677.7351344226155 225.87846092315453 1.4734335 1.5997565 4.208042 1.5778166 1.9217664 28.290836 1.5225756 27.66558937487445 
Car -1 -1 0 881.9082504771609 168.03161854408307 1017.5292835243072 223.85807608297876 1.5543641 1.6000317 3.4621258 10.220523 1.4200954 21.752657 0.6265125 66.59886593958822 
Car -1 -1 0 1122.1695124166226 164.060727524214 1242.0 215.21166331809573 1.4286731 1.6524346 4.005212 17.986319 1.1830722 22.158346 1.5742037 23.751256537249663 
Car -1 -1 0 802.7968626698449 177.158113811142 912.5420419039868 220.50182218012912 1.5656116 1.5746338 3.7967277 9.615098 1.7425275 28.022694 0.52707165 2.0492100671094 
Car -1 -1 0 862.992454743449 174.97112495657495 981.9615475060336 221.67506387961473 1.4629642 1.5229522 3.4820828 10.524354 1.5389667 24.323605 0.5683448 1.0392284952351458 
Car -1 -1 0 187.2493275580996 191.9896107481321 227.66614466067315 211.54444613189844 1.4848342 1.6312282 3.5161233 -33.477077 3.1286068 60.163177 1.4905015 0.7920473318287725 

