Car -1 -1 0 680.9327800399724 187.8402661416293 780.0550017639637 263.28874511194584 1.4780438 1.5909392 4.150048 2.7159796 1.8755038 17.050072 1.5563756 84.95657463104884 
Car -1 -1 0 336.4777246126978 198.4007658935897 499.25911773465776 316.8460682749406 1.4551094 1.6275139 3.7133842 -2.8524437 1.9290755 11.526558 1.5666528 99.13016512117358 
Car -1 -1 0 514.7496188788773 189.71905145049317 560.5725730043064 230.99449228417046 1.4997979 1.6205745 4.047158 -2.9183183 2.2474644 29.939508 1.5395255 34.85740982617027 
Car -1 -1 0 419.15781904226594 191.9670689361477 522.384555656729 266.92140988568565 1.4484833 1.58906 4.117654 -3.1373563 1.9555633 17.071402 1.5869398 47.40770685625499 
Car -1 -1 0 630.490264391833 184.1866478541085 655.7509618128117 207.8570144451819 1.5376785 1.4928851 3.7200594 2.3192809 2.3612318 50.554127 1.5421281 13.95691265697691 
Car -1 -1 0 645.16416537957 178.02411976496063 693.4577628688098 224.22400283357123 1.9035852 1.5844623 3.6846433 2.5945148 2.146814 32.049393 1.4973903 20.384206922043745 
Car -1 -1 0 666.8673992935128 188.64883074198923 736.63359147406 242.60252973384843 1.4494486 1.5595479 3.9493563 2.7872252 1.986861 22.551895 1.5394804 28.355458238226973 
Car -1 -1 0 652.4236827821323 187.94192888108566 707.7136764502725 231.3534946632709 1.459437 1.5290042 3.8043218 2.6213403 2.076208 27.551739 1.5122879 31.991659546252095 
Car -1 -1 0 545.9821425233798 187.84870313236746 578.2792392220977 216.9256972773145 1.4795316 1.5257207 3.507309 -2.6098826 2.3536472 40.29786 1.5847968 4.405422065962814 

