Car -1 -1 0 772.6255807612712 196.3690336253852 1146.135229969875 375.0 1.406453 1.6025256 4.238768 2.987719 1.713573 7.279384 1.5382733 99.63413499837951 
Car -1 -1 0 652.7754452063518 176.39934062875736 716.5380659477532 229.7435936680846 1.7856917 1.7277822 4.3697023 2.6807027 1.9276294 26.667568 1.5287848 70.79443450835878 
Car -1 -1 0 310.9981323526129 182.73498028504986 459.94706377097884 238.37090049178678 1.5580667 1.5833743 3.9074912 -6.5551996 1.8620479 21.352165 0.027665004 44.973126487154644 
Car -1 -1 0 643.4456585320014 182.70072288359378 681.3010675993605 213.5858874350967 1.4794651 1.5703573 3.5992472 2.7028317 2.0169919 37.558987 1.5311334 9.036092151623006 
Car -1 -1 0 633.0066466922942 181.25093194375881 661.2960554951906 205.1973887052886 1.5433788 1.5785174 3.5879872 2.5509787 2.1421833 49.62189 1.5187231 5.350695451226361 
Car -1 -1 0 413.0400811804941 176.09711198754397 510.6463481997336 216.0545531486387 1.7809963 1.6491756 4.179779 -6.7355504 1.9341943 33.19451 -0.031258743 15.72082376743889 
Car -1 -1 0 379.7279195275939 185.71110260119843 494.9125198069634 228.06223563750615 1.4388884 1.5570664 3.760574 -6.2187023 1.9247946 26.212418 0.1533059 7.937021398430416 
Car -1 -1 0 344.25904675878047 184.09949630084728 486.12712606334713 232.24731094335374 1.4879372 1.6028523 4.2016773 -6.3113346 1.8714561 23.67141 0.064946905 6.0304512600608176 
Car -1 -1 0 413.52292755458217 179.9635906981503 505.6921853297284 219.49496248651647 1.6216085 1.5814272 3.55754 -6.3765354 1.9351299 30.877602 0.086280815 5.408127801715644 
Car -1 -1 0 428.22453122749215 175.92915697516187 517.5273875176067 213.34503316225923 1.7851557 1.6570848 4.1084285 -6.6637526 1.9401541 35.47048 -0.033821262 1.328603424353187 

