Car -1 -1 0 125.06077788066716 186.6782909554294 339.7902286484211 308.08889531991144 1.4809095 1.5204861 3.4014282 -5.445673 1.7227515 10.907108 1.5509446 123.47718672393466 
Car -1 -1 0 743.9557910799799 180.56237845946154 907.4826003492716 286.6585756204329 1.4434175 1.5607299 3.5568113 3.3568645 1.5894138 11.871502 1.5498166 84.61946676967646 
Car -1 -1 0 276.37075914572614 181.34555019839786 417.86117350845626 264.53807926007966 1.5163834 1.6141837 3.8511152 -5.4408507 1.7212379 15.476297 1.5769083 89.92721852072705 
Car -1 -1 0 809.7933603533753 183.94030372472437 1242.0 375.0 1.4826586 1.6152825 3.9380903 3.2246356 1.6114643 6.368824 1.5102208 110.40938251366524 
Car -1 -1 0 477.370148784558 178.03733085806897 529.3787498756473 202.0178345855198 1.4188203 1.568 3.6252038 -6.7131586 1.7585558 45.400276 0.87204015 26.14322236625041 
Car -1 -1 0 278.1784388616675 178.6209623247584 323.0691368582084 213.77073864995427 1.4669383 1.5258374 3.7643318 -13.981695 1.7452991 32.80223 1.2612606 1.5732615662240297 
Car -1 -1 0 683.4486152961538 172.12375284396867 733.8991627390385 189.1088030637418 1.4207015 1.6062678 3.954928 8.435405 1.3596202 61.514168 -0.18975191 2.829364307477278 
Car -1 -1 0 581.4463262166094 175.0404202973555 636.5253561393074 194.46022444394887 1.514101 1.6227177 4.233083 -0.03107071 1.6966444 58.45015 -0.5448551 1.3683779536394942 
Car -1 -1 0 634.277183487587 170.02086958535392 674.8694021899587 186.78342130138174 1.5590231 1.5906099 3.776028 4.2497325 1.2955238 68.03936 0.07349713 0.2768078148365021 

