Car -1 -1 0 0.0 194.0079088061876 301.8631581832071 375.0 1.5180948 1.6269083 3.9255896 -4.8404016 1.7963421 7.5196323 1.5604625 95.43902746476259 
Car -1 -1 0 465.7276311436993 179.39947757012402 522.1919779022109 221.2612695142512 1.5321956 1.5450482 3.3364995 -4.5265837 1.807586 28.650322 1.6243784 61.28515144185175 
Car -1 -1 0 224.79497975212314 191.1790373932802 413.8813414059418 295.0690535005771 1.4215561 1.6613588 4.335697 -4.870894 1.8024471 12.819359 1.5583675 99.10453364555408 
Car -1 -1 0 740.7687528440923 182.67199135883104 897.6824832469774 284.9298669637792 1.4905946 1.6556871 3.9510756 3.5259793 1.6926632 12.873784 1.5719838 67.6253317758111 
Car -1 -1 0 804.0355647211076 189.38893279970034 1169.7379942938587 375.0 1.464464 1.6476499 4.200372 3.5111754 1.6899698 7.723198 1.5495151 107.98221075584453 
Car -1 -1 0 715.7219631445096 180.92330983296907 810.035732442444 248.14113623923907 1.4911706 1.6428918 3.9285178 3.793344 1.7197516 18.460464 1.5887487 51.910275814052966 
Car -1 -1 0 695.5351957850218 179.6638296410855 765.7052398536861 229.16135048507707 1.4637848 1.6123295 3.9418828 3.9086626 1.7077122 23.864254 1.557913 30.17917818551055 
Car -1 -1 0 491.9157237374705 178.98078462791102 539.5514437802711 213.48222019775744 1.472351 1.5225836 3.7464554 -4.2807264 1.7720618 33.383636 1.6264354 22.371393999483313 
Car -1 -1 0 628.7977193769146 175.52637309757597 678.8817337527031 191.27131204339412 1.4415877 1.7018027 4.6062965 4.107607 1.6943748 67.31656 0.037114583 18.065989685837224 
Car -1 -1 0 692.1797264466717 179.52760995226592 741.1151417983056 218.8189842390314 1.4679272 1.5123456 3.5681207 4.296892 1.7561028 29.36176 1.5858517 10.283852367619296 
Car -1 -1 0 1095.1829660909998 171.81070021613075 1242.0 244.63121147324054 1.5345294 1.6431181 3.8135436 13.9773855 1.5125442 17.252068 1.331182 1.9643220504008445 

