Car -1 -1 0 706.8749350141036 177.42449768882955 840.6291942911499 268.0175299166658 1.4285297 1.5700064 3.5432465 2.8770723 1.5244944 13.354328 1.5392721 50.411024292524736 
Car -1 -1 0 677.6548889830684 172.83832647933448 768.5819009286214 237.30516055803412 1.5068691 1.664981 3.9355378 2.8446248 1.5065026 18.853512 1.5456856 67.84475548887067 
Car -1 -1 0 654.0098905631742 171.772481468968 698.5099689291274 207.65703081046752 1.4401097 1.5803287 3.7698083 2.7932823 1.3967063 30.84716 1.5780545 46.067129140378604 
Car -1 -1 0 750.7021357344036 151.80316374309734 1083.8798143443403 375.0 1.7557647 1.725364 4.283085 2.8424006 1.5906086 7.8161488 1.5545624 88.40858838923268 
Car -1 -1 0 0.0 180.53927493805062 302.2738414185468 296.57459715502983 1.4738115 1.5951424 3.8657207 -6.562838 1.5896647 10.073941 -0.002824181 43.72153996905413 
Car -1 -1 0 83.07684824816576 170.96700111619546 357.906365778987 274.20643448530177 1.621965 1.6138641 3.772423 -6.4229183 1.5923189 12.225812 -0.044445045 49.44845456303546 
Car -1 -1 0 325.74383952089323 167.73174496564835 468.3089420663111 223.8298661552369 1.6089776 1.6545341 3.7642756 -6.2613554 1.4620636 21.531307 0.0049280385 29.819395193968234 
Car -1 -1 0 383.8778172058799 171.9487701747814 501.4269248685427 210.05231019533926 1.4869845 1.6507918 4.3387423 -6.7199883 1.4516579 29.244646 0.123698466 15.593338981713266 
Car -1 -1 0 167.18118714026957 163.55053023169265 417.53661899776847 254.67003130154757 1.7389324 1.6740149 4.3328195 -6.276806 1.5613841 14.609049 -0.0009943044 33.755765975849265 
Car -1 -1 0 276.772633596995 173.48113540803632 452.820400204998 232.20823395372815 1.4700849 1.6164466 4.0967903 -6.38443 1.4874861 19.051657 0.07987153 5.898988279112096 
Car -1 -1 0 425.818547774644 161.1734015644066 521.1934423682133 199.57661281743034 1.7727839 1.7114937 4.1909356 -6.3871856 1.2335794 34.17086 0.0034433815 3.3255410893970603 

