Car -1 -1 0 805.1692855197412 164.85152758917124 1164.90760476601 295.0715496611495 1.4573897 1.6164532 3.7215638 4.5532784 1.367828 9.0526085 -0.09288898 126.68724226875811 
Car -1 -1 0 689.0691810345681 157.22619012212252 831.6455884457783 212.65826359943006 1.446528 1.5595567 3.5192747 4.0766487 1.0387123 19.786524 -0.103637494 104.04922048040699 
Car -1 -1 0 666.1767049918022 157.71232610304406 803.9502810148335 207.0155023622109 1.4469199 1.577985 3.88444 3.8109343 1.0025511 22.203987 -0.12705207 24.092490113375295 
Car -1 -1 0 245.20900014481228 148.90426549207262 408.9159618324707 204.25500049908587 1.5147543 1.6327653 4.0670877 -7.993446 0.85933447 20.689938 -0.06360914 51.219142426872004 
Car -1 -1 0 16.30004726292197 153.56701154003272 306.41368467332876 244.43766994091808 1.4873219 1.6101375 4.075403 -7.7292995 1.1716428 12.746012 -0.065275654 58.355690036777716 
Car -1 -1 0 117.4540165543731 153.15492609146253 350.18306196554994 226.17417058060528 1.4860885 1.6062803 4.1756277 -7.9542804 1.0851727 15.514961 0.013001949 41.276715421249015 
Car -1 -1 0 460.1012734173564 150.8128213153211 493.15419239536647 171.51930411250297 1.6080201 1.6431341 3.729885 -10.776067 -0.11166394 58.330414 1.1028692 3.4640830907445417 
Car -1 -1 0 271.5599312460401 146.88949744952976 406.1876798175257 201.10472352974563 1.6712031 1.6212826 3.7886236 -8.634195 0.8708382 23.271317 -0.11892518 2.9480874419100425 
Car -1 -1 0 357.6987872775197 147.88517397023014 417.8572597601811 197.2441193739544 1.6711307 1.6425453 3.5818655 -8.014198 0.82576865 26.331194 1.4042258 3.4185559786456445 

