Car -1 -1 0 635.2135343379426 177.7261327162586 709.2706980051065 229.60655225371553 1.418839 1.6148409 4.2892327 1.8345652 1.5845722 22.345055 1.4956219 80.86902664192395 
Car -1 -1 0 268.39502799455215 184.72626897857086 438.3026350067991 241.46653416501152 1.4110153 1.5748472 3.937328 -6.6949396 1.7388427 19.104809 0.016054679 32.786862702573956 
Car -1 -1 0 618.0294529684023 175.52409373789172 652.3496607361435 205.0078628202767 1.4427676 1.5261705 3.605993 1.2887639 1.5881934 37.468845 1.5344543 11.539031851015206 
Car -1 -1 0 325.8308442085725 178.7406883840473 447.4037002976849 226.15657493764274 1.5113529 1.5668601 3.5798628 -7.453416 1.7176473 24.26846 0.13504589 23.053389937838453 
Car -1 -1 0 883.3345475497526 159.7275818572266 1242.0 316.26925800709205 1.785426 1.6607305 3.8738852 5.7364006 1.6357135 9.17902 -0.06241696 40.885679886779606 
Car -1 -1 0 198.3085318190056 182.44023007721623 401.68277062630614 250.84263467671053 1.4708232 1.633261 3.9701436 -6.9952407 1.701927 16.57035 0.0039212992 27.600447677498853 
Car -1 -1 0 609.7709750099714 172.0704097659867 643.9343217428934 199.86860463645502 1.5671158 1.5641644 3.6514544 0.9792835 1.5229409 42.573174 1.4674324 1.7793856339057406 
Car -1 -1 0 391.28352858348717 176.59318846756952 491.1746742728004 210.1198498272853 1.5088123 1.6705176 4.235499 -7.806726 1.6883523 33.667473 0.068259194 1.9501035151702035 
Car -1 -1 0 336.8265041723074 152.88149166838417 383.3705589664952 178.97043980338668 1.5431639 1.6598544 4.034996 -15.399813 0.3617878 44.733955 1.52289 3.6331342598428504 
Car -1 -1 0 464.9063928947312 172.8335122558529 501.2983234149557 199.96066537116323 1.4864222 1.5691016 3.797018 -7.327546 1.4852993 41.58348 1.2623047 0.6420920372979342 

