Car -1 -1 0 666.007459583443 187.84423833983197 745.7001589127511 242.19648347921597 1.4145048 1.5523615 3.3810601 2.7857819 1.8986087 21.528805 1.4478079 90.12076251215757 
Car -1 -1 0 977.4130224069635 190.4841468496626 1242.0 348.9496535284885 1.4231273 1.5709611 3.8050222 6.8272533 1.6929002 8.988673 1.1020417 84.64023787752207 
Car -1 -1 0 72.57887457613478 191.64912552314394 341.4377884608646 285.49324415954413 1.4679967 1.5705104 3.7596533 -6.806533 1.8155422 12.486017 -0.038011223 50.544080002157266 
Car -1 -1 0 641.8529527504398 185.28039038241045 689.7535351134028 222.5410189005815 1.4313831 1.5500128 4.0888476 2.3646758 2.0043588 31.18821 1.5193063 36.338242796134764 
Car -1 -1 0 239.0377379279233 191.83805565017516 436.71097172174206 256.65950745294924 1.4458752 1.6343017 4.149577 -6.437429 1.9250447 17.393034 0.0009082849 79.48009359757013 
Car -1 -1 0 0.0 192.40327767929395 295.2220977984299 309.6751969549703 1.4819729 1.609434 3.962687 -6.7964873 1.7825162 10.246449 -0.021030538 52.29410461270212 
Car -1 -1 0 314.96161946573176 191.34306603428453 456.49528678821326 241.88421443139478 1.4375894 1.5744212 3.8414738 -6.8129883 2.029629 22.159546 0.08360936 27.628127115022185 
Car -1 -1 0 343.93093508805197 189.87869368210426 476.241017154878 234.5378114987957 1.4153521 1.5912794 4.015645 -6.664194 2.0098782 24.35369 0.023912802 23.744181558826075 
Car -1 -1 0 289.8435355455092 190.00512920200075 446.63758970332884 247.94287254547916 1.4840369 1.5526484 3.7752686 -6.53899 1.9739428 19.788948 0.023840398 13.268812141597088 
Car -1 -1 0 371.4951989848324 187.28583621671825 482.39321911740853 229.18899712655835 1.4623785 1.577354 3.6765285 -6.733666 2.0173635 26.79277 0.09210572 7.166140095609833 
Car -1 -1 0 431.2586096644521 187.7211976671593 523.7310850823281 220.08899308009697 1.4873071 1.6388922 4.139576 -6.33612 2.2244296 34.87672 0.037987854 4.457764027918909 
Car -1 -1 0 438.906190266149 186.19348454718224 519.6444546596333 216.8466676236326 1.5253825 1.614227 3.8624828 -6.800129 2.2439883 37.837017 0.120080546 0.8742693066596985 

