Car -1 -1 0 171.25512937395283 190.08504427580345 398.9500046753442 314.63388417476443 1.4150461 1.5616097 3.6505263 -4.2545166 1.4961162 10.139245 1.5756567 97.86868478595248 
Car -1 -1 0 386.48511027401736 182.86705767372936 478.49707207909944 239.31287838217003 1.4130719 1.591161 3.8572292 -4.7203536 1.3542757 19.92965 1.5772593 80.86249394877595 
Car -1 -1 0 464.7360540724381 179.91101954871482 516.3195093864074 216.34529803583203 1.3926485 1.5467074 3.7110364 -4.6951222 1.1898847 29.342295 1.5582881 55.898587233133306 
Car -1 -1 0 335.8700541648194 181.605341476168 413.0504850464431 222.6836105278749 1.4340808 1.6187562 3.939592 -8.657969 1.3080399 27.068573 1.5743207 30.190874940789676 
Car -1 -1 0 202.85829274490203 178.5788331913458 328.691497584322 245.52748591616927 1.5285294 1.5588219 3.695582 -8.5217 1.3770007 18.288095 1.5334156 17.194918571969616 
Car -1 -1 0 575.8355465968729 174.84644384048673 609.1050253169675 205.66826889113872 1.5059965 1.625932 3.8367872 -0.7537704 0.99934053 37.05697 1.5528394 19.01012550144117 
Car -1 -1 0 0.0 162.74410052172487 146.2534385221262 266.5231774550335 1.9121865 1.7163506 4.3914204 -12.128196 1.498135 15.468623 1.5371886 7.681929037243068 
Car -1 -1 0 454.8330140229576 171.56884558009733 488.11215008477274 200.2935190647076 1.8631554 1.6995374 4.0271106 -9.1439 0.9779858 48.683784 1.5161608 0.8716879957556968 
Car -1 -1 0 390.48040847851775 175.07091361519753 427.99528887300517 199.76954925033667 1.4938877 1.6207415 4.2161775 -12.5166 0.8802842 45.659473 1.4686412 0.2517845034599304 

