Car -1 -1 0 672.8830456159012 181.98515225604393 794.3013877751602 265.22574239163987 1.4820268 1.6524655 4.3983564 2.4966075 1.7075001 15.577226 1.5182555 99.66529179544288 
Car -1 -1 0 111.3657923712234 197.16012131755141 387.13623925982733 288.2530627174608 1.4212562 1.5854704 4.0399017 -6.1501083 1.8746256 12.589824 0.037870184 84.03372727653489 
Car -1 -1 0 247.71462304619027 188.7388815845871 419.063221889519 253.64486889447502 1.4844073 1.5673904 3.642083 -6.7621665 1.8979576 17.867598 0.07450237 60.696592729964394 
Car -1 -1 0 648.0392076400027 179.34540348372087 693.3847178951564 218.26371848829652 1.5214097 1.5940458 3.653814 2.540418 1.8136352 30.64973 1.5643953 22.224352696132588 
Car -1 -1 0 0.0 198.49021722850028 311.04437049344597 313.83643455709336 1.4176714 1.5864018 4.0210032 -6.500219 1.804487 10.061127 0.016314844 90.94417472131384 
Car -1 -1 0 404.4111706140915 182.2553147069118 501.5892451366498 215.0256456359709 1.4708366 1.6409502 4.2614226 -7.2879477 1.924735 33.88371 -0.062696815 9.265360132331669 
Car -1 -1 0 373.788665565009 183.58008057615467 498.0330157229314 226.0527783246543 1.5000083 1.6441487 4.2540464 -6.5130568 1.9220111 27.228125 0.16475078 13.415937649992394 
Car -1 -1 0 641.5656594136036 179.00927765077427 681.045444277319 211.7233340343995 1.5069847 1.5643296 3.5378377 2.5137706 1.8269963 35.713726 1.5306375 8.13737068012081 
Car -1 -1 0 536.6629113316573 181.35492576351243 561.6166256279581 201.3558705199598 1.4890975 1.6313812 3.8250122 -4.8422823 2.190038 57.46797 1.3939805 1.8196436962178677 
Car -1 -1 0 456.08478290068916 182.10045863218775 531.5478965761206 209.51041708922588 1.5223767 1.6489534 4.1522264 -6.631428 2.068087 41.645893 -0.055349927 2.4477057468281425 
Car -1 -1 0 518.0445850088196 181.83790904839856 543.8902990752498 205.6951736558165 1.4641473 1.5473117 3.5754497 -5.140992 2.078438 47.50041 1.5029912 1.6543459566454648 
Car -1 -1 0 149.0993849237543 194.01357341493969 371.3695281310796 272.74228512202336 1.4702677 1.5356705 3.8816183 -7.1105475 1.9335682 14.88275 0.07746209 0.7185340039927343 

