Car -1 -1 0 767.1466577304072 177.44916902363792 1024.7376805035206 346.2689010027261 1.538592 1.6273768 4.0103407 3.0972085 1.6070286 8.716226 1.6022472 113.91770150420635 
Car -1 -1 0 186.4759852307388 186.74461293899478 375.00415922300215 294.03141859341093 1.6164844 1.6506255 4.0607696 -5.8553123 1.9141557 13.429977 1.5731792 97.55921588200462 
Car -1 -1 0 1004.252876906453 143.42263304977646 1242.0 253.0514735689396 1.4954087 1.6959369 4.3662343 8.511084 1.0939456 10.733831 -0.020059802 90.0253757056197 
Car -1 -1 0 442.4553517096498 182.78881541700383 502.68746924399795 222.30803946816596 1.4824014 1.5931274 3.9022927 -5.62606 1.9235753 30.053164 1.6201532 29.136203947868342 
Car -1 -1 0 400.22287232127326 185.01210688189857 479.2061012606313 234.31647193793304 1.4687259 1.6138107 4.026696 -5.6679487 1.9166076 24.540041 1.6053939 38.00654815694607 
Car -1 -1 0 468.88779852790344 182.77581271960705 514.7285949043435 215.33536759859572 1.4368448 1.55553 3.6115944 -5.617591 1.9400127 34.771156 1.590024 12.599272552981367 
Car -1 -1 0 768.821932678097 163.5889154354481 853.1896352487802 194.1173061428449 1.4930793 1.6355857 3.8652859 10.074798 1.0399433 36.296814 0.10069193 21.247746114017023 
Car -1 -1 0 1035.5964050070177 148.28698207159923 1133.5929180773344 182.51227037587662 1.6338031 1.6184019 3.773344 23.211157 0.461054 35.331024 -0.041715425 18.97197593122059 
Car -1 -1 0 967.4403912575646 155.90804124254376 1046.8043881040944 181.5072773411954 1.5166204 1.6119226 3.956726 24.022972 0.51266104 43.668037 -0.058740288 5.4946605283523775 
Car -1 -1 0 491.6136222620654 180.48035694262694 529.7178244006858 209.57558652130234 1.5104358 1.6123841 4.3716207 -5.5348015 1.9649513 40.805645 1.5572034 4.285488733095023 
Car -1 -1 0 982.2989605641997 154.79448355913846 1063.1950400398039 180.5303041937914 1.4418342 1.5725791 3.8086119 23.657225 0.4300602 41.37242 -0.086952716 4.1425691362194135 
Car -1 -1 0 515.9424586426296 179.38422875330886 541.1172581246833 203.7378212927074 1.5172808 1.585494 3.8992558 -5.4317055 1.9708967 48.08347 1.4379243 2.713130684318022 
Car -1 -1 0 0.0 202.96113004647717 284.9100888871363 353.9091429280137 1.4292755 1.5623565 3.8715491 -5.914891 1.9101032 9.567736 1.5445256 0.7414255624239969 
Car -1 -1 0 708.1789820897234 173.56660454166726 744.9734363928932 197.18584990823098 1.415132 1.6497849 3.9417195 7.300641 1.4618475 45.32554 1.5647122 1.152530503335901 
Car -1 -1 0 1004.1200014313322 152.46353549269634 1095.272252599389 181.56734046665417 1.5179582 1.6318648 3.8575094 23.412283 0.4544588 38.467285 0.009524346 3.1103394305601078 

