Car -1 -1 0 566.0022170924602 182.2491018219963 612.1425786906021 214.23409485034352 1.5029721 1.5413018 3.3181956 -1.0880197 2.005447 36.779198 1.2794039 44.4684783946968 
Car -1 -1 0 846.5016985601972 182.00823153120436 1066.1239656073215 261.42406257685786 1.4538064 1.5945412 3.7288125 6.8496065 1.6537235 14.614794 0.19457191 126.60063249205773 
Car -1 -1 0 633.9576627518716 178.99347669691792 723.5185153028732 236.2950751235748 1.588421 1.6522368 3.4675555 2.046579 1.7941754 22.293474 1.3113651 56.63478234826567 
Car -1 -1 0 606.5647713990649 178.4540424553821 662.0326855089164 202.14990410058167 1.50962 1.5858899 3.6113124 1.6878417 1.9004904 48.58476 -0.70844275 5.273290102624542 
Car -1 -1 0 515.2510784075506 179.77218147757998 573.0121688872823 202.64641605383522 1.5453259 1.6387129 3.9616084 -4.6737876 2.0613809 51.873344 -0.7493049 30.28685198880492 
Car -1 -1 0 649.5304318107458 174.11072722398154 704.746577230212 195.85626638440365 1.4960399 1.614637 3.9964113 4.8749347 1.5895382 51.77108 -0.7054881 1.4659278004639216 
Car -1 -1 0 694.8119200593866 174.78472383259108 738.6478981131819 195.38708313133455 1.5177922 1.5460544 3.3782415 8.215793 1.6700759 55.194267 -0.7490667 2.4421931605013825 
Car -1 -1 0 796.3405598636649 172.02535443273229 837.154845318291 189.28809500868508 1.5219002 1.6134722 3.871625 18.809895 1.4488456 65.4491 -0.67313015 0.5490741848133331 
Car -1 -1 0 792.8733286370849 171.6912630605211 820.1672329716147 193.13886483874356 1.480699 1.6159102 3.930443 14.207023 1.4004257 51.935524 1.9094809 0.2594747543334961 

