Car -1 -1 0 693.6855723179148 187.09661799980327 822.6432491225194 271.4730267850344 1.4254315 1.5642631 3.5251684 2.8669934 1.7507441 14.644833 1.4644244 122.07525294734486 
Car -1 -1 0 650.6026343055438 182.02340067289202 715.9600887851298 230.92567318158805 1.449417 1.5996625 4.185438 2.3906069 1.7853503 24.308704 1.5268855 65.33299432764147 
Car -1 -1 0 0.0 195.67083552552646 337.0728422342498 304.48643042618505 1.409491 1.5998893 4.0681796 -6.299672 1.7669601 10.494892 0.0046393992 136.22107928566118 
Car -1 -1 0 381.85540744221095 184.818644574971 503.0786919880124 224.10999930313346 1.4485124 1.6335342 4.3112717 -6.412608 1.9265323 27.973724 0.017173102 28.010326740874007 
Car -1 -1 0 107.10498427384103 192.10905719979536 365.5415317199655 281.0926353798054 1.4422954 1.5432914 3.8096862 -6.511437 1.806469 12.844392 0.0160684 40.94643881606375 
Car -1 -1 0 238.95775941303535 187.5045662901875 425.848107884663 251.90875986167484 1.4512073 1.5910525 3.9177246 -6.6208034 1.8234459 17.487698 0.025386002 38.591260431493936 
Car -1 -1 0 642.086840036533 180.40295976112 684.2169566360581 212.77755559902914 1.444185 1.5438132 4.1644287 2.5619912 1.8356236 35.29467 1.5188681 8.493842621596645 
Car -1 -1 0 283.65076400866974 184.59844763526362 442.01470061318554 242.4900826197136 1.5045393 1.6148043 3.8406458 -6.732419 1.8435729 19.965658 -0.029338326 21.487889981821105 
Car -1 -1 0 176.2123956136026 192.20458361079778 392.13549902580996 266.33562074107374 1.4271867 1.5521548 3.8297968 -6.7072005 1.8555272 15.146847 -0.025665447 23.878449667591703 
Car -1 -1 0 320.82766487056836 183.33305117189897 455.8853394815154 236.19348876484233 1.5429248 1.5309439 3.6971097 -6.7992973 1.8811744 22.359926 0.09103325 11.151134938037181 
Car -1 -1 0 742.3980843025844 179.98877447464838 808.2781649090891 221.83737112925655 1.4535782 1.5618956 3.8478398 6.2693796 1.7463405 27.665516 1.5476669 6.379521909407981 
Car -1 -1 0 489.7364068668213 179.81601518678764 547.8420589079149 201.53237058343444 1.4987073 1.5988753 3.8224547 -6.510358 2.011031 51.84684 0.25155598 0.5955859422683716 
Car -1 -1 0 628.5282423371386 175.01825061895318 654.8875415302382 198.81352632609602 1.7210531 1.682363 4.030732 2.3965218 1.8909562 54.60127 1.5369632 0.590468699853272 
Car -1 -1 0 514.4153169673389 181.515949646809 541.0891162314075 206.9245669303258 1.4666331 1.5001128 3.560651 -5.037172 2.0255313 44.726128 1.4983594 0.55408375384421 

