Car -1 -1 0 708.9674612554965 188.8394882659254 836.2953345111716 273.1641203946177 1.3902895 1.5808699 4.191434 3.16391 1.7652183 14.810259 1.5483636 108.41837330774867 
Car -1 -1 0 655.3821399750386 175.64713311995732 703.7759425788955 216.6951884139796 1.8091805 1.7283448 4.261739 3.2542205 1.9501686 34.25837 1.5323427 49.34343079311389 
Car -1 -1 0 0.0 190.73767592999818 302.01218146239825 347.90499315185815 1.4563261 1.6255589 4.189069 -5.7737026 1.6740255 7.841728 0.06230098 93.48396318529005 
Car -1 -1 0 0.0 183.85125949604162 329.39580732944677 298.92469563413806 1.5125295 1.6282543 3.8963635 -6.340932 1.685667 10.50361 -0.02162722 59.353417697047234 
Car -1 -1 0 103.1853349685042 166.67126221359214 367.91996796380533 274.268945076737 1.7778661 1.6628778 3.829494 -6.475764 1.675707 12.805872 -0.027464159 35.49145735249013 
Car -1 -1 0 402.66104521692904 177.7942244926027 506.0915646223657 219.3135322881714 1.6131417 1.613446 3.8176982 -6.1872416 1.8175211 29.038658 -0.0026216079 11.447719910825679 
Car -1 -1 0 486.40588681028134 181.38852824697034 531.9878551221746 216.43471648046676 1.4424596 1.5989279 3.8512776 -4.4711227 1.8508556 32.585304 1.5499523 4.158060909365849 
Car -1 -1 0 381.1044850205369 183.66104659551885 508.1212036607912 231.0295854173868 1.4673662 1.5793772 3.8096328 -5.315501 1.8330665 23.575623 -0.026849352 0.5808671729221893 
Car -1 -1 0 457.81677411510526 171.13112930647432 531.5315311690481 202.01214251461985 1.7119116 1.641845 4.0036817 -6.472444 1.6164027 40.95791 -0.07000556 0.5571444474033106 

