Car -1 -1 0 564.0992521425258 199.8802257009642 968.477656066196 375.0 1.5354068 1.5989158 3.5209904 1.040077 1.8451419 6.3379135 1.0966427 99.60025895758639 
Car -1 -1 0 447.21602030329274 206.27567572267444 656.9458270485981 353.9034603383749 1.5155451 1.6151692 4.1409893 -1.0605679 2.1098769 10.619743 1.0985451 108.86465340072235 
Car -1 -1 0 388.3468620044299 208.09476146337136 513.8825082252515 303.2685061243942 1.4719291 1.5266802 3.7834463 -3.33946 2.2884252 14.689212 1.0797876 90.28546968080069 
Car -1 -1 0 282.4381668940431 209.98093771120503 335.4493399156023 254.88918335397918 1.508077 1.5971881 4.237759 -12.626918 3.1761937 30.177433 1.0675564 21.329579542939197 
Car -1 -1 0 326.28848412445706 202.96487199454148 417.69573016012055 280.2082422842832 1.6649204 1.6385399 3.636889 -6.360363 2.544456 19.088785 1.0624077 86.80272992816683 
Car -1 -1 0 0.0 228.42938645937804 100.65823436965134 336.68244563392204 1.4738052 1.5733607 3.436128 -10.770375 2.6690755 13.636732 1.0488398 57.2321074299487 
Car -1 -1 0 75.89075732247196 209.70908458623117 148.6554791393177 277.16394781473235 1.7745361 1.670578 4.006347 -16.07446 3.0836973 23.480532 1.0381328 64.5168440180517 
Car -1 -1 0 140.7203794484909 215.66196375469636 174.36673671457527 247.47132839652787 1.53023 1.5900058 4.009217 -26.656788 4.1772923 42.50529 0.9886727 4.024699436526272 
Car -1 -1 0 1196.7662618788258 154.95335293290162 1242.0 183.3462572409202 1.5848075 1.6360751 3.8481624 36.035072 0.5856464 41.89904 -0.48820853 0.5239779131653306 

