Car -1 -1 0 674.2115442416658 183.9767521380273 743.2720834739965 237.60187479651654 1.4090837 1.5531024 3.4231513 2.858515 1.7652766 21.389145 1.5634354 69.57300858879431 
Car -1 -1 0 757.8694855904374 178.4822935578802 1051.8559185877712 375.0 1.6145769 1.5852512 3.4321578 2.7829373 1.6877857 7.635539 1.5261946 138.58236833970676 
Car -1 -1 0 723.7351768892041 176.2555360420969 838.851618125613 223.65360097751264 1.6727133 1.6995215 3.8828754 6.2447977 1.802429 26.558235 0.056075543 51.196322674697704 
Car -1 -1 0 249.65951753131452 186.84602248902956 439.2283633538941 253.55831472864625 1.4449736 1.5649343 3.8337855 -6.0706043 1.7863963 16.788857 0.018378355 76.5923318025135 
Car -1 -1 0 0.0 186.8185057803034 304.27114139206054 321.31819989270804 1.4815948 1.6130024 4.0118446 -6.1568236 1.6730444 9.011554 0.03719594 77.92391311510143 
Car -1 -1 0 304.69122318668957 181.60210216476457 473.03982868903466 242.9032903726613 1.5192236 1.5628562 3.9403536 -5.7234216 1.7597331 18.98154 0.037908144 67.46568975516436 
Car -1 -1 0 350.6980601045467 182.0084447374664 494.39354915911844 229.88983928596954 1.488839 1.6239518 4.313893 -6.1421156 1.8056786 23.907845 0.1202796 18.089916284589645 
Car -1 -1 0 118.86906198960796 185.1300328927087 361.6790715538072 266.13750056724433 1.4616168 1.5834098 3.9291034 -7.0805316 1.715921 14.109745 -0.02331136 13.265134020725606 
Car -1 -1 0 328.653185178185 180.28609323709824 471.17149534143044 236.2994534595918 1.5725563 1.5660293 3.7523012 -6.1604156 1.802666 21.420467 0.0739698 11.27858694823508 
Car -1 -1 0 632.6408590473112 179.48733000539633 657.4856642005893 200.86247574230032 1.5418949 1.6915103 3.9397802 2.68461 2.0679383 55.246597 1.5663984 5.675382834185768 
Car -1 -1 0 363.26029881367026 179.5641905390717 478.4976591072625 224.4618399525069 1.5814524 1.6258105 3.8074453 -6.8595157 1.8353803 26.48265 -0.0047264425 7.255736686824623 
Car -1 -1 0 412.5865623192946 179.88328264037727 509.09150018673023 216.46737622444653 1.522949 1.6086974 3.822583 -6.3867297 1.8355671 31.228502 0.029810973 4.950005842336969 
Car -1 -1 0 390.974093425473 181.94951881613582 502.6422849593124 221.2871351959953 1.4988256 1.6092353 4.070038 -6.4211373 1.8716416 28.729046 0.020451538 2.710546152137749 
Car -1 -1 0 428.3403997756887 171.75357160191584 511.23954781071893 206.26086377337828 1.7869629 1.6232805 4.0793715 -7.35052 1.7299769 38.19088 -0.0070460164 1.6052579225941104 
Car -1 -1 0 678.1801143646676 177.83080805662556 713.1586933053891 208.42101720501813 1.6116278 1.6686335 3.9925404 4.8087616 1.9064131 40.70643 1.6155227 0.5834405485358719 
Car -1 -1 0 0.0 164.67899507877658 308.61139603453506 285.83008433617505 1.73349 1.6459016 3.8326151 -6.9377794 1.6165179 11.222855 -0.03989902 0.6404004007337227 

