Car -1 -1 0 729.5295718999188 189.5871538664866 938.3623226990984 331.01366093638524 1.4479713 1.6106387 3.6435492 2.741229 1.7144564 9.6562 1.5544363 100.97472565471836 
Car -1 -1 0 666.8758567313223 177.50593225381368 741.6049280275498 243.38278307168062 1.6724534 1.6576602 4.0507708 2.6032135 1.8186653 20.64194 1.5841389 81.64399284121035 
Car -1 -1 0 276.4581426713797 188.5733275261441 446.07335972814315 251.02137395711145 1.4596214 1.5526165 3.717019 -6.1234975 1.8706915 18.068205 -0.013028971 35.57996865935892 
Car -1 -1 0 641.4231322621547 178.7104848112238 680.883794453008 213.96752024228985 1.6320412 1.6248195 3.6051676 2.5128782 1.9375906 35.824596 1.5487007 24.363782076768416 
Car -1 -1 0 654.2397017373864 182.49885111922896 712.2442331814059 228.61399459563572 1.5193131 1.6126319 3.986902 2.6408186 1.902314 26.63431 1.538767 15.678879799148408 
Car -1 -1 0 307.8020590266543 181.60696384549155 465.3992232395303 240.15148573650342 1.5861094 1.6762494 4.030253 -6.307336 1.8487189 20.734545 -0.03760437 36.74086968187773 
Car -1 -1 0 112.86950763183351 168.0579739639718 382.674866415571 274.80802026751843 1.8043914 1.700082 4.032442 -6.3908625 1.7233243 13.058208 0.005982533 89.422827778348 
Car -1 -1 0 199.19447449115847 185.22653039004408 411.7713281688073 260.1576763274779 1.5002801 1.5714295 3.923674 -6.4363956 1.7816632 15.567257 -0.029048903 2.1582073801159165 
Car -1 -1 0 381.2873210675801 181.65909843829934 488.5964514038762 220.4450082439259 1.5391715 1.6090829 4.112441 -7.1858063 1.9162505 29.976309 -0.05861323 3.221835849907645 
Car -1 -1 0 474.32817766197155 180.7962717686117 540.5088812221451 205.00544705726685 1.5196892 1.624433 4.0004444 -6.6094766 2.0466247 46.900486 0.08051103 0.33527496457099915 
Car -1 -1 0 472.4249771647405 181.61354577854615 542.6799914493762 206.81826366644066 1.514867 1.6439255 4.1100883 -6.3015404 2.0697846 44.84002 0.02321963 0.2562920153141022 

