Car -1 -1 0 682.3041852802572 184.24412487887523 779.5110018815502 253.02065958422375 1.3497497 1.5712143 3.98061 2.694538 1.6467191 16.816786 1.564079 82.81679390816045 
Car -1 -1 0 553.1878355004989 177.09238959389072 587.490913167354 204.42509127342828 1.4601803 1.5985479 3.7215571 -2.1865878 1.7122852 41.025627 1.6123928 14.856244693785973 
Car -1 -1 0 640.7766616330326 171.2394915579056 675.5982445824073 199.1509630899615 1.645134 1.574474 3.5356543 2.9493937 1.5499728 44.3649 1.4723508 28.2181534043743 
Car -1 -1 0 664.4899534601193 178.36883686817075 723.0120930872714 221.12827116602801 1.386153 1.5773803 4.0450363 2.9462314 1.6000262 25.948645 1.5564286 44.2301244233327 
Car -1 -1 0 0.0 174.68131926296553 358.15727692510325 294.897903570031 1.6169268 1.6574112 4.3509216 -6.172609 1.6461748 10.640653 0.036843184 141.42110772922598 
Car -1 -1 0 261.26505746621285 168.5877643033174 453.4746893232146 235.9704822790981 1.5957764 1.6346178 4.207964 -6.171067 1.4947422 17.950115 0.021550003 67.39989458155434 
Car -1 -1 0 385.8767574054785 180.9461826028369 504.0862608481353 223.1833126408951 1.432751 1.5574933 3.8583317 -5.906143 1.7374272 26.037367 0.18997663 8.8618573614049 
Car -1 -1 0 490.60163422504667 175.49713876847756 550.3664526527913 198.79251293845363 1.5100448 1.6390642 3.8388298 -5.876075 1.688943 47.909184 -0.056947645 8.49551484962083 
Car -1 -1 0 298.854563423033 173.57872129350784 445.3401479260203 233.6187614145225 1.6317084 1.5701246 3.680612 -6.664661 1.6532266 20.527348 -0.06138086 7.219370489765402 
Car -1 -1 0 354.1100320061618 180.90284590598154 498.34505927440887 228.78929769426492 1.4601452 1.6084874 4.2215376 -5.8588133 1.7310044 23.305122 0.082779855 6.8989919570954905 
Car -1 -1 0 419.6704305864236 173.18494661376585 517.9179707564012 209.54720501381655 1.5752945 1.691818 4.1316743 -6.226498 1.5905409 32.258724 -0.06694828 6.351791283052747 

