Car -1 -1 0 576.6514545344165 168.99572049348836 627.6833736288387 193.34578703860626 1.4935822 1.6640997 4.151922 -0.52928233 1.2569232 46.488068 1.1160437 23.045922628741717 
Car -1 -1 0 544.291430725609 168.0572555854179 592.4157136865814 196.42638440675114 1.6631069 1.7151448 4.2636237 -2.6024263 1.3819032 44.597107 1.1936424 20.324579432885212 
Car -1 -1 0 831.5171756588172 164.49343791703663 882.2601869674323 186.363261703336 1.5418012 1.5194337 3.341286 18.025166 0.9523895 52.69617 1.0578673 29.936576735981074 
Car -1 -1 0 623.4181498578018 169.13855072495957 680.9790508357993 193.0416073665853 1.4748312 1.7191027 4.431402 2.7075891 1.2455858 46.88292 1.096393 16.66549124994347 
Car -1 -1 0 946.347462544319 168.22082990249223 1010.0180852572701 188.2330019728744 1.52085 1.6827148 4.1153216 28.49481 1.1687461 55.833836 -0.07827381 3.2183451830265475 
Car -1 -1 0 1001.0608684175629 167.29646585793193 1059.6325281061386 186.3789091329898 1.5042669 1.689324 4.251771 34.413517 1.0661668 59.14075 1.3421333 3.130993947698178 
Car -1 -1 0 762.7614581926103 166.366536197086 817.8562001568708 191.5732497087026 1.6399179 1.5737646 3.7220354 12.214476 1.2178512 48.958195 1.1025419 3.7069813931728164 
Car -1 -1 0 788.2074637141607 168.48505005555475 839.4254031249495 190.30310593547262 1.4917104 1.5745667 3.5034852 14.464724 1.193003 51.251743 1.1225066 1.9891865804225195 
Car -1 -1 0 876.6726345096971 168.81332251528283 931.2083147070051 189.15894390205426 1.4891934 1.60277 3.8354025 22.169561 1.1934366 54.332806 -0.42443866 0.293018639087677 

