Car -1 -1 0 218.7395695165608 188.02322680242506 381.613882179775 285.2214638103715 1.5583346 1.5817194 3.7154503 -5.797142 1.8919933 14.009853 1.5667343 139.12275907400053 
Car -1 -1 0 771.2590829137058 179.51684556117752 1072.6150429068243 361.9024040814715 1.4854227 1.5767909 3.755152 3.0425053 1.5761344 7.9195147 1.5359409 98.9491643106346 
Car -1 -1 0 717.1746079157261 177.5396424423945 862.1959240240584 272.90189351591266 1.4841998 1.5584908 3.440837 3.124205 1.5813286 13.180609 1.4923595 88.05263861881362 
Car -1 -1 0 338.47322766946564 186.99596216341877 433.83506754349344 250.4887258961884 1.4536464 1.5235162 3.5508196 -5.800688 1.8636034 19.118391 1.5399673 73.57173464791964 
Car -1 -1 0 699.6050711885748 177.92665239888794 790.7714524602552 238.61440356587326 1.3999817 1.6427082 3.855398 3.4312656 1.5464435 18.90038 1.5649625 26.595690726539853 
Car -1 -1 0 376.1874143443882 176.86978789175518 453.32690823888566 204.54717417706752 1.6182243 1.6310742 4.1779566 -11.685373 1.8651606 43.41564 0.06659804 11.359653560064114 
Car -1 -1 0 329.6123001176952 183.4034714722554 375.08909515606246 205.88091962532272 1.5301213 1.6543462 4.14563 -18.9782 2.3377218 53.15424 0.82282555 8.491273903904684 
Car -1 -1 0 730.0893805493162 170.2954331804092 766.1494134579863 193.75646817550768 1.4875548 1.6204126 4.171113 9.256241 1.3253278 47.986736 1.9442482 0.6368977033247397 
Car -1 -1 0 757.3474454683122 149.0433288206118 881.6140137368732 210.4954192533103 1.8446206 1.6311991 3.878877 6.8123307 1.1298904 23.336384 -0.52500135 0.27940359711647034 

