Car -1 -1 0 298.5859648679592 186.40934672655717 445.0469468844596 275.21665146980087 1.4907055 1.631716 3.960153 -4.647605 1.8045042 14.711428 1.5853882 105.82562922709783 
Car -1 -1 0 46.33400675991663 193.67929516000515 353.7697467381211 357.98421679780193 1.4963562 1.6494209 3.928166 -4.7118545 1.8142242 9.042049 1.5620984 124.17626127083241 
Car -1 -1 0 729.7911269351636 179.38775961850996 864.3039580730518 263.31554594531156 1.4474957 1.6203678 4.364469 3.6885176 1.6029294 14.975077 1.5613117 93.62337690980821 
Car -1 -1 0 388.0910507916747 184.27949804966124 489.2086818228935 244.92813453845903 1.433627 1.6743679 4.372965 -4.6085653 1.786815 20.096134 1.5977358 82.3025378470445 
Car -1 -1 0 504.6016584815939 177.29252060196012 548.2097447182672 209.96774649100155 1.5312959 1.5558083 3.3688688 -4.1026196 1.7635889 36.024292 1.6456789 42.6152288221437 
Car -1 -1 0 798.1343311942694 181.42538778048046 1023.7800573701687 320.1744084821507 1.4670244 1.6002896 3.6655893 3.7677488 1.6044835 9.714815 1.6014602 111.51273008267 
Car -1 -1 0 699.8065649986758 176.86338512085757 757.5535912516419 223.18911212291687 1.5018365 1.590573 3.8283687 4.161247 1.6553512 25.677893 1.617125 25.66896584338112 
Car -1 -1 0 709.7095789627715 177.69222517776885 790.3625813128829 237.51632965737105 1.4758375 1.6409388 3.7655802 3.7913263 1.6229286 20.022825 1.6097271 27.658353032179832 
Car -1 -1 0 685.2306725882074 176.1676512058638 737.5696632144895 214.21611149087178 1.5218432 1.5765059 3.775291 4.3242316 1.673543 31.113096 1.5287366 14.79593716701858 
Car -1 -1 0 522.7785927184558 177.2141581781797 562.2605775920249 205.31733796064526 1.4839201 1.5755326 3.7040625 -3.7242277 1.7408621 40.60636 1.6579136 0.5786840960438961 
Car -1 -1 0 577.8712826463635 173.68469746211377 620.3112392846883 189.45810308687967 1.6129737 1.6448598 4.2958984 -1.0648965 1.7001992 74.82333 0.05558915 2.4867698519462595 
Car -1 -1 0 1058.8135424964348 174.2521501547884 1193.902253794438 219.8087818773825 1.479023 1.6036711 3.9200583 18.176876 1.5326531 25.61425 1.4112909 0.874040903900182 

