Car -1 -1 0 697.4824095693126 173.39466079187932 829.6825132295525 272.1159805586707 1.6128914 1.5690955 3.5099792 2.747528 1.6244311 13.60421 1.5147521 126.20396944581373 
Car -1 -1 0 659.4512127964141 178.95928968360695 707.9301323900617 219.39772543145594 1.4059185 1.5621548 3.410375 2.7499034 1.6517398 27.328823 1.5941348 51.76148157719194 
Car -1 -1 0 112.18975618189661 181.61496911477357 392.00266152983033 280.87329637228356 1.5402985 1.6081647 3.9954834 -5.950698 1.7005723 12.2796 0.05889026 62.02695293311956 
Car -1 -1 0 187.94882319778534 179.81154285962364 417.4219069602329 258.7728455671405 1.5087538 1.6248051 4.0933437 -6.2593603 1.6624837 14.952033 0.08877777 37.87916897090482 
Car -1 -1 0 333.6830372846527 181.0966451311177 480.01484355845054 229.20908000526896 1.4388044 1.6000209 4.1456537 -6.291216 1.707186 22.675596 0.008585364 39.13809375465306 
Car -1 -1 0 379.0149712659835 178.0592538339092 500.51936284000465 222.7228880983286 1.4788326 1.5647833 3.8207364 -5.7843075 1.6638837 24.862755 -0.0032141306 33.04948773562576 
Car -1 -1 0 702.7815554853686 173.82394451896 802.6730479753921 210.8300361021961 1.6134086 1.6685648 4.191632 6.3692837 1.658214 32.41823 0.03759358 10.92830374994976 
Car -1 -1 0 377.1865921001185 173.69587043830728 488.78371714800636 217.8953230975988 1.6127826 1.5818195 3.8038878 -6.6704283 1.6460025 27.419926 0.14184839 3.205484097363239 
Car -1 -1 0 452.8869606735819 167.1585317772809 527.5883279145276 197.5043607704622 1.8188119 1.6216159 4.2903185 -7.2456865 1.4774473 44.06571 0.0040650866 3.5245449826902053 
Car -1 -1 0 666.9222631104558 170.2975656505978 731.6803162051962 197.00456690426967 1.7381403 1.6672292 3.9833667 5.9535193 1.5717627 48.064003 -0.14087754 1.451174175695975 
Car -1 -1 0 626.1560571051715 174.72544162906274 649.4940003616698 193.03692060859808 1.4887605 1.6411185 3.9156256 2.361166 1.6523159 61.064686 1.5233588 0.6015368116522425 
Car -1 -1 0 257.8017223933819 178.6723284618561 427.0322939374871 234.03176971560046 1.4584482 1.6121907 4.093752 -7.3079276 1.6262819 19.996912 -0.0050166855 0.5440471871711183 
Car -1 -1 0 411.6936901460277 176.21536725139995 499.8548234251766 211.10205406887314 1.515867 1.5928503 3.6001644 -6.8434286 1.6702999 32.32984 0.013217331 0.5687070108611225 
Car -1 -1 0 225.437518356114 164.52450358955647 415.59006311730474 243.44093626031878 1.7917564 1.6769221 3.8721344 -6.7924924 1.6026394 17.2372 -0.008591004 1.0241892748936974 

