Car -1 -1 0 47.87365053274194 199.69167755993695 316.9196000536336 327.6075865782364 1.4132049 1.614902 4.054535 -6.054454 1.8929718 10.862312 1.5821984 143.88141418350347 
Car -1 -1 0 754.6520513858324 178.46461452681402 1028.4945121509243 347.5589421854899 1.5479317 1.6743503 3.860561 3.038395 1.630786 8.69523 1.5336698 116.06507935433329 
Car -1 -1 0 318.21192607994124 176.71331810439636 435.22121326115047 250.75364564878865 1.7132812 1.7395494 4.306264 -5.982799 1.8269079 19.082607 1.561583 81.57927989284568 
Car -1 -1 0 543.2230967731441 178.2764160804755 571.5268929613457 202.04524045902747 1.4575062 1.6489724 4.028733 -3.374146 1.8275259 47.204525 1.5482446 10.791504795256648 
Car -1 -1 0 391.88189698847276 178.38520246091744 470.22761062118775 228.97888595928444 1.6190268 1.7055596 4.2921286 -6.244654 1.8326191 25.711433 1.5771098 20.575932111756547 
Car -1 -1 0 509.6423829899692 179.62175376764677 541.1087629321772 201.680755670387 1.472367 1.6708252 3.8843052 -5.947628 1.9723227 51.334927 1.6021762 12.4480111998892 
Car -1 -1 0 934.7358036822961 155.9981785063018 1067.7025209533342 200.11661107039188 1.5239623 1.6291957 4.153906 14.233198 0.9417194 26.486465 0.40227705 11.610311792744515 
Car -1 -1 0 638.2338194642759 174.34093350707576 659.2221467742065 193.1228910699182 1.4463346 1.6108804 3.8019497 3.1094832 1.5694177 57.797546 1.6071045 4.487587342427092 
Car -1 -1 0 459.98408475722863 181.37143509599684 509.08846886301484 212.88300512535966 1.4620488 1.6180724 4.0473804 -6.283015 1.9190009 36.65026 1.6179175 0.9480648028613774 

