Car -1 -1 0 174.11626175114907 198.01194314110182 413.9102814964228 345.6465087614128 1.4669969 1.597229 3.4114594 -3.8658864 1.8576653 9.480817 1.5938387 120.62261634623755 
Car -1 -1 0 660.3972034770461 182.54756638570694 717.1029962160826 229.28712089876078 1.4413772 1.5966984 3.8422608 2.6662931 1.8030151 24.98563 1.5856723 75.10495020925153 
Car -1 -1 0 836.0763502081943 167.5093384044352 1051.0622554965935 234.26604022886397 1.5768971 1.7250137 4.5647616 8.195095 1.4506478 17.962584 -0.024756331 81.23328870905453 
Car -1 -1 0 759.7399790901402 168.9551205259243 888.1102556665853 211.21190065427834 1.5399377 1.6604681 4.341454 8.033554 1.3978531 27.250408 -0.058559403 50.713142078285415 
Car -1 -1 0 397.762186258569 191.02618895659313 459.0104622514607 236.20099544401978 1.415458 1.5014169 3.616615 -6.437065 2.1156309 25.949173 1.5083675 32.376100904931725 
Car -1 -1 0 1033.0594930084806 153.30721806377701 1137.7652383769503 189.38862473919326 1.6426034 1.6529522 3.8413277 22.198513 0.7527374 33.742958 -0.035966463 21.73721719663704 
Car -1 -1 0 304.0186940331368 196.55890438380968 411.5127869323031 264.7084352242098 1.435032 1.5888119 3.6642146 -6.266117 2.099255 18.353989 1.5287831 14.649225272659184 
Car -1 -1 0 803.7859142047023 162.50833150385697 961.1597862342951 222.87256697949854 1.6867882 1.6564207 3.9718988 7.898587 1.3976939 21.091564 -0.051463507 35.686633285618775 
Car -1 -1 0 696.6521725780776 172.11812702516826 757.3961123901136 193.89264151382545 1.5689758 1.6965973 4.3146944 8.592272 1.5159518 53.053543 0.101586774 5.889087816876564 
Car -1 -1 0 996.439746409884 157.58143076807113 1085.192265110394 188.0531452083041 1.5213327 1.6001775 3.5829086 21.974638 0.7588333 36.8459 -0.012469031 4.881705126206388 
Car -1 -1 0 473.8091694938516 185.17335555075127 519.284463626693 214.5743372568723 1.5053663 1.5429549 3.8824368 -6.3094606 2.2339225 40.653 1.6880441 3.4708133567742387 
Car -1 -1 0 1082.116719073687 152.1265145413881 1205.6918993834993 188.92070500750356 1.5009611 1.6448056 4.1266184 22.474787 0.6554158 30.423344 -0.08235562 6.957445324739504 
Car -1 -1 0 946.8305863403793 158.80570811984882 1002.2560044855572 186.7046372653212 1.4873931 1.6748935 3.9732652 20.439249 0.7384275 40.565693 1.7371923 0.8426941431349402 

