Car -1 -1 0 310.8927937945122 189.8120378709177 400.13057295904156 248.5684334612137 1.5249296 1.5831519 3.70792 -7.1890697 1.6706483 20.873344 1.4822528 91.57528255960662 
Car -1 -1 0 668.849200983805 183.07755819244994 730.2564089952346 238.5108618900959 1.5711845 1.6873662 3.2852912 2.9075694 1.5105817 22.145477 1.7570032 58.79673956180623 
Car -1 -1 0 121.49087900985732 191.74085780873295 318.8752933714384 302.7055734571864 1.5858145 1.6347206 3.9344187 -6.476317 1.7182019 12.548716 1.47562 113.47569124119683 
Car -1 -1 0 75.99668979398156 201.19516530628724 240.98091850488782 272.8134047839025 1.4451165 1.62169 4.061677 -10.68151 1.8798659 17.492271 1.5255094 10.18091485785389 
Car -1 -1 0 290.3540755449575 195.12594522841843 351.78321825486734 231.2955766856214 1.4184718 1.505399 3.5942333 -12.286117 1.8723729 31.066938 1.4807553 9.46975911359804 
Car -1 -1 0 753.4558777488155 181.96526559060382 790.1899864605192 206.63332583380625 1.6500572 1.6458384 4.099385 11.555128 1.4326344 50.288715 2.017075 5.866739675358669 
Car -1 -1 0 206.58691146526613 192.84945779547783 311.0495937842104 242.80983872334392 1.4713956 1.6149046 4.071192 -11.415569 1.7467337 23.864868 1.5350251 9.008008151355096 
Car -1 -1 0 8.10407126536719 207.45957415633447 149.45108953514404 265.133503141099 1.4033238 1.5820417 4.033807 -15.382062 2.124415 21.206257 1.4504764 7.1833092442486 
Car -1 -1 0 358.77576169225716 188.20747119335064 403.5229490090577 217.72859129645303 1.6753932 1.6608019 3.967123 -13.533291 1.8637998 43.239132 1.5094361 4.2215102336432615 

