Car -1 -1 0 640.1268189093727 187.10843468454124 698.7854521818966 228.15739075018632 1.4200374 1.5336607 3.4497135 2.2627976 2.0098906 28.040157 1.426266 69.21728842580534 
Car -1 -1 0 819.062872886234 181.2556086442282 1007.844058765397 260.05942685757253 1.4598286 1.5706 3.6134539 6.4730844 1.6660649 15.748392 1.0786239 118.858733137806 
Car -1 -1 0 623.31063089261 184.90058505623728 658.8986059893475 216.40061250908136 1.4891241 1.5350881 3.9112399 1.5969068 2.1502013 37.61151 1.5316854 21.009405518283653 
Car -1 -1 0 330.19148076514654 192.33030576003074 465.33038206832896 239.64609733902236 1.4547278 1.6013588 3.9676957 -6.8726215 2.1158104 23.673826 -0.008378858 38.8305401951736 
Car -1 -1 0 241.33190702007582 192.29239589479977 416.7034219422091 253.236044944829 1.4802794 1.624175 3.964786 -7.2594976 2.01265 18.913717 0.017908305 15.637625300556868 
Car -1 -1 0 0.0 201.08253833690046 261.93449406828483 332.27853827736675 1.4570303 1.6063752 4.008275 -6.83158 1.8511143 9.225476 0.022230707 29.293855326818704 
Car -1 -1 0 389.39207370396286 191.5425404601869 488.60538159152856 227.42232013183224 1.4391456 1.5780976 3.8260362 -7.1883855 2.25385 30.628222 0.019580575 12.806646784193912 
Car -1 -1 0 190.45177757243277 185.4120431084315 389.0269682413751 263.7409352439855 1.6593139 1.6293063 3.798131 -7.16142 1.9601946 16.424582 -0.025543347 7.803599711599588 
Car -1 -1 0 367.0919852943968 191.5401310378971 476.0311453286855 230.54949900697298 1.4435656 1.5689082 3.858299 -7.3449335 2.2012823 28.393642 0.041855045 4.564512428270655 
Car -1 -1 0 492.2220214769468 187.99119211265648 524.6513768974221 215.80669780267917 1.4688461 1.5953567 4.05137 -5.900297 2.4025497 42.43275 1.5050839 8.605792438619158 
Car -1 -1 0 341.43004714591746 191.86204724355136 458.7435252429764 236.42833264887898 1.4970758 1.562714 3.740784 -7.481019 2.2049065 25.946793 0.07658813 2.9349160029116153 
Car -1 -1 0 409.5470752499128 189.5233883891939 498.2919286447157 220.83890910072472 1.4539416 1.5547273 3.982183 -7.615363 2.295547 35.47333 0.09133737 1.8650586963593616 

