Car -1 -1 0 641.3815431461692 177.0747524733735 680.9789124118652 208.84847970513584 1.4733164 1.5554475 3.6698353 2.513161 1.6937584 35.818657 1.5288289 24.35561576552738 
Car -1 -1 0 696.3085297463226 167.60552118841554 858.2641285632828 289.115771409908 1.7913072 1.7445596 4.451895 2.7486353 1.713934 12.886603 1.5425738 108.62094602189543 
Car -1 -1 0 660.83386472373 178.5227340275318 726.6300229319814 228.94332917149256 1.5028577 1.637247 3.9146929 2.7029386 1.7063663 23.927097 1.5470136 38.46127336605974 
Car -1 -1 0 0.0 188.81109117344278 339.04878778141375 307.89591716571704 1.4730695 1.6271567 4.254035 -6.1787033 1.7127122 9.993572 0.013604794 63.66042488262018 
Car -1 -1 0 244.38818411918328 177.30792084653805 422.09214035770646 249.84840731844542 1.6222978 1.5912321 3.6296067 -6.4540224 1.733624 17.14062 -0.0550738 39.32557104769458 
Car -1 -1 0 97.44753895266334 187.6828379915427 370.2468994556431 280.4793872949571 1.4307104 1.5694098 3.8858473 -6.2971992 1.7028965 12.330225 0.06737799 48.36631546524068 
Car -1 -1 0 375.4973793768208 173.2615620156266 490.09663717160436 219.33886655397433 1.6306065 1.6571726 3.7608652 -6.451956 1.6461654 26.548508 0.09138888 21.22968158568666 
Car -1 -1 0 677.6575751197162 182.85579805238274 763.6751649345977 247.1684200707174 1.4395448 1.5376999 3.3210657 2.7323096 1.7177029 18.372086 1.5243087 23.747987262421145 
Car -1 -1 0 412.2065024429292 177.13969244676312 512.2831891869755 210.41722184926633 1.5228299 1.6792983 4.407568 -6.9069533 1.7307999 34.13004 -0.020091904 9.80236096467865 
Car -1 -1 0 440.41556835999114 170.87143331765745 523.4029314960281 203.92713114052296 1.7467993 1.6843601 4.1824045 -6.8474283 1.6420321 38.976795 0.0026732897 6.657049198327956 
Car -1 -1 0 633.3860622364516 175.45492066223207 661.4276029642105 201.81686133479195 1.6232455 1.6299617 3.716904 2.411192 1.7981386 46.65722 1.574005 6.433158258629733 
Car -1 -1 0 172.41748966112593 182.94016632481197 394.3631208415114 258.4509650073898 1.4656385 1.587532 3.9013653 -6.6660247 1.6866767 15.015151 0.0018360091 9.91987167759943 
Car -1 -1 0 279.62427178582635 174.21168047235076 461.68170095843516 238.29663464664154 1.6557909 1.6788791 4.3692284 -6.357855 1.6941065 19.520588 0.0012718142 16.272000545734894 
Car -1 -1 0 537.0532667870875 174.857710568016 562.3505278872019 196.6949666705207 1.6550834 1.5917977 3.2648275 -4.7347445 1.8176262 56.77084 1.36396 8.445070904504346 
Car -1 -1 0 343.265844240424 179.9369652523164 476.1289261013317 227.23701591578723 1.4833717 1.5873842 3.925871 -6.5446987 1.7266039 23.843002 0.07309873 1.6483026940533831 

