Car -1 -1 0 634.8447022789766 177.62287773526276 673.6327468680478 206.92031968028743 1.4975836 1.6413238 3.9666386 2.3987727 1.7725724 39.57499 1.5075521 31.502784402463675 
Car -1 -1 0 716.7540346429347 182.85925317347332 854.6641681536522 227.66317799500254 1.4072852 1.5956686 4.1987166 5.85523 1.7573605 24.190422 -0.126124 35.668604585351815 
Car -1 -1 0 793.3773999093283 183.3327735250581 983.1854751452962 253.8870782177536 1.4769436 1.5656633 3.6651914 6.1827755 1.7255075 16.239859 -0.05116466 39.832333010767805 
Car -1 -1 0 743.8103718587538 183.06100727960342 888.3003912674476 236.20331300993192 1.4673207 1.5729563 3.79058 6.0450134 1.7831146 21.31649 -0.11967045 49.8194951538148 
Car -1 -1 0 195.94452860803202 179.203577843612 407.2196889076067 253.9100615246679 1.5039859 1.6111661 3.88551 -6.5506706 1.6491443 15.587687 0.053057194 27.654739559249172 
Car -1 -1 0 0.0 176.08097891989314 292.155699641958 335.34843512908554 1.6008915 1.647295 4.1906734 -6.055051 1.6415482 8.189882 0.03708921 90.23848611068563 
Car -1 -1 0 105.00158159312973 183.137896643372 379.71826357774245 272.53156942227764 1.4800196 1.623727 4.1255054 -6.468868 1.6786962 13.045569 -0.040128313 57.20687171906621 
Car -1 -1 0 281.5861519896557 173.77739993171454 446.6010628630357 235.48675992449841 1.6451714 1.662956 4.054273 -6.754653 1.6721064 20.154884 -0.030043213 38.470141703852754 
Car -1 -1 0 714.9849281710564 173.48992846394214 833.5492618499568 223.70774983053465 1.7629616 1.6811408 3.8946304 5.9699736 1.787122 26.384802 -0.09863352 18.99168628786165 
Car -1 -1 0 834.6635124817241 183.74206956515772 1089.1815377043818 271.1608995907557 1.4691105 1.5465056 3.8795497 6.281563 1.6802616 13.162615 0.029478911 21.093796974194476 
Car -1 -1 0 883.2562579075852 176.12754645817776 1203.6148416079363 289.0359048003315 1.5488057 1.5959859 3.8298187 6.3303084 1.6022462 10.864843 0.061529066 63.98016649390163 
Car -1 -1 0 781.3760678011354 182.55992459128598 947.952112811499 242.0595546753338 1.4512086 1.5761136 3.8092008 6.619175 1.71889 18.910292 -0.10820262 11.176977774391712 
Car -1 -1 0 0.0 179.76407116373375 294.6583861822655 292.97006759322625 1.5386226 1.6149757 3.8049335 -6.943646 1.6495314 10.744824 0.015079011 39.50792217064692 
Car -1 -1 0 430.182273592057 175.80368335311093 520.7599637516047 210.56043778752712 1.5831704 1.6537681 3.9218855 -6.252798 1.7254068 33.90502 0.031490184 3.7504006351744734 
Car -1 -1 0 312.7762266391473 166.91175129122874 464.6965954482523 227.46981623129074 1.8258731 1.6736412 4.269163 -6.8379226 1.6467096 22.651173 -0.027996022 6.8454551564559 
Car -1 -1 0 446.12649356947594 177.23022794584497 528.9514886796313 208.10542870205796 1.5057814 1.5950723 3.846874 -6.120348 1.7323643 36.40843 0.08061057 2.045012002330643 
Car -1 -1 0 431.50364536458727 154.81023007041537 457.8570408274055 175.85809616217955 1.7596396 1.6667261 4.039697 -14.221856 0.25114754 62.40356 1.4882196 1.3709628449004023 

