Car -1 -1 0 707.8182029188832 186.79668649851894 830.7036518992056 271.0989200905925 1.3893592 1.5887785 4.1768703 3.069903 1.7133358 14.674542 1.5744617 96.87981339538747 
Car -1 -1 0 534.0830298637628 179.34305442647005 579.219448040305 217.7733946661798 1.4479821 1.5507729 3.6917212 -2.1177583 1.7314389 29.665226 1.5803947 50.19413970928972 
Car -1 -1 0 655.3475789135616 173.61971740898733 704.0294214681145 214.64331642421539 1.7706857 1.6620542 4.24065 3.1739976 1.8083949 33.3788 1.5266914 73.50719766814629 
Car -1 -1 0 105.60579632786053 183.37210011667716 406.9963911021068 283.7654447545712 1.5073047 1.6519624 4.1817274 -5.673168 1.6939409 11.911581 0.03158474 87.13684376005591 
Car -1 -1 0 459.20531570583665 174.0632169510012 537.2063284399626 207.3049192561235 1.6357243 1.71048 3.8086858 -5.593247 1.6987736 36.600273 -0.089083195 38.94897407151259 
Car -1 -1 0 327.0748133311344 175.61456161885388 475.72516062761895 232.01789351716516 1.5467942 1.6619742 3.9074674 -5.928046 1.6307434 20.914993 -0.10282575 44.165265467879316 
Car -1 -1 0 226.54409528409255 183.33365242040358 432.60690771662036 262.38332307140814 1.471988 1.540189 3.5877092 -5.594537 1.6982663 14.633143 0.10063508 57.76922876584351 
Car -1 -1 0 0.0 166.95877840707962 267.14601672561145 309.12094401618634 1.6536527 1.5956187 3.7203598 -6.644946 1.5850785 9.281623 -0.049340077 21.544465440288658 
Car -1 -1 0 705.7937788493044 173.63098326221993 765.657333353066 194.76856919549314 1.4895592 1.6368706 3.9623952 9.04147 1.5464395 51.869102 -0.068714924 2.2782533487077896 
Car -1 -1 0 272.175578052371 182.66599744702492 450.6204883909096 244.71158145069975 1.4822555 1.6071682 4.0039043 -6.260063 1.7456229 18.447624 0.05859462 0.8428381597142991 

