Car -1 -1 0 767.9814783528632 192.10547919676932 923.7237117289675 290.56846780874093 1.4097488 1.6326535 4.0513997 4.096023 1.8162113 13.183315 1.6027436 77.54944605070176 
Car -1 -1 0 729.9706319268805 183.66185053204538 822.5070022092093 250.65620367453133 1.5387871 1.5723193 3.4070213 4.2451606 1.8468082 18.845478 1.5517476 69.07076858486522 
Car -1 -1 0 481.1280516521909 189.34000877253757 542.1781837115789 230.20714357378225 1.445456 1.7272358 3.8926725 -3.8714945 2.1563861 29.121857 1.6288892 46.38662191091063 
Car -1 -1 0 701.896291586733 184.6033128807025 750.5468373937364 224.822428037879 1.4812707 1.5448897 3.5715766 4.7005506 1.9904041 29.450758 1.611406 14.488328313683763 
Car -1 -1 0 712.9951212689055 185.8713795796005 778.4118671255279 235.84280235769987 1.462913 1.6089772 3.8146727 4.4541473 1.9321764 24.07191 1.6119215 29.224436637235186 
Car -1 -1 0 571.9408967969667 185.8725152104312 599.0691078530216 207.74209944526868 1.5731993 1.6125607 3.844448 -1.8415627 2.6244798 56.27215 1.6722536 6.292050635630796 
Car -1 -1 0 845.1828156911881 150.9953030815367 1242.0 375.0 1.7539856 1.7269282 4.5382586 3.8205972 1.6176587 6.771299 1.5683209 33.38178095967762 
Car -1 -1 0 1005.0784881704639 175.6736428177696 1083.4728368165854 209.2898566925999 1.4627749 1.5893857 3.9449573 20.239416 1.6027335 33.776943 1.6643261 1.4167917278699966 
Car -1 -1 0 519.156550373773 187.5667081280187 565.7764445814564 223.08708015228797 1.5318043 1.5206039 3.9955482 -3.1819887 2.2851863 34.885586 1.6671166 2.115035287388498 
Car -1 -1 0 1089.3786415396366 158.55909316910294 1232.3734947993428 233.38793440624167 1.699444 1.6493663 3.5982625 13.819183 1.3747911 18.339071 1.8353277 3.5728129526179844 
Car -1 -1 0 1087.418006347918 130.90155276277747 1242.0 252.71966535062128 1.7312365 1.5826705 3.631653 9.724745 1.1350229 11.729313 -0.42909878 0.6054161191323634 
Car -1 -1 0 880.6753141376431 179.24331617336372 921.3117096163228 201.96719478158553 1.4725552 1.5833732 3.9341931 20.11467 1.9328549 49.94238 1.6749463 0.2546031177043915 

