Car -1 -1 0 681.9104266063856 179.8576431790306 863.6719743370189 304.8435531074027 1.465816 1.5510163 3.3716977 2.1563365 1.5840213 10.418575 1.4633019 103.04443382909788 
Car -1 -1 0 581.3548924529964 171.29279523293818 692.4050950916619 214.99460851701403 1.4629152 1.5990719 3.7708716 1.0112891 1.4106538 25.879543 -0.60148215 107.3884062909079 
Car -1 -1 0 773.712802784649 166.37839861722483 898.6723210464946 218.2945322797078 1.4346206 1.5688252 3.8572655 6.8547993 1.2556775 21.693098 -0.61599004 52.84572651243298 
Car -1 -1 0 862.6204249578989 163.8199245784926 972.5764994378231 210.58094276680652 1.4650916 1.6328151 4.0704207 10.498945 1.1820406 24.488451 -0.65000075 71.84538506803734 
Car -1 -1 0 944.6737268497882 166.47419521891712 1033.501856968415 207.15407281721014 1.4371761 1.5509179 3.5299199 14.307701 1.2117844 27.153534 -0.62586427 61.447950759112025 
Car -1 -1 0 719.5102526216461 172.36751455495943 815.979935736941 209.69079646976462 1.443492 1.5645844 3.9505885 6.5295963 1.4246769 29.64951 -0.5856607 21.40068899714666 
Car -1 -1 0 1002.3865784205278 155.4342607851316 1093.2310457195972 203.58197125749476 1.8568168 1.7204669 4.2148995 18.113617 1.1850243 29.765293 -0.63209456 39.39210055910038 
Car -1 -1 0 1107.6436025399785 161.66782494033987 1172.9804221256197 193.7292298800719 1.5087724 1.6250892 4.0270205 26.39613 0.9823638 35.846245 -0.67398965 3.6805666349710884 
Car -1 -1 0 1089.3832446999152 164.9171473470772 1136.9629627413813 187.68701350543432 1.5250161 1.5522268 3.7096875 34.93724 0.9934436 50.03425 -0.61974734 0.6831299304317304 

