Car -1 -1 0 650.8323331542967 179.88164461098214 792.2355902204249 280.39082181013794 1.4983879 1.5792338 3.3362846 1.829476 1.639852 12.763601 1.4331355 99.4528707544886 
Car -1 -1 0 563.5612676605623 175.6708176552147 667.4204631344528 214.88890974829738 1.4198709 1.5989312 3.8996396 0.27142292 1.5370804 28.203989 -0.6530449 101.11255292163209 
Car -1 -1 0 736.5501520201063 169.30494491483935 849.0827270835986 216.6917089026966 1.4683712 1.5996383 3.88323 6.1837687 1.3583966 24.177586 -0.6571766 62.055463758502405 
Car -1 -1 0 817.6621760883517 165.67571419103393 918.6387873352724 208.58348518790146 1.4942936 1.6477913 4.092634 9.735916 1.2443045 27.04399 -0.6694552 67.8955134121831 
Car -1 -1 0 896.1302954854333 166.50547076605844 975.5721807784765 202.95354293499278 1.4217808 1.540303 3.5083232 13.51707 1.1741347 29.833021 -0.66337365 55.158334046822276 
Car -1 -1 0 948.3503141566307 157.6558888877464 1031.8202034361293 199.96019382874778 1.7933078 1.717176 4.215128 17.199224 1.1490495 32.54718 -0.6515013 31.855513165268388 
Car -1 -1 0 692.3510155110877 173.04756947405218 780.6468893495916 206.32617587640485 1.4004354 1.557675 4.032851 5.7059107 1.4095738 32.224743 -0.64925015 15.300165091710696 
Car -1 -1 0 235.84844849914487 176.25375306021525 288.83221605680023 211.96463597672155 1.5148795 1.6021321 4.1705675 -16.022387 1.6815524 33.19789 0.9750415 3.781464382772916 
Car -1 -1 0 1097.4986550289152 157.69315252146137 1162.6692629877612 185.67023089813597 1.5411569 1.6452956 3.9892368 29.952774 0.706 41.497673 -0.55541927 1.4338170755540625 

