Car -1 -1 0 672.6603264202575 180.86107503299408 739.2950965428156 235.73849988660402 1.4472077 1.5620936 3.7858 2.7842736 1.7069532 21.49597 1.593796 98.523375240134 
Car -1 -1 0 220.93073277487878 194.62926634747657 372.9405518988487 280.7549342187672 1.4513158 1.5722797 3.6368053 -6.264073 1.9559368 14.900188 1.5677834 78.80540384281788 
Car -1 -1 0 786.2778303962842 163.36881307420862 941.0430490686041 213.8473624032752 1.5937877 1.7028083 4.4913335 8.278836 1.2943064 23.735744 -0.04620865 78.53791032078406 
Car -1 -1 0 363.6495301340827 189.7418018380044 447.9720321777938 243.91857034260892 1.4569197 1.6027347 4.1420555 -6.316503 2.0395985 22.801886 1.5419331 52.74378788702091 
Car -1 -1 0 890.5566087752724 165.56371358929417 1161.858418436848 244.48253934397795 1.4867655 1.6951962 4.4750423 8.20277 1.3494225 14.471268 -0.013664639 116.92483879697596 
Car -1 -1 0 1084.5925146326504 149.94382030557318 1201.6538138004132 188.4084332910035 1.5608615 1.6134349 3.7041457 22.199516 0.6311856 30.106613 -0.011098527 21.351536332161 
Car -1 -1 0 1149.1890127757126 146.75526543748128 1242.0 188.77382113848455 1.5096085 1.653733 4.2271695 22.766726 0.57195425 26.829273 -0.0379453 16.282872198803954 
Car -1 -1 0 1037.9917298848354 152.33737371783099 1146.0303484407625 185.7641142516334 1.4988667 1.5918925 3.8772554 22.146122 0.57889384 33.21766 0.035188362 9.828739215873947 
Car -1 -1 0 464.4541105915217 182.4244037250515 509.9791651940926 215.25844699657637 1.551469 1.5587966 3.8758674 -6.2482233 2.0710196 37.204987 1.6076169 11.708230746580439 
Car -1 -1 0 842.2897531531079 154.92407083584365 1048.224697841081 227.9086725121238 1.6895046 1.6991072 4.2578197 8.095734 1.2744485 17.635382 -0.039357394 18.964406742620426 
Car -1 -1 0 708.0172372003427 168.44074567653803 769.9783546167251 191.44482111161213 1.5426176 1.6669798 4.062932 8.821278 1.2466713 49.420956 0.101870306 3.405065762282156 

