Car -1 -1 0 255.4685376119084 182.01007579305593 366.487548456497 237.72752395173436 1.4407729 1.6097499 3.5866637 -8.268578 1.3578801 20.398952 1.5924938 62.319134966921325 
Car -1 -1 0 570.2203458988223 175.5891236804276 653.3575995759269 252.9305343270225 1.5649457 1.6826307 3.4044037 0.100534424 1.3701591 16.25152 1.5753381 68.82985892750507 
Car -1 -1 0 345.30253536583376 186.53795310082 458.58523768286665 254.92666023771946 1.3877268 1.5575095 3.5354903 -4.5518956 1.4212072 16.428675 1.5779306 79.78985080131598 
Car -1 -1 0 442.69234419283237 180.58266204220462 508.9399885207298 226.76275881491355 1.4445888 1.5630015 4.160894 -4.3955984 1.2996598 24.57891 1.5558141 55.04501639348853 
Car -1 -1 0 94.61928654664024 184.2453823219075 228.9132767508024 241.17102997161783 1.5080373 1.6494225 3.646039 -12.760886 1.4823323 20.869562 1.5670518 41.90444340239241 
Car -1 -1 0 400.2553214709016 177.9258456111303 450.7215771103172 209.89387811951713 1.4260197 1.603822 3.703908 -8.516211 1.1008363 33.95379 1.5242066 3.1404992149684294 
Car -1 -1 0 633.009127912691 180.248652816935 654.4080569166654 201.4067880204964 1.5822347 1.5992355 4.1843424 2.8697069 1.2107922 55.89724 1.6365473 1.3351900677710942 
Car -1 -1 0 315.3449014648878 180.96197230652407 367.231432152049 214.1693454185294 1.4377053 1.5780501 3.7935965 -12.181057 1.2535412 33.12617 1.3996392 0.3319283723831177 
Car -1 -1 0 190.20851716281334 182.29488079684725 272.78424109542914 217.45678385457734 1.4294207 1.6199882 3.8210983 -16.166672 1.310682 31.14436 1.5576454 0.3220204710960388 

