Car -1 -1 0 341.912064486713 185.28973380197945 465.88578086436695 264.63184040106063 1.5274758 1.6587615 3.795476 -4.51575 1.8433237 16.408867 1.5947396 110.00816447731076 
Car -1 -1 0 779.6658209045371 185.3173650415872 957.3460588809396 301.23635066306895 1.467047 1.6148067 3.845111 3.8902116 1.6997354 11.5119295 1.6187291 94.63636639728743 
Car -1 -1 0 731.5580418857415 179.82399168748645 836.4324683099969 252.51660179384993 1.4954231 1.6226481 3.7608023 3.9959657 1.6788545 17.097515 1.5846024 72.14852091651896 
Car -1 -1 0 534.7835678079194 176.880225937526 569.8690765169038 204.81595368927375 1.595114 1.5820563 3.4162822 -3.4086711 1.8475673 43.475353 1.6520543 24.660452699173 
Car -1 -1 0 425.37080274711656 184.73689523359621 505.91562706947116 238.1670595181137 1.4356766 1.5625993 3.7129223 -4.3112574 1.8311912 22.122892 1.6205777 43.718977678277625 
Car -1 -1 0 701.3808367826807 179.67972142059725 778.8354490755346 233.52493958347986 1.4717088 1.6341592 3.9800677 3.9146702 1.7008424 22.224463 1.562239 46.99007303946494 
Car -1 -1 0 465.338387366649 182.5798161986981 528.411973659885 224.89311385339442 1.4317229 1.5745884 4.097453 -4.200309 1.8299286 27.45728 1.6197169 19.08181798454546 
Car -1 -1 0 689.4939142675219 179.10301225190662 747.4587159454805 222.82050875196998 1.5179929 1.5818826 3.5477345 4.0594254 1.7704668 27.35902 1.546282 6.151927964604406 
Car -1 -1 0 687.4727178598057 176.80936759180054 733.6085218997255 213.08723303329305 1.5383724 1.5655575 3.4848359 4.5253735 1.727401 32.730804 1.5586333 1.3945297027769465 
Car -1 -1 0 933.026567743912 173.5314265534513 994.2543144146102 203.3847696830387 1.4812179 1.5832986 4.1014843 18.56713 1.5189054 38.01916 1.6762264 1.139609548215107 
Car -1 -1 0 550.9849596405301 175.76811089192387 581.1022387505861 199.65786524972276 1.5102696 1.5286735 3.9855652 -2.863289 1.7129536 48.148083 1.6335495 0.8867949643781892 

