Car -1 -1 0 556.8484364116009 175.5865856395874 626.1945735903533 240.97275996130904 1.5742235 1.6746373 3.3140445 -0.46847132 1.3423951 19.008162 1.5150007 64.8803075396321 
Car -1 -1 0 316.7810807165238 189.93516767716108 482.96765580572014 292.9997016928944 1.3851361 1.6184318 4.444099 -3.2328525 1.4793459 12.108067 1.5456443 101.15521526808665 
Car -1 -1 0 429.4391896780304 179.34488452877642 519.5280317673771 242.96145380475897 1.4789574 1.6342086 4.209261 -3.3431764 1.3424728 18.827196 1.5575894 75.48652245835675 
Car -1 -1 0 286.7961873505941 175.75299940639024 390.9339650770633 232.94274480667917 1.5379332 1.599649 3.6837215 -7.7809043 1.2834646 21.197542 1.6024275 30.342175753778623 
Car -1 -1 0 400.3967042481443 173.6513626323579 460.751002384841 208.9691351074758 1.5411767 1.6594156 3.9924917 -8.124533 1.0365388 33.401733 1.6173666 12.096302271897931 
Car -1 -1 0 520.4389703135437 175.84531798170684 555.093250371946 209.2630954767158 1.5162667 1.5682573 3.754896 -3.2906551 1.0911039 34.546158 1.4980676 6.899143707428894 
Car -1 -1 0 348.79855994475037 176.5376936285356 401.7544213221234 204.93277358792153 1.4970397 1.6446953 3.859301 -12.78249 1.0395197 39.840065 1.5844307 10.255363768059391 
Car -1 -1 0 480.469209841079 174.61906317284758 538.8687823699381 222.15616406800856 1.5901569 1.6536338 3.957601 -3.4518628 1.2356904 26.041264 1.5508326 19.53493354191521 
Car -1 -1 0 454.36439783174615 172.07272001895197 490.4102293059788 195.95412442752837 1.476472 1.6737931 4.0089626 -8.663391 0.6639051 46.46867 1.5451663 3.278064365293524 
Car -1 -1 0 624.5283987532151 176.1353860201563 642.3853815469702 193.400394997157 1.5291377 1.581365 4.1578097 2.4145327 0.72490716 65.778435 1.6129255 0.2519034445285797 

