Car -1 -1 0 318.7327460234574 185.86357735139288 502.87190979718844 313.1018169278767 1.4859242 1.7261417 4.4088483 -2.775796 1.7263567 11.108264 1.5441738 147.38766616100895 
Car -1 -1 0 504.8692163965286 182.5343443150148 560.4731835432142 228.17074788085986 1.5014006 1.5655296 3.4258053 -2.7275507 1.8762668 26.207367 1.5983441 50.07045741577107 
Car -1 -1 0 654.2528387123347 178.17981186317314 709.095678315261 227.83554730697531 1.6762093 1.6280904 3.5098336 2.5820441 1.8848147 26.498344 1.5602441 82.16988274378564 
Car -1 -1 0 743.1115870544296 191.08831228784192 1128.9287522081001 375.0 1.4659681 1.7142675 4.077319 2.5349913 1.6897036 6.7955465 1.54791 87.74315842458806 
Car -1 -1 0 713.2634649909479 179.39471732538925 861.1197788444139 289.33687982847675 1.5573231 1.5537002 3.6004267 2.8340714 1.6848745 12.253774 1.548559 41.92812604505404 
Car -1 -1 0 641.9693087404596 177.13742396367581 679.9667733925689 213.33718186574035 1.7014327 1.5639296 3.8456104 2.5368254 1.9284918 36.309837 1.550822 15.900485436718037 
Car -1 -1 0 550.1095885006191 180.9256837403101 583.6684932679336 204.30940825190174 1.5258906 1.5204401 3.8309152 -2.9449604 2.1132674 50.490704 1.738915 5.7018151832064845 
Car -1 -1 0 635.1142794759925 175.2535895863096 663.533032860377 205.35520963871846 2.0188277 1.6416636 4.0256796 2.7581828 2.1944122 50.756836 1.5360435 6.111075441201058 
Car -1 -1 0 643.245977624712 180.34182463596088 689.1012490776511 218.91522687650516 1.5439413 1.5128953 3.3743916 2.402944 1.8866094 31.286648 1.5048528 1.7241547697034523 

