Car -1 -1 0 631.31976911609 179.80738343577082 702.5610792439415 228.82209238831146 1.3938515 1.6112552 4.2185335 1.7533417 1.639396 23.307322 1.4821401 84.4667979517146 
Car -1 -1 0 902.8351029105968 192.50075266642048 1242.0 351.4185355882157 1.4566628 1.6084684 4.048424 5.5032473 1.6934081 7.768636 -0.060913406 81.68508877270423 
Car -1 -1 0 613.5269394277537 175.90674610622312 649.7632178236751 205.20484003193891 1.4657346 1.5231841 3.9364257 1.1318285 1.6373371 38.53894 1.4944794 9.573046837474106 
Car -1 -1 0 860.8678889597211 163.70015637749268 1202.2915758194956 302.2006051856285 1.7631292 1.6423821 3.8688846 5.7483206 1.6465995 10.115166 -0.056911465 51.739821277874604 
Car -1 -1 0 289.12725044147334 183.80761491753836 445.028054714987 238.9918358821158 1.4454002 1.5496196 3.809095 -6.668051 1.7628107 20.070038 0.033660483 19.436469421396275 
Car -1 -1 0 338.64229619854143 180.09566307583685 453.4098930213092 225.1405052954219 1.5006258 1.5424591 3.5280614 -7.4018297 1.7622048 25.190422 0.058201812 22.7462331647807 
Car -1 -1 0 215.67743921655824 183.50271883680585 408.41180130442274 247.9520365340334 1.4674001 1.6251518 4.013201 -7.1185913 1.7384176 17.53314 -0.008959086 43.695679189879534 
Car -1 -1 0 406.8231524927751 177.82341699322242 499.2351798632905 209.99574882634633 1.495842 1.6465944 4.08029 -7.460016 1.7400677 34.63207 -0.0025386896 5.336084847212 
Car -1 -1 0 610.2420201088793 175.15742134820923 643.5578316259963 203.41725670579999 1.6190858 1.6279 3.7684767 1.0059714 1.7644763 43.599434 1.4902011 3.5747199166006673 
Car -1 -1 0 471.0514620178013 173.90834579796888 501.0895482207958 200.5959705454818 1.4932444 1.5791606 3.988307 -7.3373814 1.5586658 42.655094 1.3579944 0.2958081364631653 

