Car -1 -1 0 335.19105594391465 190.92522550438187 440.3683499419846 255.61882974861996 1.4651794 1.604401 3.823719 -5.804605 1.9975679 19.335781 1.5825163 81.0333580636709 
Car -1 -1 0 397.3137707458922 188.60822440036023 469.64431483534617 238.07845370412275 1.4561291 1.5137761 3.5477242 -5.8069944 2.0225482 24.157997 1.5841327 46.21924682640896 
Car -1 -1 0 208.65068363221178 195.796502148862 385.2012140989783 293.1726915626247 1.485631 1.6181378 3.972549 -5.8070292 1.9931787 13.957581 1.5942612 85.75698273449476 
Car -1 -1 0 799.5757589871956 154.83076606888457 933.9937516485587 200.15351894801591 1.5742719 1.6852201 4.2573094 9.182955 0.9482403 26.005278 0.0475736 69.53862402600012 
Car -1 -1 0 439.8622765979523 186.66560497911104 498.7510404252056 225.5494510746438 1.4434423 1.6012732 3.8674831 -5.779202 2.0576897 30.13214 1.6009704 18.68966490735149 
Car -1 -1 0 478.4850777568032 183.3400764905877 525.2660319574762 215.5939117923052 1.5380212 1.5830725 3.778515 -5.5561714 2.1131353 37.623596 1.6556066 16.185165227765708 
Car -1 -1 0 661.2713666975119 175.2896113034596 709.4523455549459 212.07543377977558 1.5166128 1.5482383 3.9616227 3.3000154 1.63153 32.0291 1.5243349 13.989821766041036 
Car -1 -1 0 802.5217047838304 157.31489874405392 914.7842735963142 197.91144595813114 1.5545008 1.6418095 3.8597136 9.764946 0.9594859 28.466763 -0.008892944 15.514554330091379 
Car -1 -1 0 772.4110489397513 163.5546699415764 878.5124486008079 199.17482645200664 1.4793751 1.6639354 4.0730376 9.283261 1.0931555 31.13898 -0.17406815 9.848682166807706 
Car -1 -1 0 1098.3069045661923 141.12674648386886 1225.2437348868075 176.59332222905047 1.474776 1.6467158 4.149213 23.536951 0.15548885 30.851406 0.012064007 5.518813031010064 
Car -1 -1 0 1126.2184820565312 137.26385059450493 1242.0 177.65888613990316 1.5286169 1.689882 4.0105824 22.806831 0.18182492 28.254164 -0.05298108 9.27869053625474 
Car -1 -1 0 657.4557100977879 174.5316700929952 694.8733768448695 206.4561838033003 1.5717242 1.5589073 3.7193475 3.4219375 1.6634719 37.58945 1.5575814 5.28063222097989 
Car -1 -1 0 644.683220822603 177.0048854923854 673.3767740362275 201.19972484854668 1.5067694 1.4633459 3.7314343 3.2192822 1.7908574 47.484222 1.5236746 4.2671208912134775 
Car -1 -1 0 739.2240859916874 164.80658167044348 832.2136890008214 197.24581626612087 1.4783871 1.6611267 3.92364 8.276913 1.1116335 34.03101 -0.16839555 4.762348124275596 

