Car -1 -1 0 676.6701217670114 181.51353600915212 764.6404415865743 245.91840193476637 1.4245424 1.6271172 4.2798624 2.7451634 1.6743989 18.67704 1.5730226 89.99753170305051 
Car -1 -1 0 747.1191687820373 180.42683957670758 871.8243756448563 228.48706193614538 1.4832263 1.6320517 3.7153883 6.4507527 1.7415096 23.597908 0.10785093 59.80652140241461 
Car -1 -1 0 314.32113857201756 180.00421909404668 483.8870839434261 235.90849324041727 1.4559399 1.6402357 4.2690496 -5.7241836 1.6640091 20.018967 -0.07491377 65.33919398091587 
Car -1 -1 0 16.669298921421618 180.73824778955398 368.74682363088885 289.58153951359276 1.4744264 1.6617285 4.276528 -6.000351 1.6010785 10.743814 -0.007526117 127.1231140818768 
Car -1 -1 0 167.98251175787465 177.2601031037936 401.92481668999335 253.19550110479466 1.5090364 1.6118109 4.2170467 -6.7269726 1.6070951 15.245558 -0.003092328 37.62786893286371 
Car -1 -1 0 665.9583789434729 177.11246342749874 726.3300182272909 200.72119729321588 1.5147815 1.6376333 3.7324162 5.6709805 1.800509 47.51571 -0.042249016 10.625173492860709 
Car -1 -1 0 423.6551153812707 175.65172966930706 522.286517129277 208.99731528839567 1.4577811 1.6305826 4.1059113 -6.1403465 1.5882277 32.674286 0.07564567 10.553767719254061 
Car -1 -1 0 219.9576016827714 173.0220335335916 400.6099487151595 240.69737812706063 1.5676227 1.6141199 3.782919 -7.2168045 1.5719702 17.69368 -0.09079425 19.596147328553812 
Car -1 -1 0 88.31381013034841 179.37092992206794 342.4605072584572 270.6995165193679 1.5232065 1.5741491 3.7277873 -6.9866033 1.6497105 13.085799 -0.07271803 13.500359951323263 
Car -1 -1 0 462.4927611364103 175.60584091527687 537.7213186740906 205.81551490120316 1.5070512 1.5843945 3.7258081 -5.580064 1.6521745 37.109123 -0.08221668 3.9717793591310233 
Car -1 -1 0 735.1178009113233 178.5103549296409 848.0698292787188 218.2134690483609 1.4771045 1.6164422 3.9823673 6.9827356 1.7028662 27.943184 0.023869324 5.621355797196122 
Car -1 -1 0 466.74706039769853 170.91139993008983 536.4472440814674 199.17189330946078 1.6204152 1.6270646 3.8991692 -6.282715 1.5090292 42.283035 -0.050612357 7.09960681185243 
Car -1 -1 0 627.537155248726 176.53762017753107 651.3023054019466 194.078628196269 1.4408278 1.485682 3.4541457 2.5321636 1.7657124 61.831764 1.4465425 3.0251984336469397 
Car -1 -1 0 404.88359223823863 176.55009008360716 505.781957440852 213.09913153118805 1.4678241 1.5759261 3.9556847 -6.372748 1.6270523 30.127365 -0.08689506 2.400789016387336 
Car -1 -1 0 704.0738451719213 173.6509808470691 789.5615861283472 205.52008690450825 1.5369203 1.6122761 3.9001973 6.746941 1.577305 35.700966 -0.02830531 0.6087311180138328 

