Car -1 -1 0 346.8399498532336 188.47537862469682 459.24512099133085 253.98606259002446 1.4130691 1.6156234 4.408415 -4.9223604 1.5044827 17.942877 1.5552077 102.38441298399657 
Car -1 -1 0 232.5601714582955 189.1205506119896 342.212229378876 245.0858350010879 1.3896211 1.5128133 3.444081 -8.685043 1.5066614 19.81833 1.5628917 79.23757864191779 
Car -1 -1 0 37.644301942275106 189.80369356850323 259.845062878739 288.12778180861744 1.4411373 1.5953884 3.753706 -7.751443 1.5337882 12.615229 1.5386894 107.46329334275488 
Car -1 -1 0 0.0 182.2486796818113 136.4960299034066 257.3750900529309 1.5435394 1.6098093 3.5297165 -12.727707 1.4825794 16.587793 1.498702 34.26946749052174 
Car -1 -1 0 347.01047803731484 179.8862431086897 399.0166254427995 209.09554532043464 1.5861851 1.6755533 3.9586782 -13.2902975 1.2967738 41.01672 1.5714486 8.247991157945142 
Car -1 -1 0 572.8145801034597 179.80010221569682 602.7638402119669 206.1453796436148 1.4131756 1.5893126 3.5792751 -1.051853 1.12268 40.350563 1.5694325 9.62509557525614 
Car -1 -1 0 259.3524812931902 182.5895972366895 344.64845431081693 226.70962238292861 1.5679567 1.66962 3.8745265 -11.558453 1.4746292 27.49758 1.5545607 18.491732106031925 
Car -1 -1 0 370.7748505153258 184.6491423556572 429.3177669099659 222.80970853421715 1.4704208 1.5901008 3.537856 -8.43144 1.44859 29.516186 1.5057167 6.659451243934542 
Car -1 -1 0 417.64404217837046 181.80352431487458 465.4000090815138 213.20027896285026 1.4865601 1.595929 4.0326295 -8.247037 1.325002 36.078835 1.5361477 1.5056428823136863 

