Car -1 -1 0 399.48502978596287 185.4310903340328 477.31898398669153 234.25432025121427 1.4324765 1.5858166 3.8066812 -5.613544 1.8860201 24.09138 1.6032453 56.562414669763854 
Car -1 -1 0 325.7398195129773 188.81415941429955 442.57623320573293 256.81466320450977 1.4759898 1.6591729 4.008705 -5.663838 1.9332561 18.643175 1.601971 59.17835635263974 
Car -1 -1 0 438.2078618659614 183.01140633118698 498.150252478128 223.69830770975582 1.4738079 1.5608793 3.6148264 -5.5872736 1.9063833 28.890995 1.6109384 20.26886834558378 
Car -1 -1 0 1108.0336246215973 135.04159456241743 1241.2654679791053 175.56641779770715 1.6039793 1.6632068 4.061668 23.029812 0.1073578 29.518917 0.06427705 37.069541675275126 
Car -1 -1 0 498.89685097773776 179.7656262215231 541.7573451531272 208.16629950227394 1.545864 1.6002417 4.083212 -5.188585 1.9725008 42.42144 1.681042 9.69935580838164 
Car -1 -1 0 1019.8834542784363 145.7778759253853 1112.5510128414562 175.02174050575343 1.4991775 1.5870593 3.8849387 23.903276 0.11112833 37.84252 -0.030876743 11.376811588091664 
Car -1 -1 0 469.38851891467266 182.67601845516106 518.661809717498 214.94620024500173 1.4126325 1.6028883 4.0950384 -5.5225487 1.9162078 34.920307 1.6039755 11.63260518627635 
Car -1 -1 0 1072.6794560621322 139.69745048670833 1191.5763116762153 175.6347646834006 1.5676485 1.6330831 4.1036553 23.369644 0.12130165 32.369476 0.03841386 6.354254095832276 
Car -1 -1 0 725.4516376847553 168.179103716661 768.2613444167114 195.9733089166324 1.4421773 1.6529882 3.9206684 7.441075 1.1996075 39.412807 1.5875143 14.04617627545099 
Car -1 -1 0 785.5091898384568 156.9690119458467 844.647716861371 194.5600130119308 1.5497242 1.6694448 4.107564 8.98513 0.89485055 31.847374 1.6324427 3.662091879740645 
Car -1 -1 0 757.2295317401541 163.37199134927755 844.9355127409602 194.41803364658213 1.4844449 1.6502728 3.8382893 9.400541 1.031069 35.54994 -0.12064655 0.7490268391862995 
Car -1 -1 0 519.8036950022487 169.29899021218426 535.447215590656 183.86296344043393 1.582896 1.6240302 3.9116447 -9.112294 1.1965168 80.43861 1.4857086 0.7864781954156652 

