Car -1 -1 0 660.0853247976906 174.01753953327224 726.8292598576711 228.32880886002042 1.6307895 1.5926111 3.6319737 2.6618218 1.6718314 23.59795 1.5213374 85.13497837801334 
Car -1 -1 0 691.1205466912504 182.46656737592022 821.6069967253682 271.5920564184308 1.4772885 1.6385541 4.2262797 2.7744508 1.6998069 14.562084 1.5357041 72.88753701955001 
Car -1 -1 0 744.6247912090782 174.48459198864757 1005.2613685903016 363.29260464610945 1.6679288 1.6586642 4.012643 2.7366567 1.6915728 8.43578 1.5961661 112.4303340579788 
Car -1 -1 0 642.8466864712482 177.7625683539968 677.8417190704803 207.41265560469924 1.437833 1.4970486 3.4153545 2.5831811 1.7031959 37.283813 1.5492673 26.066593040325678 
Car -1 -1 0 0.0 189.39385800101846 293.90773266389994 333.58508120094575 1.5107349 1.6348706 4.0688295 -6.191199 1.7307078 8.682728 -0.0476493 84.92474318506403 
Car -1 -1 0 12.316797815431546 191.83163379444156 336.6068989525337 293.079777061111 1.424263 1.5830494 4.1394815 -6.6409073 1.7431498 11.292883 0.01930442 23.359772635868406 
Car -1 -1 0 339.0878892132824 181.70686314734803 480.12891562435436 235.3721196773966 1.5460242 1.603894 3.857232 -6.091955 1.8309251 22.17578 0.12967117 21.484585580082786 
Car -1 -1 0 420.08462171734715 180.02242842152143 514.5461196020108 214.11724292439746 1.4809003 1.5934539 3.924346 -6.371184 1.8129382 32.561348 0.032428462 15.844497515120993 
Car -1 -1 0 360.64404845020795 170.47183951924603 478.6158056321864 220.01969804008968 1.7983357 1.71924 4.0315976 -7.069631 1.7118752 27.15884 -0.055789575 12.065662767332325 
Car -1 -1 0 368.0891590484667 182.33811569806923 490.9254502735845 226.7256406069513 1.4633844 1.5545394 3.853774 -6.214436 1.8057253 25.11503 0.08054404 1.9933171148052578 

