Car -1 -1 0 656.8628791626104 182.08970711628936 724.2558636635482 232.37320830932293 1.3838532 1.5660224 3.9904122 2.4462729 1.6990819 22.612385 1.5449122 68.670795893789 
Car -1 -1 0 912.6042639390422 186.40335337092986 1242.0 337.3376033103068 1.4640496 1.6584797 4.110793 5.7854176 1.6322184 8.057724 -0.03353893 86.59823910540754 
Car -1 -1 0 648.413267290214 178.94676660850146 690.9361834276206 214.8073597131039 1.4469757 1.5497338 3.9293084 2.5871747 1.7316601 31.747969 1.5723957 24.383884690419663 
Car -1 -1 0 551.2164889067342 177.67852902612856 580.7120611809072 201.74527185403196 1.4661067 1.585099 3.8257048 -2.780564 1.7910209 46.66117 1.5953982 9.881853613178999 
Car -1 -1 0 214.0649220685728 184.04920394541514 433.27631282859113 253.63104733338233 1.4544802 1.6200371 4.2990623 -6.324538 1.720195 16.245533 0.032745525 120.78368822378162 
Car -1 -1 0 0.0 192.50445503231006 289.67065337652184 304.0471708296525 1.431047 1.5596255 3.9523308 -6.9046626 1.7344291 10.339406 0.0104254335 18.793540168556994 
Car -1 -1 0 339.90345943494754 174.64200154536255 479.5777310343887 227.1223043320961 1.6472018 1.6269476 4.1024017 -6.4653664 1.7079036 23.601896 0.039597712 23.161719738923036 
Car -1 -1 0 628.3471266183401 176.80185864344668 657.6900995612597 199.70499821398815 1.5148895 1.5773591 3.3591526 2.2895482 1.7984221 50.073734 1.476007 9.227155128584261 
Car -1 -1 0 347.8491562838571 173.20433291812776 468.2065719081305 223.876345617125 1.7556925 1.577259 3.9426634 -7.171667 1.7687557 25.958998 -0.08121536 0.2576913833618164 

