Car -1 -1 0 152.9341846277808 195.81867514623542 376.4793189395395 303.7433277916234 1.4337549 1.7125254 4.4072313 -5.768605 1.9114221 12.772457 1.6101422 121.19566734565525 
Car -1 -1 0 687.2903120675971 181.60854185987395 760.3504592667837 233.69120393764695 1.427117 1.525175 3.581368 3.4282932 1.7187283 22.209293 1.5232059 74.40427040140666 
Car -1 -1 0 732.3478820437801 178.42661493196528 891.3883961972012 285.9335473990881 1.5163466 1.627662 4.1364512 3.2672648 1.6286869 12.469034 1.5813663 98.7595907281056 
Car -1 -1 0 329.91591338944545 189.75051601225607 434.34807423358177 257.3660730081532 1.4921486 1.5231373 3.518016 -5.7309313 1.9688249 18.582443 1.589893 75.75375812298229 
Car -1 -1 0 803.9709174925745 186.85034639778144 1216.8624230755793 375.0 1.4167719 1.6694864 3.969902 3.276176 1.5896815 6.907802 1.5447553 80.79418940383766 
Car -1 -1 0 420.97086892573947 185.04114010063284 500.2710764793747 228.27654905825338 1.4477744 1.656013 4.279882 -5.5968657 1.9524708 27.6497 1.7036777 34.21204924484967 
Car -1 -1 0 653.7268003986479 178.13784034393976 694.3887889441435 208.96638037533228 1.4599288 1.5415908 3.677039 3.229494 1.742393 36.692852 1.5141057 24.80252354516288 
Car -1 -1 0 669.3797826896761 179.31061336974156 730.0743814154334 221.6412715292063 1.4792258 1.6406893 4.1366496 3.409329 1.748307 27.96342 1.5205854 18.334310547777772 
Car -1 -1 0 496.7517797205471 179.673552289045 531.9999353789585 206.6872269132149 1.4902008 1.5718495 3.8728883 -5.588091 1.9122648 42.718876 1.5719227 6.185002294744715 
Car -1 -1 0 646.3888727142254 179.6421619304205 685.9767111320629 207.42436502512902 1.5089318 1.5281068 3.4361427 3.2444348 1.9201607 41.893883 1.412331 0.9301674239678974 

