Car -1 -1 0 43.7194183455595 195.27555484317207 269.6155247088087 293.7120362989612 1.3986218 1.5715809 3.8755078 -7.567632 1.6017568 12.564118 1.5529356 89.0868766190997 
Car -1 -1 0 427.53542033596375 186.16224573930816 497.1763399273421 230.357240928272 1.4225001 1.6325071 4.469652 -5.0251694 1.4590113 25.481224 1.5552902 74.94180838433243 
Car -1 -1 0 286.29141697972335 184.83018934573 387.6861258075244 236.9017527367263 1.4062407 1.5917656 3.692032 -7.8630733 1.3958297 21.264465 1.5772247 18.975343225863764 
Car -1 -1 0 48.281837203447935 190.99637433332808 196.89014036133744 254.08134526802115 1.4673014 1.5891247 3.734733 -12.601208 1.6353774 18.986015 1.5057243 17.594515972132825 
Car -1 -1 0 572.6447011211054 182.18321694022166 605.1097019900151 211.04846225077628 1.4711401 1.65479 3.8356857 -0.9683187 1.3165873 38.56961 1.552647 19.031578002247862 
Car -1 -1 0 215.52573262111423 189.77652734174512 451.93759892718475 331.899984832962 1.4889889 1.6285882 4.1610317 -3.365448 1.5640367 9.74678 1.5690904 86.85859843184753 
Car -1 -1 0 358.50691075388767 186.60466009046067 418.4167426401032 223.68940727387235 1.4142443 1.539591 3.387741 -8.834045 1.4741333 29.269346 1.5267357 25.13465710719838 
Car -1 -1 0 387.67924780986857 180.36460008144755 425.13555559881524 204.74207270122196 1.5663407 1.6226261 3.888407 -13.404402 1.2546401 48.176044 1.5142502 4.434410300557399 
Car -1 -1 0 138.85243560804528 185.64079192999878 274.95059105689654 230.85836771352422 1.5161135 1.6136405 3.8199499 -13.805452 1.5313364 24.930378 -0.0029058354 3.285994014984354 

