Car -1 -1 0 682.7955698750197 181.47639482826963 776.1304935699926 250.81952588455698 1.476263 1.6157095 3.673161 2.818818 1.7095556 17.671783 1.5531187 106.70258845294464 
Car -1 -1 0 654.0669741895745 175.81213519977308 704.803611392023 219.94091941760468 1.612807 1.6540545 3.8365192 2.697341 1.7377384 28.550564 1.5756844 58.157244746188965 
Car -1 -1 0 206.87855622888344 175.9935216089661 423.3697472523784 249.58342041981106 1.5449154 1.6714404 4.201547 -6.517593 1.6197993 16.221088 0.07414294 110.52665551173514 
Car -1 -1 0 0.0 172.9087817640579 282.37276713729705 325.4217098067226 1.6061912 1.6799691 4.1577806 -6.323664 1.6069106 8.537955 0.047820892 84.30377675966191 
Car -1 -1 0 13.405017257073654 179.06626550229876 311.49995259772726 286.2830201441231 1.4989172 1.6103379 3.683326 -6.7782435 1.6031927 11.154725 0.08385632 14.76584454199527 
Car -1 -1 0 631.2338510553474 174.9497222655948 668.187187891139 203.2446149055335 1.6378069 1.6246383 3.9375262 2.4070632 1.7718847 44.115067 1.4595797 9.306577769066703 
Car -1 -1 0 307.58852706878207 167.5815930798013 465.43132465193906 231.33941451578542 1.7861931 1.7216436 4.0799675 -6.448269 1.6384851 21.140442 0.03235411 45.37875271396684 
Car -1 -1 0 396.5601649192329 173.40488329940268 507.22842555738066 215.271887630289 1.6065289 1.670037 4.1025267 -6.1944933 1.6291826 28.692204 -0.071508534 10.123407696907806 
Car -1 -1 0 636.6746000459575 177.13056573679532 678.248486393567 213.01267390144457 1.5965021 1.6034249 3.999516 2.2409396 1.8136405 34.610695 1.5383615 2.6563798298659713 

