Car -1 -1 0 414.9917113229421 181.9324343360703 490.0481587179448 230.67465914230428 1.3981943 1.553447 4.030914 -4.7671785 1.3040123 22.647688 1.5556965 74.6420212928298 
Car -1 -1 0 274.63893089146444 187.97588934252295 438.14558600607097 281.6977199171728 1.4162966 1.5927514 3.5672636 -4.2547007 1.4722471 12.770411 1.5934035 91.80136343494019 
Car -1 -1 0 476.906980655475 178.90529869370678 523.640953543466 212.5941403803776 1.4153821 1.5283262 3.501627 -4.696721 1.1502609 31.959003 1.5795447 41.92689176765434 
Car -1 -1 0 575.6997409608903 175.50765529760017 608.3024840136907 206.35749412037177 1.5289187 1.6163459 3.6223521 -0.797536 1.0477879 37.457077 1.5461326 18.177698804078886 
Car -1 -1 0 255.4573043483605 176.13880973446146 363.89535110799676 236.4128136381504 1.6022227 1.6319383 3.8456106 -8.56362 1.360938 21.043976 1.5554287 33.07962801922791 
Car -1 -1 0 461.44210055879597 171.75503474978086 494.0696916201393 197.38584640049694 1.7616451 1.6276376 3.6285155 -9.18408 0.836473 51.233055 1.5841665 2.854168418548876 
Car -1 -1 0 362.20533859161793 178.60319312976128 423.93862097504217 216.16818117996252 1.449821 1.5810089 3.9321856 -8.775659 1.1946113 29.75137 1.5150021 5.384938165323106 
Car -1 -1 0 13.563711953767553 159.42780250153777 205.01461752289123 250.74854514554355 2.0073428 1.784287 4.528535 -12.225943 1.440493 18.091736 1.5403311 9.803479538097058 
Car -1 -1 0 622.6386417138491 176.8872514979623 648.4626419868023 200.36432363443942 1.518887 1.584011 4.142821 1.8791729 0.98006475 48.579403 1.5713563 0.2516251802444458 

