Car -1 -1 0 204.7663929162244 179.0938066445347 380.48821248144617 277.65777572555595 1.661448 1.7222633 4.309837 -6.151478 1.8065125 14.60585 1.5545343 112.80873087571585 
Car -1 -1 0 335.7752779409901 179.43515552214487 438.7256281110313 242.9651437496187 1.6465112 1.7062953 4.200914 -6.3961196 1.859503 21.244284 1.5791398 38.4361407731943 
Car -1 -1 0 521.8905306766028 178.91390889679508 555.8075544989447 206.79210750561685 1.4234272 1.758348 4.0973196 -3.857026 1.7759084 39.862785 1.4992589 19.783671189210132 
Car -1 -1 0 1057.8081710380468 149.70604968214067 1242.0 205.3340252972915 1.4785173 1.6251957 4.195368 15.5969515 0.8632756 21.049278 0.61322206 47.373254806207456 
Car -1 -1 0 434.924288258514 183.36749724758337 487.26551630668723 219.3609647488798 1.4534993 1.5620279 3.6448483 -6.52425 1.9467808 32.028656 1.5742311 16.026820240391068 
Car -1 -1 0 493.8425441201192 180.04416899449265 526.4415131784612 204.74818290855893 1.4930152 1.6673467 3.9759707 -6.401085 1.9792709 46.78643 1.5439463 4.630705528958827 
Car -1 -1 0 633.5743661179898 173.79943152148226 656.2294012291175 194.98451177292714 1.510679 1.5852575 3.8522758 2.5934596 1.58342 53.570213 1.5950179 8.423183332545909 
Car -1 -1 0 695.8605733534539 163.54875403012988 761.2042201866084 189.53161132781167 1.7594489 1.6492252 4.202504 8.171038 1.1293368 49.760246 -0.036514655 2.7970806714771723 
Car -1 -1 0 853.7813563454758 153.2110088506161 892.0018300890055 178.54727750285767 1.9245569 1.6305921 3.5328188 20.609121 0.43246418 56.596115 1.5438763 5.15049855489274 
Car -1 -1 0 715.2630401457071 167.88253912874882 779.4813122381071 192.69399166430276 1.5682671 1.6825386 3.8005514 8.841146 1.2540338 46.477943 -0.015927948 0.9387771251838896 
Car -1 -1 0 1141.9886085028295 144.1245094748181 1242.0 172.0739068043598 1.455055 1.5713573 4.3075633 31.117287 -0.042690516 38.550785 -0.07033178 0.5023682590770538 

