Car -1 -1 0 668.0530080895444 181.55403130870118 743.3217429715752 242.42612437857306 1.4996731 1.5845597 4.0826097 2.6114848 1.7702749 20.40102 1.5708729 88.31568962233048 
Car -1 -1 0 44.87247299477683 194.08248148678564 360.8700432653951 374.00226051525357 1.5325649 1.6225803 3.9376051 -4.413731 1.8441613 8.603037 1.546597 136.26194223478942 
Car -1 -1 0 761.9588078633222 188.42583677334827 1004.8522783115909 360.9545121945969 1.52725 1.5507772 3.3387167 2.8914008 1.7437043 8.359173 1.5722319 124.32663196236476 
Car -1 -1 0 452.3158264961737 183.9336229331108 513.8940506516103 228.95809290079572 1.5057017 1.695316 3.8099704 -4.648814 1.9496605 26.992958 1.5539875 58.01977209725959 
Car -1 -1 0 718.4208827298569 186.3466865490166 852.6545864124724 287.0296263926014 1.4996583 1.4963608 3.2964828 2.9871173 1.7715219 12.866723 1.5385382 73.4073722011424 
Car -1 -1 0 481.5003441434582 177.44886532421737 526.5849793972402 218.57905957444325 1.7262335 1.5851526 3.7217307 -4.706338 1.9457166 32.584503 1.5442455 28.625978690447873 
Car -1 -1 0 218.4821273459889 182.02705366479614 374.1604281258558 231.22817721830623 1.4420819 1.5546243 4.126307 -9.579695 1.7355843 22.269617 -0.019218227 14.650489689767834 
Car -1 -1 0 658.0639770590672 179.7982695986745 714.3376821138706 224.80214422502672 1.5139686 1.5640805 3.4994326 2.7589889 1.7871553 26.604025 1.5285363 21.476122821401425 
Car -1 -1 0 644.883133054933 180.12243883431486 686.6558778038215 214.4719696786938 1.547429 1.5890592 3.5893676 2.684427 1.9195564 35.110386 1.5228354 0.37837275862693787 
Car -1 -1 0 532.9995465532604 178.99607869504356 556.5753752316517 194.29057060352082 1.4658521 1.6374967 4.0936193 -6.5913196 2.1068525 73.108116 1.2917917 0.25687137246131897 

