Car -1 -1 0 646.5605643988185 176.9731144257165 685.8832688660614 210.41027368859014 1.4597871 1.5736027 3.7367678 2.6060686 1.6636419 33.835545 1.5771699 39.137023513841115 
Car -1 -1 0 687.0540550522231 181.71274601765793 790.4393236662738 254.27875658096517 1.4219782 1.5737445 3.623377 2.814324 1.6463145 16.430338 1.5308352 40.08860622275058 
Car -1 -1 0 713.1969798612007 166.4435196150321 916.4557486359785 316.379416759092 1.8000073 1.7030225 4.3164015 2.7860305 1.7230483 10.847288 1.5378246 114.39158564651862 
Car -1 -1 0 666.893866072291 177.8431932909506 740.3364205172392 233.45626643625332 1.5052003 1.6524715 4.0482836 2.7561388 1.6709058 21.92919 1.5572016 49.09232729767553 
Car -1 -1 0 2.332541185111265 189.4841450021649 332.43697094783306 301.05944515615744 1.4297059 1.5617818 3.865808 -6.230097 1.6904148 10.412545 0.061877716 53.94762554054137 
Car -1 -1 0 96.68969090397499 183.1535793178887 360.4487674163571 272.20544574415106 1.4782307 1.6018723 3.8967938 -6.7065096 1.6752459 12.984177 -0.00863952 28.949808213223264 
Car -1 -1 0 193.4997446253929 176.38643453696434 401.3301415487476 257.9734670050496 1.6097646 1.6019596 3.6837935 -6.4428387 1.6883605 15.182953 -0.038409196 41.597696820222815 
Car -1 -1 0 399.5754342684424 175.58284826137285 507.5230657756419 210.8809308477298 1.5112084 1.6942984 4.513123 -6.860409 1.636482 32.08751 -0.08527333 10.573696200880141 
Car -1 -1 0 359.7098064846642 173.01781004953023 483.060486796147 221.7927410602483 1.5982406 1.6497405 3.7429647 -6.3374615 1.604017 24.5466 0.0391379 22.187847796726306 
Car -1 -1 0 239.90129338984408 169.36831068769777 444.53965618294376 244.19086623986976 1.7277392 1.6802729 4.352898 -6.373433 1.6472505 17.536808 -0.016378334 34.01849383431459 
Car -1 -1 0 638.5897943519432 174.38267051758885 666.4900309777659 200.9332146495979 1.5671842 1.6542037 3.7614348 2.6513662 1.666028 44.73292 1.6236908 2.689381375618994 
Car -1 -1 0 511.15061678157906 174.5861978750542 537.8555426898687 198.95150120578808 1.4735553 1.5783395 4.0048923 -5.3837934 1.5889328 45.995205 1.4816543 0.30363404750823975 
Car -1 -1 0 441.5029244796326 173.3186981513479 520.6031970691541 204.60422664285113 1.5686572 1.6143386 3.788889 -6.5510216 1.593052 37.040543 -0.016192198 0.2904900908470154 
Car -1 -1 0 532.5380376918462 175.56890633452767 556.511002484036 197.81440465884987 1.6361098 1.6684042 3.5465014 -4.955875 1.8510513 55.31687 1.5271226 0.25796908140182495 

