Car -1 -1 0 730.9565035246195 187.80478319574493 919.5502054042191 314.5890417226839 1.512172 1.6293092 4.412045 3.1008272 1.7928343 11.33594 1.5670385 114.03383277991755 
Car -1 -1 0 385.3021053199831 193.02059276665898 495.89840650498485 274.7175939201429 1.5242931 1.5757749 3.8078446 -3.6757197 2.033791 16.31768 1.5806344 95.0231385302493 
Car -1 -1 0 700.7044158746072 185.23767380379826 794.5517123589519 260.29162375941945 1.5090551 1.5633792 3.619914 3.1213193 1.8309189 16.931135 1.5869405 66.04285896415146 
Car -1 -1 0 276.7462054928219 195.23135045945892 437.1798980964118 316.90589366725834 1.5502565 1.5498112 3.5200708 -3.881811 1.9678812 11.661404 1.5089946 92.11615023587834 
Car -1 -1 0 638.3104099376673 185.1366694277891 685.5265004803758 216.94507459282218 1.544815 1.5969756 3.3376708 2.7273078 2.2264504 38.238743 1.3492146 20.48299743489044 
Car -1 -1 0 554.0390849287807 185.59935182932432 595.7681970886913 202.19812192776294 1.4566576 1.5502908 3.7835302 -3.2449608 2.6894603 67.96097 -0.7201201 24.35445953986582 
Car -1 -1 0 601.7554010730119 185.13587808517372 628.605901977918 207.6339705445623 1.5251 1.6150737 3.753602 0.44600797 2.4603481 52.99299 1.6758529 4.038158195578203 
Car -1 -1 0 757.1565492014754 183.66335372465124 856.3129895256583 222.10241105611422 1.5233341 1.6411984 3.874255 8.216742 1.9948583 30.350735 0.1630095 3.849797113854312 
Car -1 -1 0 619.6723889760358 183.15816154360266 662.6998239782014 201.2020276103081 1.5081036 1.668047 4.1642904 2.8746805 2.4648619 64.86686 2.2717633 1.5723837584947067 
Car -1 -1 0 940.1990044254413 158.84468826998534 1084.4043632049788 205.23407318706109 1.4815534 1.6156108 3.8949125 13.36643 1.0341332 24.143654 0.1554951 1.2562436637175447 

