Car -1 -1 0 0.0 195.19387630070102 323.0109959909315 375.0 1.5130799 1.6332247 3.9793928 -4.7637568 1.8235073 8.022686 1.5534496 114.7990583982158 
Car -1 -1 0 736.8640809929527 179.35642675773073 883.1193400280008 271.7894825648598 1.4664282 1.6302414 4.1724477 3.630722 1.6098938 13.83028 1.566999 90.42453866336548 
Car -1 -1 0 271.94937562325083 186.97512385423948 431.80986015066554 283.82480787475953 1.499743 1.6338991 3.8501632 -4.667647 1.80496 13.665709 1.5765724 100.60155631260646 
Car -1 -1 0 374.1869055816338 186.25549272785662 480.79750307136857 249.8867894569584 1.4049208 1.6377034 4.288599 -4.638407 1.7980627 19.004297 1.5937213 67.00274707566263 
Car -1 -1 0 500.8893763547986 177.85914633979604 544.4983093799641 210.72938764170442 1.4892462 1.5193923 3.3613183 -4.15693 1.743562 34.938683 1.6309495 36.06725440305272 
Car -1 -1 0 812.9234144761602 183.5036614554942 1083.8770367140758 343.2221353637186 1.4656258 1.6206827 3.6092095 3.736144 1.6206481 8.683413 1.5898223 93.4172147979925 
Car -1 -1 0 699.5313691555031 176.63262334925454 763.4894949231829 225.6955738174471 1.5267348 1.5939662 3.6695592 4.072645 1.6651068 24.579548 1.5811765 27.800463521595315 
Car -1 -1 0 708.5745801680298 177.64969308721348 801.7553177194396 241.14739579130145 1.4780095 1.6415886 3.901624 3.7184837 1.6176286 19.048567 1.5620779 43.78602186523468 
Car -1 -1 0 686.3943023039294 175.44403917115062 738.6788079915068 216.95484915944496 1.5916096 1.6102167 4.0880227 4.202989 1.7065415 29.969433 1.5764873 4.641388790898349 
Car -1 -1 0 1080.5723445320546 169.92205535862328 1223.6936939339394 217.34463522729783 1.4693288 1.6461239 3.8748734 18.148443 1.378486 24.375786 1.4545044 3.203396942660149 
Car -1 -1 0 516.0752275194246 176.0859891407843 554.9780525248993 205.745652850345 1.5229249 1.5973632 3.8583837 -3.994686 1.7083181 39.431953 1.6071014 4.435818413881692 
Car -1 -1 0 583.7140548107893 175.62938315996325 629.3847609268381 190.12011775605944 1.455606 1.6346979 4.5837293 -0.28577328 1.7429905 73.775955 0.053044323 0.9364309768154553 

