Car -1 -1 0 724.5087325391236 183.41447753589716 812.946146833053 245.81380927868102 1.5169038 1.5776947 3.5214887 4.288988 1.8346189 19.925598 1.5428613 57.47241722896431 
Car -1 -1 0 759.1423614263762 190.18678015039416 900.313256261262 280.4196476166961 1.4262626 1.6597178 4.093115 4.1525416 1.8189037 14.273028 1.6027639 75.85276484265377 
Car -1 -1 0 490.1747730580248 186.05173602521916 549.2165590617966 226.88826555677525 1.5209559 1.6541228 3.7769442 -3.6753144 2.1073895 30.100895 1.6686077 34.815051618762354 
Car -1 -1 0 712.4324609421046 183.31731003396314 771.9369157133774 231.15678311633252 1.4769175 1.6147153 3.831656 4.533026 1.8694654 25.102798 1.6396819 24.24983392689479 
Car -1 -1 0 700.4350396348275 184.11784863064173 747.7808952046951 222.16348445754878 1.4606547 1.586137 3.5087795 4.7906446 1.965377 30.545235 1.6128616 9.168135712431878 
Car -1 -1 0 524.5326136378737 185.27641454194793 573.3234365943582 219.03042461403737 1.5189121 1.5515335 3.9417424 -2.9678116 2.1752148 36.054794 1.7227662 4.405040382068285 
Car -1 -1 0 680.6868344563653 182.27671199431154 726.4633852187334 216.25079940054988 1.5218866 1.6798213 4.183627 4.5704927 2.0139983 35.584457 1.5625441 2.4658099392503745 
Car -1 -1 0 574.3537494120292 184.13663230555932 602.8817820415709 205.20956864100438 1.5534708 1.6188829 3.6969333 -1.6273303 2.4788623 57.229595 1.7239314 2.59555070223007 
Car -1 -1 0 824.0841316784458 156.1933160142903 1242.0 375.0 1.8207481 1.8151183 4.6280336 3.9219708 1.693764 7.8147364 1.5693426 17.411523743848026 

