Car -1 -1 0 628.6069243129746 180.3003209173131 682.2348446116686 218.0058883774954 1.41275 1.5795176 4.2555523 1.8368784 1.7459567 30.094028 1.4755654 47.82266734065706 
Car -1 -1 0 773.9348323790215 187.44465345237953 1010.4061325883488 265.07418280461815 1.4287941 1.6027803 4.1493893 5.5867233 1.7415963 14.547548 -0.058423854 64.05682647102617 
Car -1 -1 0 836.1894501122146 187.6843340167211 1114.4775820253649 287.7791902603513 1.452901 1.5475769 3.7270489 5.7644434 1.7099805 11.621731 -0.060979635 88.48147343031209 
Car -1 -1 0 0.0 177.94898559709253 297.04042730795857 302.2978677768712 1.6131941 1.6897612 4.0727654 -6.929652 1.6943246 10.466941 -0.08900475 101.58072525276943 
Car -1 -1 0 367.11852776850776 179.07218287915396 486.94396632082965 220.2747627235452 1.4697134 1.6042805 4.039696 -6.747566 1.709307 26.904943 0.047289383 30.31308371636309 
Car -1 -1 0 937.1213931711841 187.32022277302727 1242.0 320.3706028153599 1.4717189 1.5833712 3.8066978 6.4091578 1.6753473 9.175486 -0.101779014 37.499766232518084 
Car -1 -1 0 766.9548836990892 172.65893930580393 952.0665488699643 251.04379924453727 1.7337098 1.6390678 3.7519975 5.758769 1.7293954 16.88638 -0.05830967 27.966510670580895 
Car -1 -1 0 340.06988331121147 180.4775794246718 469.2478262429431 226.15498059085553 1.4657626 1.5882859 3.8843074 -6.823859 1.7309804 24.267025 0.020956054 23.52659587799255 
Car -1 -1 0 61.217959660384196 160.22331469226293 355.4156013911955 271.65859723643155 1.8732165 1.6939305 4.356765 -7.0683722 1.6608958 13.047493 -0.03306271 72.60278011303798 
Car -1 -1 0 381.2752438931627 151.51836818665885 423.51123061437886 177.0073965688673 1.7843982 1.6981968 4.120318 -15.0483885 0.29076457 52.61679 1.6267842 0.5989700555801392 

