Car -1 -1 0 124.340671253058 183.9470086451206 297.76813379796755 261.59815791502757 1.4433392 1.5895969 3.7698936 -8.176797 1.4197575 15.249975 1.5749768 110.81701301029483 
Car -1 -1 0 338.50923868124386 179.30366333304656 462.38455693196147 263.3359254763514 1.5101283 1.5738853 3.4588563 -4.065973 1.4038842 14.658776 1.5567019 112.00209013646507 
Car -1 -1 0 470.22376617273045 180.44949006318888 525.7457176771344 219.1772906468392 1.3813667 1.5823412 3.490943 -4.0931826 1.2113627 27.38669 1.5715873 38.44487639457148 
Car -1 -1 0 656.584330903271 178.23224059357293 698.3195530308652 211.39135860864923 1.4050165 1.5189896 3.4197454 3.0949297 1.1091138 32.172592 1.566314 25.971590427193412 
Car -1 -1 0 593.5410087058414 174.7012592042026 626.550753051246 205.84074629377955 1.5194829 1.611426 3.5120852 0.16663979 1.0064201 36.845825 1.5865496 31.542001065618678 
Car -1 -1 0 515.0379365877575 175.60401406011684 551.8048632790989 203.80804028156643 1.4303303 1.578824 3.7862139 -3.8871834 0.9428863 38.35023 1.569169 13.752990827253175 
Car -1 -1 0 301.91238670319643 165.96499825730956 392.46443191833725 224.43973814470434 1.7499179 1.6401397 3.7773294 -8.34931 1.1738205 23.415398 1.5531031 48.18277231540687 
Car -1 -1 0 622.8943332273343 175.6517332112214 644.3653197580363 193.53030245009526 1.5180427 1.5892513 3.656204 2.2864082 0.70598066 62.897945 1.5272632 4.5191075296827545 
Car -1 -1 0 445.7159437617859 175.67449440771912 484.92104086186674 204.86704250653227 1.5122538 1.5538161 3.6104794 -7.661624 1.0179933 39.073868 1.5303727 4.437292067998168 
Car -1 -1 0 576.7442159081038 177.099994365487 613.627456419809 201.69252347658875 1.4614122 1.57723 3.5603764 -0.7043406 0.9791361 44.61714 1.7654061 2.9172938494769185 
Car -1 -1 0 384.514168246706 167.32822488928608 449.47228063567957 212.52938980549885 1.8600515 1.7029456 3.9065573 -8.26406 1.1239727 31.562302 1.6046782 0.7812674164734188 

