Car -1 -1 0 628.8170524270113 179.43232137345282 683.6963814748017 218.83386624490544 1.4320464 1.638325 4.261467 1.8073834 1.717639 29.139502 1.4967439 53.54295263069288 
Car -1 -1 0 855.350833939663 185.38709544741235 1166.9045277230343 296.7309560932034 1.4707329 1.566694 3.7827125 5.7934327 1.6718638 10.658609 -0.07377105 73.40389111922364 
Car -1 -1 0 784.1933048489474 188.12435247943873 1038.1752592157443 271.69460299233685 1.4236593 1.5896561 4.1326303 5.557702 1.7306201 13.568863 -0.0689566 68.11251899701307 
Car -1 -1 0 974.8000686458337 188.59086458674054 1242.0 339.96257560932236 1.4767554 1.5446476 3.5173914 6.276087 1.6767542 8.204917 -0.112612344 43.531535097063546 
Car -1 -1 0 0.0 177.7573899865751 266.9887684734065 317.65421491037705 1.6311166 1.6819179 4.078835 -6.951564 1.702602 9.501594 -0.088309586 75.73552395459231 
Car -1 -1 0 359.0726368562683 180.12506068804146 480.9984659711739 222.88030148965058 1.4651772 1.5893335 3.9394345 -6.7242575 1.7339995 25.843071 0.019695219 23.42368629995018 
Car -1 -1 0 770.6760666329183 171.85542179322834 967.8212845423606 256.1313263981325 1.7488174 1.6322832 3.747953 5.6272106 1.7280958 15.901059 -0.060722567 20.402029293612568 
Car -1 -1 0 20.92168781720505 159.30104329993085 341.67059921003903 280.92275788942123 1.8831625 1.6881311 4.346109 -6.975071 1.6733116 12.098507 -0.038173597 41.47702348866667 
Car -1 -1 0 323.76739274927513 178.41281658653688 458.9604854825594 228.3397397426558 1.5434482 1.6015263 3.8818064 -6.9683805 1.7291303 23.293653 -0.0037344554 13.524206400304116 

