Car -1 -1 0 716.8439193732944 183.49183549466375 905.7683859132919 311.02352123606914 1.5039374 1.614791 4.3898964 2.8134828 1.6998925 11.084097 1.5554819 120.24701698009031 
Car -1 -1 0 297.1126235089459 194.9700096146854 467.49775367809076 310.17146194175814 1.4784905 1.5877045 4.0657077 -3.5637684 1.9111276 12.078454 1.5663155 117.00937008576696 
Car -1 -1 0 691.3669117995274 179.59125896781984 797.0426171960096 253.70781491016342 1.5093974 1.6442976 4.400233 3.0702648 1.691705 17.31064 1.5536357 92.7438813399425 
Car -1 -1 0 452.0297146258492 186.8882392238759 524.3756056235221 242.86447786305135 1.5081325 1.528338 3.7893362 -3.6577082 1.9791644 22.30728 1.5910219 58.129606246757916 
Car -1 -1 0 678.1020486254679 178.95595999939394 743.216363035414 232.00556707238965 1.5139219 1.5682458 3.739573 3.123788 1.7234286 22.89806 1.578115 43.33212886927882 
Car -1 -1 0 400.6209810787863 188.38798653696222 490.722031188991 261.3457212701806 1.5328956 1.4666244 3.3357759 -3.88149 1.9467947 17.54942 1.5599024 48.669799746339194 
Car -1 -1 0 633.6455924021342 178.36527597704003 675.2096206029006 205.2850484754305 1.5567008 1.5962694 3.5463216 2.7174814 1.9105347 44.41517 1.3395303 14.414197187396944 
Car -1 -1 0 597.9012613007131 181.60908025935794 623.0845246157907 201.21974426551157 1.5011939 1.5583818 3.8988175 0.044512108 2.2428243 59.08553 1.4389317 6.127514270765071 
Car -1 -1 0 880.0631045379827 153.47857291851219 988.9993135064278 190.91091628563413 1.4938098 1.5881913 3.8365312 13.3802805 0.7205959 29.892385 0.16479668 5.2986372819337975 
Car -1 -1 0 560.1773508632278 179.36841388460797 600.0489486658113 195.29705132842224 1.5598543 1.5629544 4.0001726 -3.0048432 2.2463248 74.12618 -0.7211361 1.8899604117228659 

