Car -1 -1 0 355.99005068378614 188.48419179111582 451.1797922519892 248.10989483869102 1.4632062 1.5830271 3.6857026 -5.7439985 1.9485246 20.542921 1.5942082 77.8032761042251 
Car -1 -1 0 248.93434004479624 191.63389813635385 404.28136107129234 280.0163844439447 1.5076579 1.638489 3.9652967 -5.7325683 1.9542202 15.157635 1.5920687 82.42851650487317 
Car -1 -1 0 407.43570900331304 186.23694140053587 479.07009269593647 233.59943983517252 1.4689457 1.5619981 3.7571583 -5.7506714 1.974344 25.349895 1.5971761 36.08795363143735 
Car -1 -1 0 796.1074459770713 155.5822478189555 923.5398842876756 196.79365081495337 1.5024636 1.6887525 4.210821 9.343722 0.872779 27.155272 0.0025917643 58.387903673320096 
Car -1 -1 0 663.7260152295513 173.35669567939888 706.2090664519637 208.14375823100374 1.5029459 1.5340412 3.903587 3.410699 1.5274266 33.18412 1.5676349 12.08288844069941 
Car -1 -1 0 449.31636568307965 184.45033291327314 504.07214356973077 221.45258591396973 1.4386499 1.599715 4.0274515 -5.6952934 1.9748621 31.342167 1.5807788 24.88037167518609 
Car -1 -1 0 1055.264617106577 141.8870904709563 1155.3651559171913 174.32682066898298 1.5122769 1.5682962 3.7273984 23.62747 0.06865984 34.463005 -0.022741642 14.519434138105503 
Car -1 -1 0 485.228144676608 181.77880122342305 531.085093511817 212.19018850343164 1.5001068 1.6015289 4.1464734 -5.412795 2.0084405 38.968735 1.6470478 11.033040846946152 
Car -1 -1 0 771.8481286870119 159.91227441174905 867.5189331933326 194.9149070509137 1.5100355 1.6170859 3.762953 9.331879 0.9517212 32.171753 -0.12917069 7.343329094254706 
Car -1 -1 0 732.2506206345847 166.45908578378052 783.1647486182718 196.7792990720984 1.4297945 1.6656252 4.3605633 7.357107 1.1282327 36.20672 1.572309 9.12066634451548 
Car -1 -1 0 1131.9908317933007 134.15010832810876 1242.0 178.16972783692765 1.5491707 1.6158447 3.7809405 21.934175 0.18707485 27.284576 1.5692817 10.249729160223989 
Car -1 -1 0 657.4498779751146 174.77580069800638 692.8063001568569 204.92997120779552 1.5245969 1.5716977 3.7160697 3.4603276 1.6323149 38.580513 1.5760748 7.489595236499532 
Car -1 -1 0 509.1933551205912 169.3389045483791 525.2427104455307 184.3094092740371 1.5544314 1.6159694 4.1144695 -9.885019 1.1894484 77.07323 1.4228822 0.5879352393115594 
Car -1 -1 0 797.8093115102484 154.7954870980203 911.9486483437845 193.43971477567214 1.5141995 1.6387548 4.048054 9.849385 0.80661136 29.146757 -0.027486242 0.267917252999784 

