Car -1 -1 0 699.2056702231504 179.55493340375622 922.1341302890662 343.87175029095624 1.6971939 1.6531847 4.277806 2.4097779 1.8084913 9.80719 1.5215243 164.07001067814994 
Car -1 -1 0 4.756334123276335 204.73411276517055 428.69319982903613 375.0 1.4332178 1.5584874 3.619038 -2.7733335 1.7815663 6.0649357 1.5833831 90.79494653596316 
Car -1 -1 0 241.36671215302079 193.46113750064885 426.84624798394293 257.82123946519835 1.4603598 1.5944074 3.9582117 -6.687593 1.9921181 17.767973 0.027336363 32.82449641819874 
Car -1 -1 0 631.7557806737772 186.14390946097976 661.9886100375883 214.6729230876638 1.5678197 1.6029677 4.0095806 2.2091374 2.4065747 43.530262 1.5673232 12.433893299163033 
Car -1 -1 0 91.4708021593791 193.88893322881492 352.993884935152 285.84559801026836 1.4761037 1.5840492 3.8332465 -6.7969646 1.882824 12.987271 -0.09158879 106.86261369408932 
Car -1 -1 0 272.9606670923043 191.32696950031732 423.37215231025453 248.8110200306208 1.4850627 1.5710704 3.627937 -7.239802 2.0251956 20.167517 0.08092318 8.872588549337388 
Car -1 -1 0 383.20163236231207 190.11690920067377 499.07213165412026 231.34537673115906 1.4893498 1.5848323 4.0625944 -6.450179 2.1786606 27.84332 0.08796492 11.669366107297975 
Car -1 -1 0 406.2100222941984 189.21217694959446 500.8091854184652 223.29152103925972 1.4760208 1.5749753 3.9537091 -7.100901 2.2455583 33.03365 0.06261576 2.59255583173695 
Car -1 -1 0 494.52054385302273 187.88040684162726 536.8868569200725 218.56827831328565 1.4816437 1.6888785 4.1722236 -5.010805 2.3373237 38.989758 1.585471 1.1358837522751901 

