Car -1 -1 0 703.5401055037527 177.3153848550533 862.5145186679291 282.33853691119106 1.4735134 1.6223444 4.3571687 2.7685344 1.564414 12.505659 1.5490923 89.2218222879462 
Car -1 -1 0 74.1743881513771 195.79330199967063 405.08259819289384 375.0 1.4953026 1.6404357 3.8285193 -3.5431154 1.8035712 7.77159 1.5577967 123.90629297527718 
Car -1 -1 0 331.9175641847719 188.90608973970387 477.0679703684681 288.0645579900332 1.4866323 1.5789025 4.0151615 -3.6283603 1.8311785 13.477767 1.5683466 117.89066973526333 
Car -1 -1 0 776.8687851672404 177.4881843851871 1149.9446654590479 375.0 1.5273814 1.6262723 3.71741 2.7748382 1.5819962 6.6403923 1.5762103 80.842821698484 
Car -1 -1 0 682.7351468944452 170.53025669063092 778.6008551796907 239.1893756435823 1.5782964 1.6777015 4.416215 3.0117087 1.5248795 18.810356 1.551275 49.467539019786784 
Car -1 -1 0 455.52521483134626 180.42605762077298 526.4844143655215 231.56141522414552 1.498751 1.5493275 3.900008 -3.8019285 1.7683715 23.713005 1.6102012 43.8221532844308 
Car -1 -1 0 669.5820613904326 170.40276859583474 730.2621742963184 219.95004368992284 1.5516833 1.5817962 3.577057 2.979531 1.4749174 24.39007 1.5644538 33.93034413853407 
Car -1 -1 0 414.8829939353443 182.13950082960326 497.0059574253897 246.4795611466807 1.4956198 1.4955707 3.3774598 -3.9409578 1.761596 18.965864 1.552609 32.20937971234921 
Car -1 -1 0 623.192783820071 171.93718163497996 675.364491841714 197.28011975430914 1.536941 1.5941643 3.8314362 2.4741697 1.4813397 45.826607 1.0973206 7.022996585964452 
Car -1 -1 0 592.326576429405 173.5062531071536 621.2409799476058 192.66806135237445 1.5474032 1.593165 4.096735 -0.2696785 1.6041362 60.58755 1.3526558 1.0694185898425732 

