Car -1 -1 0 360.6756916428866 183.62618816590827 520.3177704055174 282.83213456138697 1.4438077 1.6697893 4.485126 -2.8692906 1.6762025 13.281647 1.625027 136.32005827395628 
Car -1 -1 0 712.2798802600944 185.4551205666701 851.5285082688089 282.0840121710762 1.4636252 1.6148683 3.803897 3.0045533 1.7300619 13.342171 1.5556653 85.6988070215866 
Car -1 -1 0 797.552796929727 180.3973369100278 1231.042238246641 375.0 1.5913932 1.6514276 3.9943917 2.9975634 1.6794736 6.4184403 1.5824215 114.28966516519075 
Car -1 -1 0 512.0348735729772 177.23248398414555 559.9107961327171 218.91218138724673 1.5112495 1.4655333 3.1790445 -2.8144054 1.6915643 28.107046 1.5958143 41.36217798662173 
Car -1 -1 0 685.4208799100227 185.5678719861501 776.9351284530908 248.21531316454508 1.3561172 1.6033311 4.368252 3.0135865 1.7241861 18.69833 1.5629872 36.14381227813294 
Car -1 -1 0 665.3432080050486 179.87843615615031 709.1056220705373 214.00754144716342 1.4117211 1.503756 4.148944 3.4661484 1.7511523 32.784218 1.5612245 20.893602284727102 
Car -1 -1 0 447.4759073857476 176.95480316972765 534.5853881575521 243.8233458635126 1.6033902 1.6151756 3.7518234 -3.0812907 1.7246633 19.43626 1.6041415 35.34588092349808 
Car -1 -1 0 653.779566151151 175.52351328514993 676.6883002320503 197.2621724449686 1.5201911 1.5262265 3.477154 4.034964 1.721535 52.655895 1.6069818 7.995821645617626 
Car -1 -1 0 535.5345817038846 177.40381110978282 577.2310506722964 210.74328772014997 1.517539 1.5915613 3.8131745 -2.548616 1.7524583 35.31382 1.6168433 4.028976274832253 

