Car -1 -1 0 708.1082783651955 186.90227857801978 849.8559585838723 281.27643816338065 1.3531636 1.5577276 4.0488324 2.8508444 1.6455529 12.984221 1.5592512 100.88444170669864 
Car -1 -1 0 678.7852116649899 180.20918423009152 748.2303147839816 231.0127089288484 1.3751451 1.5687554 4.1108227 3.0973096 1.622325 22.187653 1.5773509 63.11107864307124 
Car -1 -1 0 552.8991386490554 176.59560735693978 586.4983901616565 206.09335191848535 1.4272208 1.5633932 3.528865 -2.0100389 1.628952 37.131214 1.5623083 23.957624085395906 
Car -1 -1 0 180.8823254985395 167.1759940256398 425.50294731775216 260.003030885734 1.7146456 1.6444886 4.1392984 -5.922716 1.6097648 14.240407 0.04405374 76.39807393184772 
Car -1 -1 0 650.0531894791808 171.07064508330177 689.9222097059871 202.770382383399 1.7045739 1.7214962 4.264622 3.373285 1.6086782 40.968098 1.5253466 26.280360349759494 
Car -1 -1 0 351.9657554082499 181.70313790428048 491.2934842973657 231.25888866054905 1.4381855 1.5615745 3.8487108 -5.7190604 1.7216848 22.19284 0.07513518 25.247288794556646 
Car -1 -1 0 309.89988657692015 181.52788907752475 483.15989351562126 239.62289662413286 1.4741822 1.6271777 4.2030163 -5.69963 1.7211088 19.569878 0.07596186 27.662791299204695 
Car -1 -1 0 488.86613715208927 175.10307599183886 550.5054156500507 201.0197855264075 1.5445786 1.6493849 3.6758177 -5.460855 1.6852505 44.150867 -0.08566137 19.302490597499734 
Car -1 -1 0 395.5437329151047 173.7869276294125 510.9614706291483 214.38361223344256 1.5429872 1.7014799 4.2783384 -6.0928345 1.5811877 28.508251 -0.088562235 16.72518538639281 
Car -1 -1 0 223.5770797459234 173.9941848631058 411.8010356351048 248.93600829422422 1.639918 1.566776 3.75484 -6.6544595 1.667866 16.751894 -0.081915654 0.8577695331807655 

