Car -1 -1 0 39.58555221355749 195.42596478937057 404.80083078101205 375.0 1.4244553 1.7315081 4.526092 -3.6979775 1.7454333 7.968544 1.5358989 135.52892068022814 
Car -1 -1 0 359.34714270007186 189.50835052495918 473.59025122977584 270.5381570489581 1.4474249 1.5233865 3.4492772 -3.9653018 1.8411653 15.329086 1.5644509 87.99862870521775 
Car -1 -1 0 646.4632684896667 179.3632666303957 695.407695132017 218.00721496479707 1.4478182 1.6431508 3.9650164 2.458769 1.733638 29.692823 1.5619553 58.36269679612364 
Car -1 -1 0 783.4835464084849 167.80523855159777 944.132164572785 217.80129147810578 1.5061696 1.7154825 4.4402947 7.9003825 1.3540716 22.668135 -0.033333257 55.522855263437684 
Car -1 -1 0 356.45902052119095 189.27047168247086 442.7687091834256 239.22161664017528 1.3665943 1.4739085 3.8523257 -6.5749626 1.9341056 22.985287 1.616791 18.107995266383824 
Car -1 -1 0 733.5897805395316 167.61740330458792 840.464444078585 203.09554464475897 1.5221882 1.6753312 4.28805 7.7922535 1.297512 31.901014 -0.04985377 22.244710957695496 
Car -1 -1 0 767.6938268574269 158.79517419810497 893.4776576861414 209.41905513137053 1.7398956 1.6661625 3.9611213 7.8336325 1.2567067 25.769445 -0.070677966 27.03184416703568 
Car -1 -1 0 443.2523071119164 183.12354107958296 491.6832486475427 220.7306559447427 1.6004803 1.6037188 4.0123787 -6.597439 2.1111424 33.847824 1.5381473 10.521906329412095 
Car -1 -1 0 1015.4885651316326 151.70575000886163 1122.1307731740333 183.56323272918652 1.5095258 1.6548558 4.193936 22.299648 0.507443 35.11934 -0.04951547 3.7853650717644785 
Car -1 -1 0 947.4533636334058 155.8689319913777 1029.313347935427 182.95608354477193 1.5262202 1.621244 3.8496206 21.756195 0.5691997 41.533466 0.035573054 3.3347227986998917 
Car -1 -1 0 974.7978532506285 153.7724135980556 1063.6837929159265 182.6921849787921 1.5037324 1.5898427 3.8758097 21.776289 0.5115529 38.426334 -0.05950418 4.245877638628997 
Car -1 -1 0 481.80921609643434 181.96047825295457 515.6514866346048 207.9704917315995 1.506983 1.5592741 3.758247 -6.8692775 2.0988288 45.009296 1.5635724 0.9030309650711511 

