Car -1 -1 0 119.0876948211409 201.41474401755806 326.5933853582566 319.1058821808569 1.4725428 1.5087826 3.4667356 -5.974165 2.0011554 11.61362 1.5607433 118.1614165711246 
Car -1 -1 0 288.02358298867335 194.51229758397284 417.84764159651485 266.76135565108655 1.4219317 1.6550493 4.2478247 -6.067897 2.0139265 17.598047 1.5709391 82.33605255577389 
Car -1 -1 0 683.6474289885643 176.24386277143927 775.812251101601 237.3102610883593 1.4564922 1.6440678 4.0806093 3.1223702 1.5579255 19.515013 1.5257561 62.96076712847786 
Car -1 -1 0 395.7225699513617 189.9792764818887 479.28848779201985 237.85420773001866 1.4192916 1.6815606 4.4051895 -5.892187 2.0713947 25.234308 1.6192018 72.84754041838177 
Car -1 -1 0 669.9466611351162 174.03642989851647 734.1074377653832 224.43199146239738 1.5955808 1.654659 4.125198 3.1142004 1.6399653 25.013054 1.5603137 44.4673320644044 
Car -1 -1 0 968.3405035525985 140.275634842615 1242.0 223.2933484799345 1.4584835 1.624603 4.1306534 9.183016 0.8861356 13.505714 -0.008338153 134.50220917682086 
Car -1 -1 0 872.4167188727918 152.46993737464388 1053.7714762079474 214.07612371249203 1.498064 1.6174722 3.8836355 8.972029 1.0023892 18.48433 -0.06802486 39.68902959196634 
Car -1 -1 0 938.8597815200378 139.86600189312645 1145.0778003806647 216.66715446392385 1.6145153 1.588309 3.6466088 9.493919 0.9210409 16.017914 -0.0306928 37.588852080117846 
Car -1 -1 0 811.2878016832789 157.16746054116996 972.9913362452102 210.4081742962762 1.4960268 1.6590072 4.124159 8.249381 1.0552459 21.256361 -0.074986905 34.87910563983612 
Car -1 -1 0 658.8027307169248 177.28892262427004 700.2781718272702 210.8542189373639 1.5102992 1.5483081 3.6485364 3.3233635 1.7355354 34.7993 1.5425168 24.239427520240408 
Car -1 -1 0 483.55560882552646 182.45733518020907 528.4917516544643 213.1850611534386 1.5617707 1.5343345 4.2044797 -5.7042575 2.1255155 40.191364 1.665026 7.523753213379537 
Car -1 -1 0 443.5086896697322 186.8346617607421 498.3631391575472 225.89074667346236 1.5099272 1.5542144 3.631065 -5.897915 2.147267 31.0527 1.603862 12.017063086482025 
Car -1 -1 0 519.7828015076781 180.27508645936751 548.5929632665406 201.07041707412716 1.4948019 1.5790826 3.8108714 -5.730237 2.0827146 55.209946 1.6342762 1.9175206279063592 
Car -1 -1 0 590.2940661007683 175.57341068073075 618.7202006742992 190.5573285122518 1.5110986 1.5960038 3.634379 -0.55413437 1.8030148 75.469826 1.1309841 0.7035209953698331 

