Car -1 -1 0 767.5728921644354 200.02655388971593 1101.9488938575162 375.0 1.3477503 1.5787579 4.006113 2.83476 1.6988573 7.318487 1.5686069 89.91619653108623 
Car -1 -1 0 702.1794188852789 188.12071164988706 806.4278934187893 261.03417616789136 1.3699663 1.5839839 4.225814 3.1699338 1.7653358 16.565475 1.5805693 97.65797866700642 
Car -1 -1 0 543.5812809910856 180.8808739323911 586.3115695465319 217.31029371676735 1.458188 1.5774288 3.690334 -1.8971231 1.8299569 31.559555 1.5885197 38.38071322662622 
Car -1 -1 0 0.0 167.3155433085141 321.5142606416952 323.2960796152917 1.6632718 1.6745061 4.275976 -5.887641 1.6042134 8.556337 0.011762792 117.37733967771544 
Car -1 -1 0 182.07868552206605 186.08245014388717 434.7225651770577 270.6797118483608 1.4816103 1.6296271 4.1503363 -5.620002 1.7502832 13.782126 0.027945379 72.88871172461621 
Car -1 -1 0 657.4243446738129 178.14372945069888 702.2191237221714 213.92271090537443 1.6131799 1.629422 4.034008 3.3650792 1.8861763 35.188004 1.5284336 50.25287633660274 
Car -1 -1 0 267.12054598473344 184.50654663271007 456.68255907252336 253.34150081660283 1.4565203 1.5581508 3.7935853 -5.580991 1.737905 16.501625 0.07663779 45.617990363096744 
Car -1 -1 0 344.2597572303205 176.4379531889665 488.5406609531448 227.19366248836712 1.5325804 1.6714739 4.15469 -6.024601 1.6507401 22.853746 -0.048143588 27.354085066098637 
Car -1 -1 0 474.9789523929454 178.44563185226673 546.8541837457344 208.2230673416504 1.5318673 1.6521411 3.7224224 -5.2322583 1.8382969 38.521534 -0.10683131 21.059776138337373 
Car -1 -1 0 16.973719371874726 172.65926998128245 323.30598169409 287.7331764694232 1.6380394 1.5847119 3.7396767 -6.599537 1.6352674 11.139321 -0.04107427 10.52393573283675 
Car -1 -1 0 638.7030451430604 179.02226929220927 659.472191986791 195.01862523249608 1.4517863 1.5951746 3.8121078 3.7491565 2.0576267 68.92589 1.5218751 0.37649276852607727 
Car -1 -1 0 694.5607838569167 174.17434904317983 743.6694861637318 189.1732665672612 1.4415098 1.6405139 4.5021057 10.672543 1.5721351 70.44691 -0.052264802 1.0968046143459989 

