Car -1 -1 0 812.9185808189332 186.74789322824716 997.4775336484937 252.84126552644452 1.411226 1.5608859 3.6323636 6.7514963 1.7497895 16.683268 -0.066278696 100.20325378692705 
Car -1 -1 0 709.6232563886115 179.0128227127553 820.2533514918427 220.35526953077544 1.5769546 1.728075 4.0082755 6.121885 1.829915 28.715897 -0.027964786 55.87608827158777 
Car -1 -1 0 896.7111292998333 189.13311300440407 1242.0 320.7091287527588 1.4624133 1.6898947 4.3612576 6.159328 1.6894419 9.153551 0.029556528 122.06012711757407 
Car -1 -1 0 784.0622059846976 181.7713869529618 942.6971594680266 242.24127133429377 1.4953247 1.5805006 3.6005664 6.5833693 1.7399359 18.942726 -0.03324124 41.58743003575969 
Car -1 -1 0 173.34152775352 182.3462163220369 426.16091833670606 263.89671216004433 1.442925 1.6132659 4.1651754 -5.7993803 1.6372324 13.872761 -0.04390273 81.72015982768154 
Car -1 -1 0 42.45942301991945 182.00085003872974 360.3012092862394 279.37834148785515 1.421011 1.6192884 4.149383 -6.331013 1.5774848 11.514135 -0.009401812 128.2157683019281 
Car -1 -1 0 298.6973103209063 177.26098313964556 475.3040902308409 240.97270358629905 1.5573342 1.6081789 4.0482125 -5.6376133 1.6759319 18.584812 0.014194946 70.34044263345962 
Car -1 -1 0 644.1821518170533 178.8165931311717 673.9810938092435 204.6337662243934 1.4463445 1.5448616 3.9026532 2.9302673 1.8201861 43.28248 1.5774195 14.176816271936435 
Car -1 -1 0 341.23438707498093 171.1843165948196 484.9319380082578 224.2400351299507 1.6587507 1.6830806 4.2646904 -6.309233 1.606549 23.52258 -0.058223724 33.65527301703332 
Car -1 -1 0 445.4234532127739 175.35162337301276 535.8135451800306 207.91248040570866 1.6161911 1.647782 4.301301 -6.046062 1.7473962 36.93349 0.06907679 19.898924613547813 
Car -1 -1 0 333.04411220962265 180.13272306452217 485.71206410204246 233.2041918767588 1.4521309 1.5792177 3.965749 -5.7350197 1.6724865 20.919899 0.06872092 13.194797829905593 
Car -1 -1 0 392.7044497208632 177.4602988859619 506.35836842458195 216.13834020054006 1.4724047 1.6228853 4.1205792 -6.2624955 1.6598206 28.512936 0.015946973 7.576136351406737 
Car -1 -1 0 576.153311529907 178.30395399484826 594.5524791047401 194.7560699303493 1.4668008 1.5031489 3.4317164 -2.2334056 1.9876192 67.216354 1.599308 1.310610657952846 
Car -1 -1 0 306.86678440703406 163.09313173430604 380.4623516115022 191.53707750319273 1.4713566 1.5412841 3.555418 -14.134456 0.9664434 38.521267 -0.25710863 0.3097500801086426 
Car -1 -1 0 457.19322960431424 174.30649286779396 526.4292780162875 200.3456544610766 1.5536913 1.6054565 3.9128306 -7.1629496 1.6443247 44.08973 0.06771774 0.9878529562268716 
Car -1 -1 0 463.1002550186836 175.64333250070473 536.1438970058448 204.9339673270124 1.5830215 1.5728691 3.797273 -6.047668 1.7405491 39.948536 0.0073495135 0.26329678297042847 

