Car -1 -1 0 664.4966774825153 169.50393155634302 809.2368804378435 277.37165906287515 1.6775696 1.6446358 4.208977 2.1573405 1.625469 13.383479 1.4929686 148.4863545822453 
Car -1 -1 0 264.8259491197524 188.67132437582347 469.6251965023796 327.0289161081629 1.405219 1.5505939 3.6050756 -2.9524717 1.6545124 9.557556 1.5551497 123.25165292353252 
Car -1 -1 0 613.1878427093294 174.15311538062912 643.3101740275152 199.3778020288483 1.5684681 1.6379547 4.2131863 1.1805205 1.6573803 47.234512 1.5162394 13.56174383724431 
Car -1 -1 0 181.27944231182363 180.45822486285923 383.49805060391407 251.3300662675472 1.4862622 1.6108606 3.8564513 -7.2681475 1.6688663 16.335413 -0.09855134 91.3191785321408 
Car -1 -1 0 285.1275972879255 180.30935118329697 436.99846042757326 232.49494077412592 1.4431267 1.5465939 3.920086 -7.167019 1.6699463 21.07747 -0.052149005 7.174681436403853 
Car -1 -1 0 676.6215437119795 175.992779355195 711.4157012357512 202.46156876746718 1.4719152 1.4963963 3.5395164 4.915182 1.6639583 42.34868 1.5312757 3.2527422615718673 
Car -1 -1 0 305.0480517961565 178.29132451441066 435.58330829360744 226.11821380587946 1.497596 1.559994 3.760362 -7.8022394 1.6830932 23.707745 0.06907607 0.9650630277770578 
Car -1 -1 0 399.8222407618844 179.1330463726761 496.4827510805778 214.84779253990064 1.4626541 1.6023023 3.9131365 -6.854979 1.7410852 30.955215 -0.12556309 0.32497769594192505 
Car -1 -1 0 403.16835602904683 176.64851524937407 487.13672120427236 206.86758049726694 1.4840977 1.577374 3.8770788 -8.2567215 1.6799102 36.43532 0.0053287963 0.5184331832756758 

