Car -1 -1 0 439.4365882738942 179.24011295021742 512.8583440742298 236.52966007525902 1.5747869 1.5871269 3.285439 -3.8177745 1.4105288 21.402792 1.570784 84.42643588950097 
Car -1 -1 0 256.15200249108005 188.83300638780275 448.7241427236412 304.6302171069594 1.4483962 1.6121075 3.7704835 -3.6439903 1.513215 10.995264 1.5699096 107.97894202008337 
Car -1 -1 0 701.2452005966962 189.3078852185283 812.696845463522 267.54318364111265 1.3818159 1.5241084 3.4386773 2.909607 1.4747603 14.602117 1.5632987 99.528257032958 
Car -1 -1 0 0.0 182.3212293287332 222.83398373165295 296.42332594228077 1.5659866 1.6205616 3.7688413 -8.074276 1.5262617 11.769917 1.5458772 123.56263138255468 
Car -1 -1 0 651.2029429719294 181.51661734003818 704.8276413760268 220.44259223912425 1.4260466 1.5974089 4.0690084 2.722416 1.2905314 28.393356 1.5399278 42.127494725814245 
Car -1 -1 0 481.00747008820923 181.35040826038613 533.3459748910121 219.88451409188968 1.4839547 1.564168 4.066317 -4.0617123 1.3351017 29.7233 1.5796971 34.13033686953045 
Car -1 -1 0 380.65638900559924 181.36058164963336 442.1407607219422 217.1132881719548 1.4507949 1.6055535 3.801054 -8.382701 1.2943597 31.074743 1.575862 32.74525818077347 
Car -1 -1 0 584.833397362466 179.76885224289722 608.7582599901078 203.05426618684524 1.6253965 1.6709316 4.193309 -0.79006076 1.2451892 52.29977 1.5400883 9.521217939138372 
Car -1 -1 0 528.4821576837817 180.73168958137998 551.176130608118 201.53914184745446 1.4528799 1.5534025 3.624308 -4.848789 1.1397841 52.05645 1.5003283 5.645046289171047 
Car -1 -1 0 622.2014814354019 180.77234007136778 645.7367697406621 200.77767185387685 1.5195632 1.6024523 3.7999446 2.0747583 1.182055 56.524986 1.5420918 6.673560350162242 
Car -1 -1 0 263.7228831608447 186.386264701576 369.4569246777051 241.53473974503927 1.41946 1.5625517 3.5166879 -8.092441 1.4554436 20.337563 1.5732892 7.598782839273531 
Car -1 -1 0 502.48864092956916 180.12247381503357 539.857655885415 209.47238961480758 1.5795789 1.6954607 3.776782 -4.8071885 1.3054674 40.58519 1.5603038 4.198007227289534 
Car -1 -1 0 427.0872429584673 180.98728280832913 468.4645479975754 208.41116918956288 1.4843953 1.5701121 3.9416857 -9.01288 1.2555203 40.899853 1.5459456 2.083716966750661 
Car -1 -1 0 456.99684266691816 169.5619261090472 490.3368773537875 192.20742265097607 1.4911015 1.6493571 3.9201899 -9.113926 0.4603728 49.31331 1.5459793 1.1186883357608732 

