Car -1 -1 0 672.7437478838741 177.46975448533317 758.5728644497746 251.8945330223786 1.6824553 1.6754873 4.1625013 2.6201801 1.815269 18.666298 1.5878596 97.43082563811383 
Car -1 -1 0 755.7975366014122 192.02947020388564 1054.9497908521769 375.0 1.4483029 1.6091007 3.6767864 2.7472787 1.700099 7.624447 1.5558908 125.31143062138104 
Car -1 -1 0 233.09806800897627 188.7133867764958 424.76073338269214 259.4852560762513 1.4635866 1.5577569 3.6665387 -6.158045 1.834964 16.089645 0.015130222 47.808774492134525 
Car -1 -1 0 658.0287095403129 182.87524144652903 720.8907297426343 232.55610023532387 1.4934597 1.6255673 4.259959 2.642259 1.8661635 24.694382 1.5574826 29.512037184432167 
Car -1 -1 0 269.6436494878272 182.3013426668636 447.2362907092716 246.92169201377615 1.5620493 1.6737101 4.0485086 -6.3880205 1.8196102 18.698528 -0.0680768 33.54839907405519 
Car -1 -1 0 632.9698556773799 179.98950161712204 659.6611717946666 204.27947334041156 1.5016578 1.5533073 3.7461717 2.3895187 1.9908068 47.585987 1.5663819 6.218110846883807 
Car -1 -1 0 17.454283239113963 164.65688489490054 350.36991837352423 295.3549906704969 1.8475759 1.706278 4.0939107 -6.3255386 1.7316997 11.058619 -0.0027718788 85.25338220250028 
Car -1 -1 0 643.236294770419 178.88677274473037 688.976910230559 217.23691096780468 1.6646343 1.6627204 3.5772367 2.5883207 1.9619768 33.72957 1.5132127 14.532237429010442 
Car -1 -1 0 473.8047657017003 180.76398081361188 543.6677397627179 205.87821616251068 1.5128481 1.6277776 4.0831714 -6.2420626 2.0151577 44.924347 0.040395077 4.047590729367747 
Car -1 -1 0 131.91627527236145 186.93668556298346 385.989440407502 273.649432690613 1.4958453 1.5820667 4.008767 -6.454442 1.7781968 13.59781 -0.039059374 2.4107377161784456 
Car -1 -1 0 369.37278172385214 182.42022580053595 479.0401364947371 223.31790737214016 1.5028355 1.5955262 3.8988986 -7.0996094 1.885721 27.920786 -0.084029645 0.6357613801956177 

