Car -1 -1 0 738.7109509874743 179.5980515154084 952.4058169182106 328.9125716662503 1.5618705 1.5926695 3.4476705 2.838878 1.6665049 9.4499035 1.543659 128.1837051144213 
Car -1 -1 0 671.4735776174581 180.4194466129937 742.0414653814131 241.29397765151768 1.4918302 1.5646013 3.2182717 2.5760655 1.7155881 19.713621 1.5939293 84.3668209138302 
Car -1 -1 0 351.39856325316794 193.33352088343418 465.004055939348 273.90032581426107 1.4516358 1.5490351 3.5381331 -4.2388496 1.9477088 15.692829 1.549855 89.55641156494706 
Car -1 -1 0 496.99653344963735 182.00850010921081 532.5120663610085 214.15263937161956 1.5995219 1.5729419 3.7460344 -5.0634747 2.117146 38.893578 1.5287151 38.42467886904884 
Car -1 -1 0 440.19871671906515 179.278990746137 509.11827214022395 237.31091168233124 1.8010993 1.6275618 3.9679494 -4.545209 2.039757 24.81748 1.5710925 76.21212421331091 
Car -1 -1 0 642.1686574548966 177.3434758592496 680.706796626507 211.05520796332414 1.5506098 1.5599649 3.5347776 2.5020366 1.7822803 35.44848 1.5475019 36.149980839240285 
Car -1 -1 0 626.2425169666365 176.2933349316571 645.3397528000429 191.79497776604632 1.5616636 1.6259159 3.7251644 2.768285 1.930944 75.51439 1.7092988 3.4956598174168017 
Car -1 -1 0 524.8602712436513 182.68834660214978 553.6130167355522 203.91379596755266 1.4905064 1.4998894 3.9362006 -5.2797637 2.2617056 54.561523 1.6491051 0.36865976452827454 
Car -1 -1 0 548.8297716055944 183.0266461606244 564.6993656360951 198.64795480768475 1.4834945 1.5645007 4.1179776 -5.3618035 2.5477242 73.37642 1.5009209 0.2545267939567566 

