Car -1 -1 0 751.6289273309134 174.86623631306685 1013.5333871655708 354.01884278238435 1.6969502 1.6169822 3.990036 3.0099344 1.7273989 8.8989935 1.5397375 139.9211568343302 
Car -1 -1 0 705.3851748023322 176.40222837116954 780.0663056323542 209.4673026488564 1.4597268 1.495096 3.5620599 6.248361 1.6371901 34.175777 1.0298917 55.87601674011499 
Car -1 -1 0 227.49462314542563 183.5670830669846 444.19365059595725 256.33404970398874 1.4695387 1.6217756 4.116349 -5.866415 1.7168096 15.746381 0.04744578 45.62800222229876 
Car -1 -1 0 622.9487818465121 175.45020600572366 657.2202184469608 200.7342442287503 1.5511596 1.5737205 3.6068442 1.929681 1.7254866 46.55223 1.4284399 23.34708863331306 
Car -1 -1 0 135.40113365977706 174.46953694930497 363.7408465906946 270.81177868212313 1.6462672 1.5754929 3.4020176 -6.4762783 1.6777513 13.209795 0.038004838 32.22692569179847 
Car -1 -1 0 244.37910132620118 181.94384750031364 428.6769291427214 243.86469988748814 1.4739089 1.6066163 4.05962 -6.8189096 1.7148551 18.275265 0.023443904 15.237907158300413 
Car -1 -1 0 345.66662505746865 175.03186360735612 467.83331686646767 222.45870734637455 1.6037403 1.6431262 3.8169217 -7.059415 1.6828749 25.348217 0.025276944 20.229853592139335 
Car -1 -1 0 0.0 170.782501354101 311.3521298449845 287.80827699424066 1.5957831 1.5586321 3.6159093 -6.525749 1.5675358 10.635287 0.009400934 21.107062565920547 
Car -1 -1 0 520.3731895884121 176.97809018809212 543.5825887776108 195.53025532541247 1.4801564 1.5875431 4.0001044 -6.5475335 1.8387647 60.62442 1.3741376 2.345947631085567 
Car -1 -1 0 609.5124984169221 175.1498057604311 633.0512302841955 195.57799536138708 1.5153768 1.5912256 4.0824556 0.8781286 1.7003573 56.063446 1.5281583 0.6514404744355153 

