Car -1 -1 0 661.4858165498174 176.24758098740386 727.7667657788679 226.3443472792348 1.571508 1.6531549 3.8703332 2.845679 1.6977782 24.874464 1.522346 85.02552615842689 
Car -1 -1 0 350.2133450892253 191.5424363589606 440.80025715007486 249.18473141774422 1.4701993 1.5652776 3.4905097 -6.2140093 2.067881 21.311499 1.595791 77.83171760114503 
Car -1 -1 0 404.5978475990407 189.0635287014356 477.12585438308054 234.46883840917852 1.4659944 1.6585387 4.1404314 -6.179612 2.1165576 26.87225 1.5908117 57.75523448448959 
Car -1 -1 0 458.06428813875476 181.93158428333462 506.18883597407546 217.85081446177728 1.5894853 1.6358954 4.259679 -6.1364307 2.058597 35.148956 1.5597838 24.558844983626773 
Car -1 -1 0 17.775432239698027 201.2242773878393 129.19810565924777 247.07900809391288 1.5232426 1.627053 3.6446555 -20.69812 2.6977875 28.048561 1.5693562 42.410762526549064 
Car -1 -1 0 0.0 203.48558859858983 76.97271301303442 248.23890997881068 1.5034096 1.6513752 3.8002424 -23.442013 2.8102705 28.84087 1.5157137 8.198919514666796 
Car -1 -1 0 629.0686985358903 174.85876216847717 646.7814727839757 189.50031323008557 1.4513072 1.6513971 4.044931 2.9399083 1.6631824 74.17377 1.652009 4.165917373206082 
Car -1 -1 0 486.18754869001896 180.73832826428983 520.9545073779565 209.66692642544393 1.5613737 1.6063673 3.83401 -6.1157475 2.0410938 41.95375 1.5301411 0.8680903991437431 
Car -1 -1 0 564.6836714527157 178.0697001994261 594.9340037394212 192.68636218135376 1.4598581 1.6538705 4.1509686 -3.0949695 2.0246062 75.89299 1.9420319 0.578273869206388 
Car -1 -1 0 532.2161009083989 181.8608134980456 553.7936004199958 198.67889584359216 1.47208 1.5944264 4.132163 -6.190988 2.3399625 67.45197 1.5812542 0.8316683739439296 

