Car -1 -1 0 724.9568411538704 188.57554070628424 901.3442042812887 303.3479562768951 1.3542532 1.5780327 4.021638 2.8795602 1.6394432 11.076848 1.5721768 102.47161199423084 
Car -1 -1 0 686.5939566832238 181.01006265791548 765.3541715071153 237.15910195914086 1.3726561 1.5583826 4.0004663 3.1534495 1.6238518 20.221441 1.5698719 74.87926797305053 
Car -1 -1 0 655.7931667594485 172.06414792181909 693.8976666125083 205.18654177266507 1.6958838 1.6287314 3.8835683 3.4689815 1.6554427 38.90077 1.5508213 35.54368892480252 
Car -1 -1 0 550.979843013487 175.64318765820806 588.8532959977733 209.1142251552936 1.5337021 1.595432 3.7303007 -1.8880888 1.6772194 35.25073 1.5845493 26.4094139871533 
Car -1 -1 0 107.83916396453974 168.61236209053192 401.99435127670483 274.4804735793513 1.6805496 1.6546235 4.2451143 -5.9224844 1.6132178 12.359609 0.037316684 94.87620037245682 
Car -1 -1 0 277.34498815711817 184.41474375979698 472.4092284809951 248.64107632944047 1.4666343 1.6360332 4.226561 -5.618506 1.7620946 17.60834 0.006700036 42.77648224245498 
Car -1 -1 0 332.15220206254884 183.0900200134163 483.6315820830674 238.50966529890832 1.4565051 1.5694255 3.7942228 -5.6144238 1.7584758 20.305555 0.10564671 27.633291395173096 
Car -1 -1 0 392.7021704490719 174.31145446845096 510.2563458662581 218.58337980892716 1.573433 1.6665702 4.031396 -5.762686 1.6291964 26.65642 -0.058779575 16.83894747511295 
Car -1 -1 0 166.32949566475688 172.79371022097303 388.05520466136943 259.5366729759506 1.6712998 1.6038654 3.8290515 -6.6971292 1.6701381 14.8575535 -0.08169625 7.1422690855584605 
Car -1 -1 0 530.4042454354155 165.43575230136923 576.7590140056291 181.70930174953256 1.5418487 1.5995295 4.3874254 -5.3484173 0.8390013 69.27055 -0.04979536 2.3828487179629474 
Car -1 -1 0 641.3943919339008 174.49692878609164 659.5197481749406 189.48012293170845 1.4571214 1.5859877 3.9505644 4.1427865 1.6272786 72.674904 1.6881125 0.3670729696750641 
Car -1 -1 0 700.8984764264625 173.86235601331407 753.8423186072205 192.99033631943436 1.4928098 1.6067942 3.8784368 9.346746 1.5743649 57.385662 -0.088704005 0.34135764837265015 
Car -1 -1 0 692.9535333486058 169.9984520444504 738.86285622995 184.29314950339602 1.4547467 1.6209221 4.492048 10.918303 1.1641421 74.25473 0.0065165516 1.0866775604532193 
Car -1 -1 0 485.1075331872763 175.34645743980798 552.8779996618331 202.3770399127059 1.5424494 1.6430868 3.872252 -5.2710805 1.6920612 42.33232 -0.082688 0.29169121384620667 

