Car -1 -1 0 712.7895129591382 180.8349679357207 925.995070018492 326.63564150587865 1.5586922 1.5784428 3.275977 2.5711293 1.6841217 9.620792 1.453733 113.79813643942937 
Car -1 -1 0 575.7086232319014 183.97355273640315 628.6603916972491 225.13948207102368 1.4654062 1.5898972 3.6140857 -0.35351768 1.935967 28.625275 1.41402 91.49996631969881 
Car -1 -1 0 215.91233361367176 196.33680985278087 359.95690040299047 304.35449598388567 1.4372747 1.6237255 3.8203123 -5.3847313 1.9119968 12.538731 1.3328916 59.71581694199313 
Car -1 -1 0 553.2704280637575 183.94678428102927 587.1193770808849 213.12813511639862 1.440159 1.5368731 3.3452163 -2.1483705 2.06242 38.71251 1.4318972 32.835815326382765 
Car -1 -1 0 634.9915967157141 175.01204620069234 747.3793727910887 255.6520576808497 1.634062 1.6014686 3.6331978 1.755931 1.6896458 16.654308 1.3920757 95.47575088174388 
Car -1 -1 0 308.5024991733785 192.32589551528366 403.8552280338066 263.9067629914874 1.4901941 1.5828202 3.643341 -6.1883616 2.0272703 17.983215 1.4230415 30.096346102156403 
Car -1 -1 0 410.1986274043794 188.49700492388715 452.823511571834 225.0306582944426 1.5242196 1.6797504 3.6842499 -8.267605 2.2981372 33.738758 1.3993596 8.496119455918457 
Car -1 -1 0 534.5021250927244 181.98120592837532 561.9033391395919 203.63708966653516 1.5235212 1.5670063 3.706019 -4.6578684 2.2368383 54.410225 1.3488494 0.7298898255274089 
Car -1 -1 0 658.8219308356436 179.4494703365187 762.3133547096445 221.71310219156408 1.5861945 1.5710502 3.7501013 3.9695852 1.8576605 28.565771 -0.19404726 0.8658701658678465 

