Car -1 -1 0 682.4717871777322 197.15728026706984 898.0777826810755 332.99119508719417 1.3925362 1.5705771 3.891241 2.2768192 1.8037791 10.168364 1.4210737 122.2961204145175 
Car -1 -1 0 565.0759966191206 189.20844220384518 625.4300162280281 236.785990589468 1.4378188 1.623438 3.9027157 -0.5766088 2.0569506 25.26506 1.4217224 65.27064496731323 
Car -1 -1 0 384.18857737679224 191.06997181846145 426.0414931575637 224.40648568047604 1.6216776 1.6754849 3.9957676 -11.126927 2.671391 39.4843 1.4311656 29.977574292051738 
Car -1 -1 0 0.0 202.94660892462025 250.52779425992847 365.0676975179455 1.5915881 1.6472876 3.6637757 -6.2789173 2.080768 9.77002 1.3704286 107.8976407905251 
Car -1 -1 0 1079.3626009967393 171.2266494408522 1193.9197645340432 254.73948980451306 1.4011204 1.6115594 3.868734 10.253773 1.3738178 14.152103 2.1818218 47.38533563384303 
Car -1 -1 0 552.1901677976251 186.51684237917857 599.8844963959554 225.73651088344374 1.4891025 1.6062945 4.1305246 -1.5067384 2.1184292 31.069546 1.4139925 15.577296463149876 
Car -1 -1 0 779.4131317719128 171.19013395575575 885.3411525353297 218.29168212890332 1.5614167 1.5508952 3.3049998 7.837084 1.5062594 25.413967 0.5208993 35.279873393264154 
Car -1 -1 0 407.9844835459466 190.2844136424206 442.038830302188 219.03652491895494 1.5930047 1.630614 4.1030226 -11.390091 2.7254906 44.73082 1.4237725 6.918684982227891 
Car -1 -1 0 975.7425369424534 167.16762166231186 1084.5135423755517 210.26419149223403 1.4767871 1.660588 3.9475079 15.425327 1.2819322 26.716814 1.5482988 4.1526827323342115 
Car -1 -1 0 709.7823165718396 180.08313779849811 806.643683171152 221.77285094988912 1.7055019 1.6443346 3.8628168 6.522742 2.0397017 31.720673 0.4909977 0.3705625534057617 
Car -1 -1 0 764.1006280780867 179.23243388501385 867.6079227958901 220.51712370058365 1.4762669 1.5343542 3.5757608 7.9426117 1.7360861 27.836256 0.5206517 0.33058956265449524 

