Car -1 -1 0 694.2222628911982 183.00453902788144 785.9783099206768 247.1037355845133 1.390373 1.5821028 4.157093 3.1948113 1.6783187 18.388838 1.569697 101.87697792079904 
Car -1 -1 0 549.5150371644007 177.9002834402799 584.5000279504945 211.67411881728333 1.4510294 1.5292307 3.6694298 -1.9411023 1.6978325 33.423004 1.5277686 33.189484305846484 
Car -1 -1 0 746.3264333813206 191.56464598748573 974.431327792564 337.89998107273334 1.3592187 1.5759578 3.9859066 2.8875895 1.6502084 9.21785 1.5845101 91.2182192603954 
Car -1 -1 0 657.4217957905057 174.4261820411264 698.1880569059499 208.20645678063303 1.6288592 1.63487 4.1664505 3.4490433 1.7142298 37.08364 1.5542133 47.05566571520312 
Car -1 -1 0 13.17037191295477 168.66922818645133 370.40974971583125 295.5715477097526 1.6891598 1.6667331 4.2419286 -5.8733797 1.6334574 10.481427 0.0207762 136.43324925719082 
Car -1 -1 0 241.5736473834585 183.48396315078566 457.2834484230321 256.5951570431811 1.4744076 1.6193705 4.1052275 -5.5471764 1.71859 15.69121 0.03615234 66.58231116659856 
Car -1 -1 0 308.002467854129 183.21629633749671 474.3153809965311 243.86001603180887 1.4422953 1.5509505 3.7580912 -5.5088706 1.7205186 18.428143 0.09201295 33.94303178152494 
Car -1 -1 0 480.9640828042644 176.63195983065336 551.5594574442915 204.50229827185413 1.517306 1.6764746 3.820744 -5.1887875 1.7342656 40.48759 -0.05861695 31.920802182915264 
Car -1 -1 0 373.46317038605804 174.38969500628414 500.5227413516495 222.63993175172882 1.5848129 1.6541868 4.0142403 -5.8277817 1.639471 24.720718 -0.06729311 25.64320546120786 
Car -1 -1 0 112.91187148345492 174.63876594394546 363.0384366616622 271.9743426162798 1.6380746 1.5761434 3.7027946 -6.570414 1.6725396 13.054241 -0.04973443 2.153896584081233 

