Car -1 -1 0 757.5351978319572 180.74835731777063 903.3671923718655 277.1692855715213 1.5591428 1.5834162 3.5287385 4.035888 1.729262 13.75494 1.5319041 103.44518197104095 
Car -1 -1 0 727.5996737596813 182.03075007614905 817.8585752708963 247.18356226052947 1.4807293 1.6399679 3.9075184 4.1600237 1.746953 18.94523 1.613619 55.44194270467686 
Car -1 -1 0 842.5055905848027 192.16297902385878 1181.0412387947285 375.0 1.4706992 1.6060588 3.954919 3.985791 1.7378321 7.988997 1.5909272 93.15703600098894 
Car -1 -1 0 440.3182468711382 185.45530442062784 520.6058313153534 236.67804110988382 1.480812 1.6311156 3.8441594 -4.1618247 1.931801 23.831198 1.667712 61.871956857854215 
Car -1 -1 0 557.5238553332631 179.474535977881 588.8057400513646 202.13682964448057 1.5034485 1.678601 4.030231 -2.538789 1.9919978 51.163956 1.6579518 8.330042607856537 
Car -1 -1 0 710.5745706270351 180.99040442625542 770.7375749515885 228.5536091391777 1.4418149 1.5735955 3.6041698 4.347027 1.7371893 24.348785 1.6294062 21.94450119156821 
Car -1 -1 0 487.9070925774746 181.9155800514817 545.0257375248095 223.25355390837728 1.5392028 1.5631294 3.8964655 -3.7639022 1.937993 29.749546 1.6509476 11.014471721444389 
Car -1 -1 0 507.9644990065573 182.32218555688718 555.4293918682994 216.01683552800867 1.4895146 1.5126735 3.6906357 -3.7078953 1.9725709 34.893417 1.6834605 4.490627562977445 
Car -1 -1 0 693.5899875929953 179.85081534337593 743.536415032313 219.68789436085922 1.4898555 1.5537882 3.8541198 4.4063177 1.7958717 29.61266 1.594445 17.172647836581724 
Car -1 -1 0 685.90910858447 180.41596919347424 720.8740081880021 208.95795567834378 1.4861197 1.5406814 3.5663624 5.199197 1.9274364 40.3144 1.5858448 1.4984886113986868 
Car -1 -1 0 936.8835207806956 175.79164022445207 998.7416323658924 204.49071501923945 1.4845111 1.5857673 3.7314203 19.57384 1.6533182 39.584656 1.5858938 1.0231949403690213 

