Car -1 -1 0 377.45763507320896 184.69417672030744 484.5577710841861 253.31873867034682 1.5118723 1.678052 3.9229507 -4.451318 1.8491683 18.568241 1.6017582 98.53904713512298 
Car -1 -1 0 758.942785317508 183.22292630130838 898.8037920255754 277.195568071944 1.4667726 1.623131 3.8731737 3.9632626 1.6914952 13.667311 1.614735 98.91557929593952 
Car -1 -1 0 827.9145018909825 180.5693696896192 1119.938020641555 354.98016338814193 1.5849576 1.5850111 3.4177303 3.9298837 1.6939626 8.452575 1.5275578 119.63322936047594 
Car -1 -1 0 442.66923920917714 182.33828281885758 517.7393584277481 231.94977174771216 1.4781661 1.6177018 3.9541647 -4.254135 1.8239753 24.28914 1.6265291 39.200022785469535 
Car -1 -1 0 725.2852247234108 178.9615798461234 812.3840102036152 242.04160450498523 1.4798775 1.6190522 3.757652 4.1242437 1.6585932 19.205069 1.6085929 50.42717796365515 
Car -1 -1 0 481.0333354091948 181.79953878183815 537.2629898972123 220.58600908966906 1.4211775 1.6055567 4.297611 -4.03728 1.8151273 29.606918 1.5964179 22.479181277628523 
Car -1 -1 0 543.0503647731384 177.47461877681738 576.0532791814215 202.40601405192638 1.4883956 1.5690038 3.6649678 -3.12426 1.7928905 45.661873 1.6470306 14.700290018658121 
Car -1 -1 0 701.9211946517748 177.58616121577492 767.7764033515022 225.73099432798517 1.4600399 1.6086131 4.1160135 4.136454 1.6334828 24.367813 1.5964712 23.378043198769873 
Car -1 -1 0 689.4953615111423 178.20858710105202 740.4329442434351 218.32407905374086 1.5017209 1.6133263 3.7148213 4.2267647 1.7337239 29.387085 1.5940261 0.5007621525648202 

