Car -1 -1 0 729.6915282646182 194.70108134109938 938.3789391375118 352.88943190170323 1.5607407 1.5671105 3.6404405 2.6788409 1.9023244 9.452723 1.5598683 86.40627809730167 
Car -1 -1 0 230.5419471544261 209.98457962072425 444.6736282541149 353.03499800011423 1.4790083 1.6798836 4.046953 -3.677241 2.1274161 10.55971 1.5500858 127.64076628455526 
Car -1 -1 0 377.80895851564696 207.6517471643122 490.5613599547657 290.2041583772969 1.4301972 1.6222514 4.00482 -3.7838445 2.309461 16.215813 1.5538229 70.71883995666155 
Car -1 -1 0 682.5296431734981 196.9288498584351 800.5294736124166 286.170400436797 1.4769218 1.5823836 4.373559 2.629835 2.0626636 15.344482 1.5393796 76.05596494464366 
Car -1 -1 0 470.24643525951717 202.65916837976238 523.7440660588262 250.31154498270612 1.4522665 1.5288488 3.9720395 -4.0650816 2.63192 26.53733 1.5229756 25.126465047000742 
Car -1 -1 0 668.2120506549909 193.98339022283741 745.1740959314986 254.8609666818595 1.5126936 1.6127315 4.2618127 2.7922873 2.2075915 21.576614 1.5421413 35.50308195209807 
Car -1 -1 0 655.0116803972335 193.19374832102594 710.4237756715762 241.84921728588938 1.6068306 1.5704272 3.712423 2.697565 2.4294782 27.294905 1.5282596 22.117988234652074 
Car -1 -1 0 626.5917463832541 195.7684399272629 660.4463442102021 221.25858601477702 1.5184618 1.5487273 4.030236 2.256186 3.1375008 48.87484 1.4254595 6.084028485116131 
Car -1 -1 0 435.3534429098429 203.7196145329297 503.8181589950644 262.8998210548566 1.4940424 1.4916041 3.450965 -4.1431513 2.5006428 21.784357 1.5413531 13.339048691307177 
Car -1 -1 0 829.927029731165 174.20185408698813 923.5862821545245 206.45815578950433 1.4845339 1.593003 3.9283652 12.651563 1.5506661 34.34881 0.1348815 6.579377861306512 
Car -1 -1 0 552.9216115250199 196.73696253618834 591.2178779749515 213.14116208752299 1.6089027 1.5943444 4.0120873 -4.047114 4.2624087 78.25266 -0.7113287 4.50963992102058 

