Car -1 -1 0 747.7224879145211 185.69086435062496 972.6917923693215 333.08839058580065 1.4771588 1.5856383 3.3829763 2.9579487 1.6725552 9.257217 1.5254653 105.34392806491473 
Car -1 -1 0 133.52145136037862 172.85220532974836 381.8859431284012 264.8536482297743 1.6342204 1.6938841 3.9469838 -6.5798044 1.6341884 13.861853 -0.1029063 91.50870254474513 
Car -1 -1 0 403.6368951290147 172.19203240910224 506.4767450895341 206.95700606715718 1.5308931 1.6928098 4.290491 -6.9255676 1.5017428 32.627033 -0.0034295423 33.43481854073754 
Car -1 -1 0 709.5286589383369 169.7054156490094 843.1141053020452 218.44978939502764 1.7589355 1.730765 4.5741234 6.176179 1.645319 27.020836 -0.052508764 51.28239742121753 
Car -1 -1 0 0.0 161.51938026461082 316.507447742233 316.3243995151567 1.756385 1.6040685 3.8538408 -5.9186177 1.6277847 9.028315 -0.020780401 114.05379606536565 
Car -1 -1 0 769.6419592622107 175.18958898803487 942.6096153917679 239.11525954387344 1.6005791 1.6802831 4.0789933 6.431363 1.6660664 19.186703 0.10250804 42.9230767942041 
Car -1 -1 0 809.4286723285683 183.9156129284419 1007.4891160258047 249.64271562095826 1.4079676 1.5775899 3.9020436 6.7567544 1.675365 16.592236 0.031489413 39.209938421588305 
Car -1 -1 0 438.0735347902051 166.01619468561967 523.1685873085067 200.76272296215188 1.7611845 1.7418041 4.274619 -6.668289 1.414599 37.681824 -0.11455962 23.938863086896458 
Car -1 -1 0 519.23206110566 173.5124585302363 543.8054580858668 193.47044470064395 1.511161 1.6144946 3.7552977 -6.095463 1.5645946 56.655403 1.5455177 4.880724978352178 
Car -1 -1 0 334.3880954349076 176.14802150371443 456.78321517030736 222.4272967981623 1.5629101 1.5909508 3.8791668 -7.460397 1.6831743 25.4209 -0.0663659 0.8513135511111499 

