Car -1 -1 0 0.0 195.2933978743013 336.89508480396574 372.73265056573445 1.4873428 1.6958365 3.9183273 -4.78988 1.8132472 8.512522 1.5615513 129.07047755677732 
Car -1 -1 0 472.3797298616906 181.3456037539005 525.1250856448671 220.73125958164823 1.4888636 1.5062236 3.3382092 -4.5038924 1.8586426 29.715607 1.6210024 62.69622249136547 
Car -1 -1 0 260.0399798876607 191.00696012262182 431.22281158453757 286.0714472159045 1.4293746 1.7048011 4.3542614 -4.8114276 1.8329109 13.860409 1.5683377 96.78733071107246 
Car -1 -1 0 789.6243004947324 188.52541138709867 1082.6402184627182 354.54023088436946 1.4402212 1.6262531 4.185172 3.5403807 1.6760527 8.757125 1.5603696 101.55023581404156 
Car -1 -1 0 733.7286043192604 183.29309853586295 875.6976246845737 277.50560474132305 1.4968616 1.6476808 3.8760707 3.55308 1.7252183 13.8392725 1.5629121 63.331679868183706 
Car -1 -1 0 713.1441040254559 180.8116812200559 798.3740213832918 243.8231426112346 1.4908352 1.6066754 3.7162194 3.8238518 1.7256503 19.417843 1.5901264 52.77726088862049 
Car -1 -1 0 496.16503963796913 180.00085705540516 541.9375018685695 213.70641577110212 1.4808977 1.530527 3.6529937 -4.253532 1.8397205 34.359787 1.6269001 18.63352858057691 
Car -1 -1 0 687.8842108569957 181.11661687268207 736.5892144713948 219.00215086211088 1.466058 1.5164958 3.3799803 4.2646236 1.8332886 30.366276 1.5541811 10.5632332784035 
Car -1 -1 0 695.6809978041651 179.38751307502702 762.2044700998885 228.33678020604796 1.5175583 1.6160555 4.0172873 4.030592 1.76142 24.918995 1.5663346 19.41238997564732 
Car -1 -1 0 620.0012818597231 176.1267635983787 665.2444826819254 192.84990989397377 1.554247 1.6826634 4.2288847 3.126303 1.8685002 68.35307 0.042111397 12.130631123960024 

