Car -1 -1 0 653.7992343272612 184.56672206532204 720.4221248129362 230.1133618435212 1.3959792 1.5242586 3.3742585 2.5927095 1.8272979 24.79834 1.4399252 89.3072420575361 
Car -1 -1 0 878.5348321215798 177.72916655966557 1136.1978202939304 279.2550950523515 1.4491411 1.5762521 3.633679 6.648946 1.546706 12.464272 1.0917089 109.67214404457413 
Car -1 -1 0 298.72569010853493 193.02902099273004 456.42195626949984 248.87851011951096 1.4765985 1.6342759 3.985301 -6.522253 2.0765867 20.58326 -0.029050171 63.52856468462619 
Car -1 -1 0 631.8818208641936 182.77939911150824 674.9090001770548 216.84416999452523 1.469378 1.5333986 4.1089783 2.0334644 1.9721968 34.45072 1.502125 32.314676080625766 
Car -1 -1 0 369.17630979386456 191.02011946172684 484.04578524882106 230.89815046557374 1.4316518 1.5851974 3.9695551 -6.9446154 2.149131 27.606491 0.050088983 31.47766446651405 
Car -1 -1 0 181.82495309850697 195.59887802895483 389.1106800776538 269.75593060193216 1.466928 1.5915667 3.8145719 -6.9463596 1.99276 15.759614 -0.06684332 31.041305372850303 
Car -1 -1 0 112.29006561585004 195.06542922843516 355.0630161393269 286.97049092931627 1.5283711 1.6024115 3.6636605 -6.8216734 1.9699252 13.399676 -0.07952652 29.8611949499867 
Car -1 -1 0 399.8432755363558 189.36826023206225 494.5710488334434 224.2776230145393 1.4790155 1.5306368 3.8632193 -7.2355804 2.2399244 32.337215 0.075198576 3.8331988968357478 
Car -1 -1 0 321.82587545494965 191.5916365947512 454.95691886579345 241.59601830478547 1.488542 1.5505964 3.7518873 -6.939138 2.1034756 22.87912 -0.01340847 2.7465592127405403 
Car -1 -1 0 349.928188250447 192.06060247500554 471.36869453797186 235.94692409737675 1.4425974 1.5501108 3.810813 -6.888424 2.13511 25.216549 0.0127007505 5.431130540652424 
Car -1 -1 0 486.197620731051 187.81984725158168 523.7543051820215 217.27880992401265 1.4336988 1.6230721 4.0828867 -5.6421175 2.2918453 39.298428 1.5273131 1.545726813431403 

