Car -1 -1 0 577.0354219297672 191.8612687050797 640.0149167088252 239.39751989513385 1.4677784 1.5456326 3.2741876 -0.098796666 2.184967 25.458557 1.3496265 75.40806809914059 
Car -1 -1 0 687.0579655219399 188.58546255965933 879.7225510510469 319.97114202754085 1.5671003 1.613661 3.4498794 2.4104114 1.84419 10.876912 1.4096239 82.85562592174863 
Car -1 -1 0 635.5047996640766 186.33893674244814 707.1532255270827 218.62216209658976 1.5154748 1.6001849 3.6773105 3.2177906 2.2451692 37.219475 -0.7322749 23.408584911263212 
Car -1 -1 0 749.4454302600136 185.33581673310252 803.9347828255674 211.78895043350374 1.4759021 1.5124037 3.3430157 10.092475 2.2569408 43.48748 -0.70884687 18.586220730890155 
Car -1 -1 0 272.028442523586 183.82016670206235 321.0967764071901 210.93977642518945 1.5251639 1.6658479 4.328488 -19.370186 2.2359338 44.563133 0.88608027 5.132996295492413 
Car -1 -1 0 690.7448869037263 186.04694303363502 761.6568435873083 218.08954448927824 1.6327524 1.6825461 4.1826143 6.579628 2.4096873 40.46383 -0.73620456 18.003628913088182 
Car -1 -1 0 519.4336879054711 187.93966562821612 590.5062067320086 217.37380824125577 1.5057755 1.6284883 3.8141856 -3.048239 2.397138 40.74201 -0.74477863 17.617948019035587 
Car -1 -1 0 785.9776727829427 182.02708775276975 840.6016629054905 208.2339558869114 1.5618978 1.6137732 3.7197447 13.049213 2.1717534 46.130394 -0.7278279 3.2767003308473277 
Car -1 -1 0 124.77644426781865 180.2555199499751 207.3271566370079 211.02990116976088 1.495193 1.5423229 3.7737398 -22.748213 1.8885705 37.02155 0.3208721 0.25824522972106934 

