Car -1 -1 0 303.4182079777164 187.98422798493425 389.08630432609056 233.2132589475553 1.3619242 1.5878065 3.7121754 -8.511686 1.4606652 23.757326 1.538101 22.928137687393843 
Car -1 -1 0 449.4372045245366 185.3347568726236 511.93439087656515 227.87487713540077 1.4266604 1.525129 3.558915 -4.485352 1.431252 25.920725 1.602152 39.87689399115206 
Car -1 -1 0 333.49483306113905 191.25240511443644 461.94115070273415 272.0179224581588 1.4133973 1.5899158 3.7928295 -4.134761 1.5535029 14.774643 1.5543292 89.80021902300153 
Car -1 -1 0 125.96150183866547 182.714137477467 303.4294548964042 266.4271607007883 1.6003345 1.6598163 4.091202 -8.368486 1.5525124 15.789028 1.5721478 91.19417346108166 
Car -1 -1 0 398.16163678440233 179.6407258817362 450.58985172291426 213.70301234314624 1.5438683 1.6156192 3.7493575 -8.6973915 1.2911835 34.469738 1.5543747 20.05827168799674 
Car -1 -1 0 93.4857656266841 188.93853181151513 215.53972423769173 244.08494509791552 1.4397588 1.6149026 3.8048315 -13.077125 1.5590484 21.035862 1.4275022 16.154516544759648 
Car -1 -1 0 485.6022364932677 181.20315381714028 527.7201869447819 212.38118859670962 1.4805704 1.5481875 3.8006365 -4.985262 1.2900243 36.043953 1.5797815 19.22601826023886 
Car -1 -1 0 579.9810146886908 180.40941076084832 610.334286446675 208.0895017728109 1.463728 1.6051729 3.6056647 -0.6339379 1.2095706 39.817184 1.5721974 8.354289295208522 
Car -1 -1 0 377.6163551647956 179.30281170996065 422.28221843425 204.468460769319 1.4791586 1.5701858 3.6999633 -12.664955 1.1316175 44.126823 1.6035519 6.929465010216159 
Car -1 -1 0 514.2345371348184 180.69593023746106 543.7279255359769 205.0802807386791 1.4694154 1.5768949 3.8800862 -4.9723597 1.1970515 45.368538 1.3908122 2.353837120899235 
Car -1 -1 0 238.84591906361607 175.83941350059897 350.2290225326438 217.59273069407394 1.7027771 1.7085716 3.9439375 -13.088108 1.320395 30.233019 0.031900357 4.78974738206326 
Car -1 -1 0 438.5653164903388 182.09223968388903 481.7079245244757 207.85933246202123 1.4693775 1.5635011 3.6115398 -8.715515 1.2912612 42.858376 1.6553798 1.515000185798375 
Car -1 -1 0 614.9682239307032 181.44089865322545 634.0283665233601 198.76144055959278 1.4903871 1.5904342 4.1303425 1.5665178 1.1655755 63.95772 1.6203872 0.28308558464050293 

