Car -1 -1 0 901.6745931769483 169.50295251065506 1043.8347888973312 241.0343790522387 1.3858782 1.788637 4.2396727 7.948945 1.3209536 16.232666 1.7665668 81.72799990230153 
Car -1 -1 0 391.4194390327653 192.27061994064044 519.5560113447143 269.98082336869464 1.4315869 1.596704 3.8738246 -3.6061006 1.9280518 16.386103 1.0047166 118.12589548156978 
Car -1 -1 0 283.12622448533165 185.1489229270712 343.62407272321786 226.73760286029793 1.4894491 1.6195993 3.9992344 -12.0487795 2.0236127 29.22269 1.0129671 40.73852824248743 
Car -1 -1 0 805.0025334374575 166.36685567399002 888.1080843729442 230.11205059725458 1.4129355 1.5674988 3.4120395 5.7483964 1.2691455 17.821674 1.7726859 59.47094169496737 
Car -1 -1 0 267.9325188653161 183.42287159030445 316.76205014011146 218.95666798470813 1.5137613 1.6486148 4.1242657 -15.09869 2.0474434 34.2392 1.0389838 15.388030709778183 
Car -1 -1 0 467.2820814954073 173.60799167939652 554.5662242896516 210.0694764925247 1.5935365 1.6146243 3.5983 -4.4368706 1.6288276 32.676056 0.16762318 46.14296674736951 
Car -1 -1 0 70.96963424802865 189.67059420185808 112.48420978569315 222.65886929430118 1.5565681 1.6580915 3.782033 -27.322144 2.4931328 38.151638 0.9816763 16.896813863815048 
Car -1 -1 0 993.1528610254552 163.35660601318006 1204.2406079486932 227.91758302970456 1.4401191 1.6233892 4.14694 12.199202 1.228267 18.30251 1.066794 19.707865220774003 
Car -1 -1 0 415.36297540334465 179.67812713505404 499.0102056478464 211.56193248422892 1.6189914 1.6166637 4.0286045 -7.956132 1.985474 37.879906 0.030581966 3.9167518284430063 
Car -1 -1 0 530.4783355452855 150.66401953591253 833.8819424231626 341.24016160574195 1.9894677 1.7763091 4.5291433 0.69049656 1.7578214 9.927522 1.0217257 15.329614070269637 

