Car -1 -1 0 793.5345302029806 174.35527720352465 1222.7905819253585 375.0 1.5151881 1.6564007 4.196683 3.1838129 1.5339205 6.8762264 1.5346504 112.40105949264843 
Car -1 -1 0 629.5387072806808 175.28351760954746 672.9671200658254 206.3952432939728 1.4696684 1.4970442 3.334112 2.0412796 1.5972357 36.122845 1.4146512 14.214026459705442 
Car -1 -1 0 481.0671619054877 177.94783831678984 514.6127343424077 209.48921637380164 1.5755324 1.6383609 3.6680949 -6.019501 1.8620582 38.629875 1.3796554 22.023236262634533 
Car -1 -1 0 603.7192418369013 172.29012573342695 643.5054393130291 201.28561631636785 1.6486683 1.5305964 3.5026314 0.79367673 1.6166065 42.907906 1.334969 13.71230540364681 
Car -1 -1 0 576.3064175911733 176.64480083123425 604.7209008201845 197.67972661280496 1.527002 1.6462448 3.684419 -1.4857906 1.8264513 55.04059 1.3978126 16.16748225288414 
Car -1 -1 0 668.4440987419939 165.18519911293768 746.4615092695117 228.40409666729218 1.740239 1.6699165 4.2215867 2.872344 1.5291383 22.000183 1.536382 23.886457000659323 
Car -1 -1 0 556.4029158569688 177.47588509370152 577.9905396651828 194.80142420296713 1.4934785 1.5469053 3.435181 -3.8394413 1.9215375 64.99886 1.3939066 5.588588276356836 
Car -1 -1 0 268.85177996474687 185.1958449984274 361.6202744752019 223.4658064324833 1.4396296 1.6062733 3.9735389 -12.280533 1.9835882 30.039982 0.5806022 0.40102678537368774 
Car -1 -1 0 657.627264416133 174.48859834760043 718.089720976006 218.3568388416756 1.5230107 1.5896587 3.8245845 2.8703923 1.5890052 27.163961 1.4947809 1.186679162474716 
Car -1 -1 0 541.4462279534118 176.75426066005926 558.3845777999779 190.58222046202593 1.4790663 1.5948504 3.6131668 -6.6461816 1.9227375 80.1667 1.4091706 0.29599499702453613 

