Car -1 -1 0 846.1993625873205 175.10742891052107 1064.160476921972 262.5735177736282 1.4603825 1.583343 3.6166203 6.5762796 1.5106226 14.117676 1.0870167 96.16565444470217 
Car -1 -1 0 646.0377976717178 183.47678617908423 708.9508907707618 225.94102504522385 1.3974624 1.5608923 3.5322516 2.4252734 1.8152134 26.52341 1.4419782 73.79237231858447 
Car -1 -1 0 315.7811283221491 193.12138464289356 462.2408505571391 243.7796012997424 1.4447932 1.6068302 4.009306 -6.673506 2.0900226 22.116455 -0.025523264 50.63638086758551 
Car -1 -1 0 488.55648904520035 186.92013130895387 528.626294801662 215.4510173567362 1.4576781 1.6745434 3.9006472 -5.6494226 2.2904313 40.756958 1.582571 17.510401224027248 
Car -1 -1 0 214.92694244539956 192.7495026200631 403.2965257471764 259.6158521976653 1.4780643 1.6045042 3.8697407 -7.115179 1.9813874 17.36576 -0.044718247 21.077930810327363 
Car -1 -1 0 627.3611864882856 180.5457740517728 668.5019263172256 212.9227542433561 1.4818585 1.5373353 4.111168 1.8649237 1.8895378 36.134396 1.4939022 25.375297702451157 
Car -1 -1 0 155.57029698278393 193.9833064912965 375.95867479573315 274.08653489480054 1.5068536 1.6025997 3.8112528 -7.0010014 1.973016 14.990779 -0.06752399 15.75885804675899 
Car -1 -1 0 337.87230878873305 191.4863992745697 461.0100971173309 237.7703782616539 1.4760044 1.5513108 3.7167523 -7.0637255 2.1289237 24.473484 0.018962234 5.012508646460314 
Car -1 -1 0 366.1308330798254 191.33879610246336 475.47391628146534 232.94230853821662 1.4580748 1.5492945 3.6478627 -6.961872 2.1661525 26.825129 0.02171318 8.221517122250152 
Car -1 -1 0 382.0405912031032 189.40965769398233 487.2995248558514 226.99838425549734 1.4357677 1.5778747 3.8542824 -6.9850264 2.120627 29.053886 0.0026449794 3.778818583215191 
Car -1 -1 0 0.0 177.60176737867437 338.24485005774847 323.7338710257015 1.8320199 1.6638045 4.1490083 -6.1411486 1.9034805 9.981498 0.022650257 0.2895287275314331 

