Car -1 -1 0 457.45754154082175 178.17346249262164 519.1627625999089 221.73557365325422 1.5389879 1.5933118 3.434164 -4.581353 1.7561084 27.686146 1.6345401 49.27358095166263 
Car -1 -1 0 183.90419226521698 191.9141524576882 400.7325377838257 307.2998379972684 1.4249979 1.685597 4.397279 -4.879137 1.7965219 11.85292 1.5553083 135.3672232454687 
Car -1 -1 0 827.4183643817174 188.53707318662572 1242.0 375.0 1.4360328 1.6283803 4.100132 3.4845185 1.626116 6.6799 1.5515668 107.23848342115826 
Car -1 -1 0 749.2055190711106 181.44639593643316 927.657326657115 295.34496212569314 1.519713 1.6779245 3.832006 3.5206943 1.6836638 11.842648 1.5599856 83.7574526121338 
Car -1 -1 0 721.1024676353667 179.37247848668216 822.7162166068518 252.4457677523578 1.5296527 1.6490135 3.8213089 3.7733817 1.7039914 17.372631 1.588723 61.391487428454006 
Car -1 -1 0 698.3868192415689 178.40222679696242 774.280655108275 230.4692278926987 1.4722658 1.6108165 4.0426397 3.9140444 1.663851 22.876202 1.5480018 32.49039853377092 
Car -1 -1 0 485.181815796581 178.43738496509695 535.6044252080343 214.03088584959505 1.4703089 1.5635567 3.8104773 -4.381752 1.7357061 32.355865 1.6198626 26.590174076900666 
Car -1 -1 0 692.5058337340562 179.2360504063776 745.7559480860187 219.93534206325015 1.4716365 1.5138052 3.2938786 4.2339487 1.7364681 28.276571 1.5468366 17.219982037908675 
Car -1 -1 0 636.9292652389297 174.50064034280413 687.7036419617053 190.47581243001994 1.4412596 1.6936715 4.591379 4.815942 1.5945956 66.24098 0.044938833 13.804060392127989 
Car -1 -1 0 16.62858820256412 180.72041068393682 172.42268776834374 228.5438146068266 1.4846616 1.5885186 4.103322 -16.830143 1.753192 23.67283 0.08108647 3.6022916477412683 

