Car -1 -1 0 252.95002459947875 193.95411203793796 432.378905388829 303.1168604602295 1.482489 1.6272144 4.1445956 -4.4305186 1.9138016 12.674926 1.5684437 105.75686904785802 
Car -1 -1 0 0.0 206.01448683922004 337.8376240904703 375.0 1.4569179 1.5844908 3.8299766 -4.593315 1.9198837 8.154207 1.5764663 96.09990466259033 
Car -1 -1 0 706.2327592085395 183.95362674140975 761.618445554638 225.4127267036991 1.5156329 1.5639851 3.4657578 4.9437065 1.9896466 29.063927 1.548852 25.547084651011044 
Car -1 -1 0 531.5924959694518 185.07212424646033 575.0361788431632 214.84072498368184 1.4775183 1.7816827 3.941693 -3.023329 2.1811206 39.516693 1.648902 21.555464165274508 
Car -1 -1 0 735.6808642556856 172.15924839271779 857.9384065646324 260.771837222177 1.7975273 1.7870299 4.608261 4.205091 1.783434 16.963135 1.5967855 86.69167450423986 
Car -1 -1 0 595.7445765348043 183.49815446962236 618.2916671764293 200.65962292752442 1.4783318 1.5780797 3.70943 -0.2072089 2.4882011 66.511734 1.7067314 3.9800038979020935 
Car -1 -1 0 719.9930737371324 186.0513025961599 788.318025342364 238.53694523516546 1.485932 1.6308854 3.8683074 4.594908 1.9499583 23.395191 1.6237233 11.43314557648291 
Car -1 -1 0 697.4678499920811 183.5466880953509 741.1215683007965 218.42368871815913 1.5059049 1.6238446 3.8118632 5.1540833 2.0424826 34.274067 1.6068577 0.29533064365386963 
Car -1 -1 0 521.3548598748555 176.6455443104802 550.3642137093864 197.4523214934405 1.5668766 1.7497938 4.2439675 -5.807132 1.8790772 57.2655 1.6003245 0.284401535987854 

