Car -1 -1 0 345.4859857813164 172.8452143439302 476.15767487454235 258.87421707518587 1.509809 1.6827874 4.0146046 -3.8642046 1.5096548 14.698637 1.5356221 131.55756974447638 
Car -1 -1 0 684.9835287959421 163.97730096597292 810.0556643235178 258.3636261889588 1.5523922 1.5713568 3.6809587 2.4682157 1.4063952 13.731539 1.5393772 81.28863051593207 
Car -1 -1 0 657.8714747094643 164.03022367435258 745.7831907254806 225.85354341310094 1.4880306 1.591951 4.3823757 2.375884 1.2756503 19.59991 1.5135201 58.62186353474642 
Car -1 -1 0 748.9480125241515 171.0119629188726 978.112484235176 318.40143603785447 1.509229 1.5837455 3.2805693 2.9386606 1.4903669 9.068665 1.5172569 93.58768080027369 
Car -1 -1 0 418.1830710941868 169.12375645969783 503.3730790739597 227.26353982536875 1.4811108 1.5969999 3.9190593 -4.078692 1.3860828 20.341467 1.5698359 42.63761283443679 
Car -1 -1 0 648.9748173684039 161.2955776564404 710.7715793957304 206.64434575010603 1.4827837 1.6284552 4.133995 2.416799 1.104854 25.69247 1.5277617 7.18126608265582 
Car -1 -1 0 641.0281058666445 161.204840787633 686.56144637268 198.25631670902942 1.5211778 1.589986 3.6654305 2.30949 1.0429121 31.482355 1.5362902 1.4427988262846543 
Car -1 -1 0 577.0673857894069 162.07146650811237 603.2733964586629 179.4002573529804 1.5696285 1.626565 3.649076 -1.8373697 0.5929546 67.33048 1.3048178 1.404478978803965 
Car -1 -1 0 479.3189647840602 165.83384085639008 524.5318752089767 203.01878111250744 1.4833452 1.5044644 3.7439692 -4.5175467 1.2033037 30.68305 1.5313767 0.33225661516189575 
Car -1 -1 0 0.0 113.28520349254622 145.43042125921684 181.18801494849453 1.5362504 1.5463982 3.827592 -13.464876 0.18855077 17.259424 0.08624315 0.2555879056453705 

