Car -1 -1 0 300.5765468935193 181.43313286973924 390.5348640984848 231.88902507105493 1.4725084 1.5798328 3.566356 -8.175302 1.3621178 22.769718 1.5613348 59.175400479380635 
Car -1 -1 0 373.4833195081342 174.84705844690197 503.5526644890727 267.11877373597315 1.6194685 1.6819681 4.204891 -3.2637062 1.4374876 14.720279 1.5694479 91.99842720846964 
Car -1 -1 0 475.4839119767894 180.27127777910198 526.3911425365621 219.88473731525116 1.4637718 1.5723532 3.717129 -4.1377892 1.2810687 28.444431 1.5402443 52.34965191120202 
Car -1 -1 0 558.8301914906564 177.8000518961694 606.580366214666 220.93997308261376 1.5145483 1.6780896 3.3546371 -0.9363326 1.2542012 26.951347 1.5251145 37.68982381902503 
Car -1 -1 0 3.175948491828365 178.03261230020723 255.37726212543797 290.738506262254 1.5841985 1.6579354 3.8812096 -7.6689997 1.4832327 12.048222 1.5667379 96.85862552084141 
Car -1 -1 0 154.3082950464429 183.64025896014326 267.22745045177726 231.49119311033533 1.4370948 1.5963202 3.980415 -12.856705 1.38978 23.600056 1.5440546 28.933611137824933 
Car -1 -1 0 267.73710782015894 178.92945060814594 339.01928528810754 217.05393540134983 1.5121244 1.6274878 3.6054335 -12.736274 1.2627941 30.35107 1.523441 18.177145563351058 
Car -1 -1 0 513.879947570772 178.44532713346905 544.2103055885095 205.56068860801687 1.4561397 1.6225746 3.9560144 -4.37602 1.0925596 40.645184 1.4831524 2.824702196894148 
Car -1 -1 0 350.47092165774643 182.94853608663584 406.68930544739555 220.50157877690293 1.4107497 1.5356488 3.534905 -9.104211 1.3255795 28.854975 1.4450102 1.1234411580811805 

