Car -1 -1 0 555.4913534359661 168.48077549768686 604.9833284158641 193.12282285459446 1.4809558 1.610585 3.880875 -1.8933928 1.2181304 45.456078 1.0883484 20.91490287897769 
Car -1 -1 0 809.6960732758594 164.6278214322303 859.2620626275655 186.45579006025528 1.5300672 1.4889563 3.2901244 16.290066 0.9534395 52.37317 1.0411727 31.49284172438059 
Car -1 -1 0 602.2744528032484 169.28197209823406 658.8478878637457 193.2584171776971 1.4521011 1.7046146 4.445896 1.2780229 1.2357658 46.06797 1.1053585 14.323716727851531 
Car -1 -1 0 515.7346315409571 166.3914270370211 568.277115650726 196.7230320246588 1.73511 1.7270516 4.286443 -4.1357784 1.3654203 43.578568 1.1076343 10.554553968658562 
Car -1 -1 0 768.7342571366881 168.1937992862474 818.8766150177909 190.24300026507177 1.4899367 1.5620155 3.496246 12.895071 1.1750314 50.67124 1.1414616 2.585833749151455 
Car -1 -1 0 897.2461128401617 168.8109089998082 952.8140872759147 187.785333023236 1.4333968 1.6886814 4.066373 24.729404 1.1279668 56.70527 1.2362835 1.6516491921126453 
Car -1 -1 0 743.1384053219185 167.31489736649 796.6921980811727 191.22840481968024 1.5400143 1.5369252 3.6290498 10.716793 1.1832994 48.43107 1.0919303 1.7224246132966992 
Car -1 -1 0 852.8612810144217 168.66498916058768 909.6654030190281 189.19991892275996 1.4953542 1.6032442 4.062376 20.387104 1.19031 54.12639 -0.4357051 0.37718313932418823 
Car -1 -1 0 942.8436440947254 168.35913520394507 1001.8474664394491 187.93810360207152 1.481682 1.6378253 4.131311 28.159342 1.1415228 56.017334 -0.31194615 0.2558920681476593 

