Car -1 -1 0 457.0027344131259 184.14880487765518 514.9683729161044 223.82726002005214 1.4041245 1.5762459 3.7046955 -4.526883 1.3663697 27.290983 1.5707192 48.94359835953443 
Car -1 -1 0 321.23870344989535 186.04470009482407 399.21752917711166 229.23441110251312 1.3878832 1.6317827 3.599676 -8.492224 1.4188443 25.009096 1.5207677 16.638454256645353 
Car -1 -1 0 359.36890494786303 189.13403232395447 473.0759367734039 262.0419691944438 1.4150686 1.5744133 3.9176702 -4.1308813 1.5137789 16.136818 1.552999 88.9640010043306 
Car -1 -1 0 173.11164257397962 180.57925712711557 324.9359007444814 257.97469852524927 1.6333635 1.6482093 4.134628 -8.376633 1.5355154 17.253582 1.5516012 77.9041252291093 
Car -1 -1 0 578.7485205857478 178.10427587693331 608.2845738833837 205.76664029019307 1.4735425 1.5735465 3.2342901 -0.75161296 1.0947251 39.92086 1.5565045 17.375289573739998 
Car -1 -1 0 490.89698399642896 180.9712972993791 529.7273671166173 210.5449328118106 1.4542985 1.5750922 3.8308334 -4.972324 1.2455779 37.28186 1.5495015 12.794135208568783 
Car -1 -1 0 405.6735755469926 179.4724659834948 454.8768522342872 212.86491862360324 1.5789554 1.6144855 3.6858344 -8.759419 1.3073878 35.850006 1.5503399 7.304040690068755 
Car -1 -1 0 384.07803288047904 178.57725352872245 422.976402894651 203.0314583858604 1.4807756 1.6112539 3.8007846 -12.832158 1.0787978 45.478428 1.5045779 5.189168382455328 
Car -1 -1 0 295.7824901499303 172.46634825802929 366.44235776866054 214.89439480938566 1.8063755 1.7124549 4.327759 -12.489776 1.2635715 32.801876 1.5305772 6.2361855858761865 
Car -1 -1 0 124.70471017796127 190.14393646057897 231.9258698321497 243.83640975911317 1.4888358 1.55616 3.5221016 -13.057873 1.6531179 22.117434 1.4436038 3.772573870672244 
Car -1 -1 0 511.7956498344402 180.9698102522348 546.6383069764119 203.82819944803765 1.4223084 1.5898693 3.7819092 -5.111459 1.1581182 46.768764 1.2791376 2.2618682530279495 

