Car -1 -1 0 672.7042128194025 182.06675429075142 757.1499832701735 243.21373578019254 1.3687515 1.5565528 3.956625 2.6218474 1.6334625 18.741577 1.5548788 85.92547924669184 
Car -1 -1 0 659.9896896600987 177.5550451173422 711.2117822567866 217.40467754060867 1.4061408 1.5468872 3.9227521 2.869732 1.6006539 27.889393 1.5655828 31.981276873838986 
Car -1 -1 0 92.42736441010577 181.7713867921695 390.62742247155563 277.6252912163141 1.5172026 1.6602623 4.3492193 -6.226656 1.6831208 12.508171 0.04020802 153.21722088715117 
Car -1 -1 0 552.882273285867 175.1019977630743 583.4403276148607 202.00925582653792 1.515683 1.5458366 3.2865572 -2.4086456 1.6535178 42.58112 1.5924911 13.883925270853632 
Car -1 -1 0 289.4200155290145 168.8755142726758 466.96575833699023 233.70499076179152 1.7067442 1.6869471 4.3472137 -6.2610493 1.6020038 19.855606 -0.00757815 56.07509514427919 
Car -1 -1 0 638.3830997984438 172.91550972231303 669.5634643810201 198.16713580108555 1.559135 1.6222744 3.7671423 2.820912 1.5632601 46.476276 1.5282636 11.828682550763173 
Car -1 -1 0 436.2299540324303 174.31606863390547 522.150236606529 208.37711503558427 1.5628841 1.6440649 3.836246 -6.1107726 1.6339545 34.131107 -0.063759476 12.804962959906668 
Car -1 -1 0 488.75999991632636 175.52198122304972 548.9886541875555 197.685857351441 1.4930835 1.6336069 4.026531 -6.216284 1.680593 49.771835 -0.061471887 9.413320770872266 
Car -1 -1 0 394.77182553191153 180.22096922126724 504.63530332365247 220.01164427824222 1.4613628 1.5749161 3.8384368 -6.1253624 1.7557412 27.847954 0.10493561 6.9694889449429605 
Car -1 -1 0 372.92499706087204 180.78209578164248 504.55386043141385 225.3698221686014 1.4751543 1.6123865 4.178585 -5.907065 1.7627065 25.194399 0.0825909 3.432039853599856 

