Car -1 -1 0 241.29683184375108 189.55906198705577 454.06841803895185 340.916360729918 1.5500209 1.5954492 3.498828 -3.2030387 1.8117454 9.541462 1.5532478 113.93171473899079 
Car -1 -1 0 864.4289623761215 192.71053060576267 1242.0 375.0 1.4172184 1.5705192 3.9324427 3.7994623 1.6598847 6.8144426 1.6214467 125.94915887320258 
Car -1 -1 0 682.7101131888858 179.93191075888237 743.4479764034826 227.21707373455652 1.4485626 1.5966345 4.244086 3.480599 1.7137294 24.888645 1.5981047 29.139256913248463 
Car -1 -1 0 737.5163325726553 176.23443624640862 901.1116703054505 288.15316943001784 1.5843141 1.6402436 3.7870622 3.3416436 1.6505213 12.230257 1.5611441 105.78549938844662 
Car -1 -1 0 545.0245731110956 176.69406071649252 576.08781095312 204.204293142996 1.529837 1.6245365 4.0213833 -2.8572297 1.767916 42.711838 1.5558052 21.00092162183633 
Car -1 -1 0 707.2529351038203 182.29303916695235 797.251127421659 247.39863750240852 1.4760829 1.5486616 3.7446973 3.5998907 1.7465378 18.789648 1.5548805 13.240316010329222 
Car -1 -1 0 674.9726145452765 177.11831462493117 720.816333694952 216.2824006601723 1.52434 1.5554371 3.386396 3.6383114 1.7126752 30.161072 1.5875143 9.443710325263934 
Car -1 -1 0 467.86388904731723 168.7555374095149 547.0866861052629 240.93925317413743 1.8752415 1.7434773 4.494329 -2.8478403 1.7687685 21.006363 1.5537145 31.99953140153518 
Car -1 -1 0 665.7622713789261 177.26558147549738 703.7393771622202 209.38111600597912 1.5383567 1.4857413 3.488523 3.790614 1.7742002 36.81007 1.5441496 4.231706239554871 
Car -1 -1 0 654.7782876445555 175.5979325047703 689.9823797517895 205.03015221163022 1.5927033 1.6151057 3.8604465 3.5536408 1.7573564 41.352432 1.5528653 0.918273152060954 
Car -1 -1 0 506.98173834900547 178.76092837981832 561.657280485962 225.30582100448586 1.5497793 1.5965749 3.872244 -2.6851504 1.7821989 26.453306 1.5719235 0.31376639008522034 

