Car -1 -1 0 117.26677913311927 185.6528317076312 464.34674473277227 375.0 1.4435325 1.6800059 4.4742794 -2.9635377 1.6240379 7.906986 1.6109533 149.2359172372125 
Car -1 -1 0 479.008657882894 175.2433787174445 542.1722277177352 227.34904202996415 1.5121092 1.5021529 3.3651533 -3.0518024 1.593154 22.783878 1.580568 71.06301981993724 
Car -1 -1 0 761.2336270650168 191.5139039089788 1056.6746190668719 375.0 1.5039394 1.6351286 3.6343584 2.8960567 1.7548782 7.8650427 1.5442841 112.42809351928776 
Car -1 -1 0 668.9983588080071 180.03888885499674 728.0361993252648 222.49877807648792 1.4412925 1.6580338 4.099322 3.2769246 1.7332339 27.25444 1.5536187 49.93242520758344 
Car -1 -1 0 367.61362000022166 175.6830467922513 499.866550716831 271.8047625509245 1.6034607 1.6263092 3.7442975 -3.2471528 1.6658294 14.026988 1.5804969 81.59690797078828 
Car -1 -1 0 702.6475458392017 189.10638784197573 846.802285212053 283.58741892997136 1.3712807 1.62711 4.12486 2.8326428 1.7169473 13.26688 1.5495214 73.13668113509137 
Car -1 -1 0 651.3260383296384 174.82609856070872 677.2088864170466 199.6540884731246 1.5551848 1.5981219 3.713574 3.559276 1.6898892 47.39081 1.6201997 16.918275176994165 
Car -1 -1 0 513.974811869589 175.75842378944384 563.7459470671553 214.83897707765414 1.4953244 1.5833297 3.6545482 -2.851369 1.6224676 29.734495 1.602412 9.241970473272643 
Car -1 -1 0 571.2261229899526 174.31427850011815 592.5766317011419 192.47787779629851 1.5775454 1.5842168 3.629193 -2.458558 1.712488 64.821014 1.6261368 4.134720075001436 

