Car -1 -1 0 0.0 207.4502311802493 272.66706886295026 371.8136729331047 1.5195074 1.5868409 3.809743 -6.067401 2.0607407 9.380664 1.573842 98.09680926579162 
Car -1 -1 0 439.1801008439192 186.41475510344816 493.2011214116241 225.18744194838234 1.5577677 1.6114072 3.5349734 -6.29861 2.1933193 32.028145 1.5972179 39.6300104646679 
Car -1 -1 0 645.6103610267337 176.9302432467348 688.2964545755576 210.06992375084468 1.5234809 1.5901265 3.7736795 2.7755632 1.7353725 35.576134 1.5110569 41.91097285379961 
Car -1 -1 0 101.28645703538783 201.95112239106243 174.15970777574978 233.63354676646188 1.5018715 1.6161635 3.8226895 -25.86786 3.1813636 39.707264 1.533628 19.108346820907173 
Car -1 -1 0 466.1877952225589 186.9282221221683 510.90350600575135 219.01924123784332 1.5077688 1.5695873 3.8398395 -6.239094 2.2781382 37.550156 1.6028531 13.648821787703197 
Car -1 -1 0 186.44795747558646 197.6725974308113 254.16658565958338 228.80313993949085 1.4632913 1.6329023 3.6950219 -20.799013 2.858572 38.71465 1.5733652 22.37942290520702 
Car -1 -1 0 146.3694649805318 200.3325508578641 217.47375401860634 230.9011318459455 1.4463115 1.6057597 3.9573689 -23.432894 3.034065 39.702816 1.55804 9.81491128255004 
Car -1 -1 0 491.14522054139303 181.4918537830505 524.824436510048 208.0379449968724 1.5615008 1.5405099 4.0924764 -6.4037437 2.134674 45.82769 1.5766035 0.2883744239807129 
Car -1 -1 0 605.8279026357992 178.03053477984653 661.076558040422 199.15339243329623 1.5831935 1.6204873 4.0748653 1.8630164 2.002683 56.707882 0.55574554 0.7500012528424622 

