Car -1 -1 0 703.1326589443364 197.6341457171365 869.8829752337018 264.8697964258126 1.4996715 1.613833 3.665569 4.288376 2.1439068 17.784962 -0.0929882 133.1445807625306 
Car -1 -1 0 851.8611232798154 197.1221787071028 1242.0 375.0 1.5212191 1.6491402 3.738346 4.5006976 1.788958 6.9851503 -0.08217824 127.41599684965554 
Car -1 -1 0 207.09574705737603 193.32162651938967 390.9277590195943 256.3994166808356 1.4968626 1.6367183 4.069748 -7.933488 2.0553544 18.71966 -0.075058885 89.35964607688544 
Car -1 -1 0 40.66740973807904 192.54918609043148 316.71876476881835 280.417343564404 1.5030731 1.6053392 4.2089977 -7.9149656 1.89401 13.513567 -0.0027710947 49.36728925083698 
Car -1 -1 0 0.0 193.75153592924585 258.41156440744146 307.0615414353247 1.498178 1.6105604 4.081126 -7.6805544 1.8361871 10.771221 -0.046548754 52.56691673918218 
Car -1 -1 0 679.2984260723349 197.9106378484486 823.1691242331144 255.516812310465 1.4662663 1.5603704 3.6427758 3.857162 2.1908073 19.993477 -0.05020522 24.034538066666293 
Car -1 -1 0 462.814352778062 192.42236718896885 494.0947141531102 215.33012647427603 1.6165588 1.6675689 3.474358 -10.226726 3.1910653 56.131283 1.1681986 6.868249746301117 
Car -1 -1 0 275.2090248987196 188.0045399195981 398.96065524414297 242.07121011068793 1.635614 1.5864661 3.5721383 -8.809784 2.1544805 23.58482 -0.196057 12.932319300296768 
Car -1 -1 0 245.0128365444318 188.45002984316156 393.5525721358113 246.4731364598846 1.5680529 1.6230012 3.7771387 -8.408844 2.0495477 21.181747 -0.15551472 3.802682799119853 

