Car -1 -1 0 752.148628095909 186.19644124869404 878.6550702933014 273.6902161970559 1.442611 1.6017375 4.3041196 4.0193167 1.7562501 14.764013 1.6321144 101.16594092153206 
Car -1 -1 0 833.9444585330091 193.9328322384866 1158.4125698773353 373.91165368517784 1.4950442 1.6932988 4.26436 4.1514554 1.8106878 8.651327 1.5965725 116.14601014994258 
Car -1 -1 0 729.9891620653617 180.93429311665955 811.35281303824 241.10902768288807 1.486016 1.5591934 3.390316 4.3667536 1.7290175 19.98843 1.5910982 67.4323766838775 
Car -1 -1 0 543.6106145040978 169.29415097217645 590.5272262124859 204.29437718933818 1.4827359 1.6523372 4.1324406 -1.8588034 1.3319277 32.677284 1.6283798 40.69362695007437 
Car -1 -1 0 704.1799981892977 175.51759821906754 763.9014393676277 220.90933251233608 1.5624629 1.5639002 3.3416078 4.5420284 1.6673479 26.723469 1.5473292 44.775357282917994 
Car -1 -1 0 688.1869296950813 174.7086118627582 736.8073648388762 212.0104126945779 1.5153272 1.5622654 3.6342769 4.406766 1.6005098 31.316542 1.5621256 16.613643597158518 
Car -1 -1 0 451.2233266585976 171.33897691313823 549.9447325438683 248.71503839983876 1.561644 1.5708473 3.6432598 -2.356167 1.5310669 16.411854 1.6077499 19.720596308713798 
Car -1 -1 0 351.25288166325817 142.35160001792383 526.5686722706665 301.3643452733292 1.9357364 1.684181 4.320594 -2.3269422 1.5644164 10.953321 1.559458 43.531076380099684 
Car -1 -1 0 674.6666447933561 169.64498835384296 718.214544572021 203.02488817734277 1.6069567 1.5734477 4.173994 4.3752217 1.4524701 36.85092 1.5332599 1.4594450976217554 

