Car -1 -1 0 746.01781153018 189.6660133714719 983.5120010713835 337.08611240482514 1.4181675 1.5420386 3.440303 2.9582963 1.6723992 9.129318 1.4819225 132.27617949070697 
Car -1 -1 0 666.2829139573261 180.72604747077787 757.5019081315547 245.13643141351153 1.4463346 1.6163595 4.2309146 2.5456336 1.6757048 18.875448 1.5278202 98.71693989086278 
Car -1 -1 0 656.0014924072725 178.3139026093236 706.2754082904167 216.32422788837104 1.4226444 1.5376303 4.0932264 2.8729668 1.6628222 29.670143 1.5391779 28.918412572837575 
Car -1 -1 0 340.5242521459309 185.14111170873866 488.16338934271107 234.0924646562207 1.4430299 1.6228548 4.1762085 -6.056416 1.8443965 22.65049 0.05207789 59.35965906119039 
Car -1 -1 0 83.24744263232338 191.07399854106222 357.32103232397304 286.301660447571 1.4294186 1.573737 3.818637 -6.4295855 1.7597532 12.136959 0.08425891 70.91305891862355 
Car -1 -1 0 155.9566471350585 186.7376838320058 388.7366869383709 266.2136868980177 1.4838843 1.6171999 3.9566114 -6.6953697 1.7807887 14.596573 0.012673482 36.09154617332271 
Car -1 -1 0 227.74641079472337 180.19384416262017 416.8847751349662 252.11573197605196 1.5791171 1.5887002 3.8461914 -6.698288 1.7622638 17.0232 0.09920212 35.75940488897377 
Car -1 -1 0 353.7906836861912 181.2496427618272 478.4243915818292 227.03468263427752 1.5278438 1.6078303 3.9264426 -6.685241 1.8305984 25.198929 -0.008406489 10.537937336259395 
Car -1 -1 0 0.0 196.69011891718617 288.97006178593324 315.7927846737741 1.419811 1.5501316 3.8897204 -6.6382213 1.771904 9.801243 0.042441204 44.41993105163319 
Car -1 -1 0 637.4774116828729 173.01370435046863 665.714298724064 199.07292805623902 1.6984779 1.6328627 3.959999 2.8187852 1.7097738 49.04412 1.5563238 7.126594371572868 
Car -1 -1 0 380.38136906071315 168.71065702248785 487.96998266313125 214.99229239762727 1.7256114 1.6457155 3.7253776 -6.6900997 1.5711267 27.7639 0.020765048 8.529144175652265 
Car -1 -1 0 144.41612758454482 169.9330277198319 220.86160715675638 203.84537141624577 1.6044769 1.6648518 3.9143333 -21.274244 1.4662783 36.13433 1.5204276 11.461683254551547 

