Car -1 -1 0 243.37337836855448 189.39612768789007 445.5063483190598 310.64938498757977 1.441913 1.590025 3.7857141 -3.5981069 1.5144031 10.572102 1.5704768 97.34378591965302 
Car -1 -1 0 698.8025922196858 189.67035794505398 804.9095526767569 264.47867434980583 1.3842409 1.5187252 3.3984766 2.9372585 1.4891208 15.214937 1.5567685 94.78976958815078 
Car -1 -1 0 436.51663069976075 180.82985936744035 512.3245993090085 241.1190773933846 1.6084883 1.5915519 3.3381405 -3.7628894 1.4914762 20.850239 1.5677404 102.99144136722346 
Car -1 -1 0 0.0 187.0748708896137 187.51220367164328 314.0741355535227 1.5245433 1.628585 3.7062984 -8.019455 1.5567124 10.561328 1.5404861 83.89100460945825 
Car -1 -1 0 649.7825380371374 182.52103495152505 701.5588125842254 219.56379370211698 1.4422562 1.6245271 4.09503 2.791521 1.3373398 30.065992 1.5321038 47.74848093255801 
Car -1 -1 0 382.05833283034275 183.44278292701642 443.1985104723869 219.63232765296834 1.4518361 1.5810871 3.6844833 -8.22813 1.3807111 30.688652 1.5806024 48.01280700303154 
Car -1 -1 0 479.7404014414644 181.4196594399597 535.6892986157904 220.85781518614903 1.4921288 1.5680654 4.0627527 -3.970987 1.348507 29.257793 1.6094072 38.45941639002427 
Car -1 -1 0 586.1265408232393 180.7950977860883 609.4862423211723 201.56366649552615 1.481836 1.5463722 3.6890454 -0.72351307 1.1664264 53.179752 1.5079756 13.180115233012272 
Car -1 -1 0 255.81610078752308 186.30408360596414 367.07577110899456 243.34792137224647 1.4423407 1.5346302 3.3347373 -8.086737 1.475159 19.958729 1.6410084 9.3122753844927 
Car -1 -1 0 622.7053932877016 182.00507929351426 645.4421864673766 200.09449110369428 1.4445148 1.5931363 4.008502 2.1912625 1.1881335 59.434486 1.53587 4.203930482518862 
Car -1 -1 0 458.25398482353097 171.05635476561739 490.2353245505564 193.71292126340995 1.479944 1.604779 3.801565 -8.998205 0.555045 48.885735 1.533311 1.0987677965254992 
Car -1 -1 0 534.5256695274428 180.62980715452494 557.8890591392636 201.2202008320367 1.4279647 1.5706319 3.827635 -4.4277077 1.1099285 51.843613 1.4576991 0.37606707215309143 
Car -1 -1 0 0.0 146.11016663746875 116.45943172023723 186.20429659210933 1.4504633 1.6893809 4.2196717 -21.469038 0.03576398 28.123411 1.5613118 3.767576152776983 

