Car -1 -1 0 734.8006494720369 197.36257954952575 1008.48525239165 365.50666026637674 1.4148526 1.5736201 3.8802357 2.7946 1.7772584 8.662815 1.4749868 126.0387468806046 
Car -1 -1 0 604.7888317847803 188.23389702999378 667.4177304368494 237.39397972849832 1.4008178 1.5747291 3.905519 0.7958392 1.9519899 23.840275 1.4775165 89.8633265481108 
Car -1 -1 0 418.3023172243952 189.99329359107878 461.74012126819804 222.6461433993199 1.5682063 1.6335806 3.6882133 -8.993652 2.527933 38.51764 1.5169797 46.391571644797516 
Car -1 -1 0 0.0 209.7831913819692 260.5429587677655 375.0 1.5225222 1.6029589 3.6873577 -5.720797 2.0695133 8.754026 1.4384637 119.15276204040623 
Car -1 -1 0 590.950219350687 185.4669325744179 640.8410421579229 226.6025402097666 1.500232 1.5762291 4.042684 0.19440949 2.056023 29.6977 1.4583957 34.074349619527965 
Car -1 -1 0 831.9231403520414 169.3244535314423 950.8973135202255 220.96816319564385 1.578136 1.5607955 3.4036503 9.2015085 1.4702795 23.602852 0.54920185 26.748326579076494 
Car -1 -1 0 578.4282454641263 182.3297687174864 601.7085150746511 202.8233093813566 1.540712 1.5951182 3.4844966 -1.5863756 2.3228695 57.7415 1.4656241 7.060588994157925 
Car -1 -1 0 812.7363344107276 176.9099918204543 923.0904592920865 221.2820558042049 1.4997449 1.551947 3.5588763 9.376255 1.655968 26.23188 0.5215223 2.3506380452395645 
Car -1 -1 0 764.3664212780162 177.78908249691634 864.9777266194102 220.18616818806794 1.6350439 1.5863487 3.7555268 8.445867 1.8491409 29.7454 0.4694458 1.7443352239749461 
Car -1 -1 0 152.42025981924962 197.33574725833697 195.867522190499 217.29229395652024 1.4784417 1.6108522 3.68383 -36.156292 3.5790017 60.01021 1.493658 2.3278923381049075 
Car -1 -1 0 1043.4318354740103 163.91575948987992 1178.6550782273232 211.4726503817174 1.4687834 1.5852995 3.802452 16.704342 1.1927278 24.274157 1.4376339 1.1487982781480304 
Car -1 -1 0 218.46124670125172 193.68181578905194 271.3585524895476 221.73085246801952 1.4749385 1.5940865 3.6044672 -21.45744 2.758491 42.59397 1.4718919 0.2565550208091736 

