Car -1 -1 0 169.17317380609137 200.6073515299328 428.1372025543585 370.0953226042241 1.5312577 1.6706469 3.9618618 -3.5946877 1.9612046 9.176115 1.5450988 125.46129263595644 
Car -1 -1 0 747.5135333875236 181.71027395791194 1019.6603724641382 369.0413424852586 1.562957 1.6033647 3.6606126 2.707768 1.6841475 8.03379 1.5587473 83.41294913056426 
Car -1 -1 0 354.76939119159357 195.39009656929224 485.0324464537591 285.9457708386092 1.4782437 1.5778319 4.052156 -3.714229 2.0047436 14.8237095 1.5799681 93.78988966600676 
Car -1 -1 0 690.8349045204187 182.4540961645615 827.7000319010014 277.2891462130533 1.4869405 1.6217737 4.3409686 2.6915462 1.7017785 13.952311 1.5394949 93.40360993333833 
Car -1 -1 0 464.73568815151816 187.07998329895676 525.2333282978724 236.37746604702983 1.5101281 1.5389342 3.8046374 -3.908084 2.0429745 25.115576 1.5603645 35.16486037639886 
Car -1 -1 0 662.781615715793 178.95435619843917 722.3079723989433 225.47686184182706 1.5049179 1.5766495 3.7122798 2.8821719 1.7382429 25.71556 1.5370741 25.17262599231631 
Car -1 -1 0 675.4379077398482 178.72225487014904 760.5717317099676 240.9928666392629 1.5170612 1.6361357 4.1872606 2.8975902 1.6976681 20.091858 1.5439053 39.81927573091213 
Car -1 -1 0 627.4002665254122 178.9193586809659 664.9352648248835 204.16947019724748 1.5497532 1.5941873 3.8014135 2.3537822 1.964082 47.27153 1.3803287 9.367238167617813 
Car -1 -1 0 421.04584615849336 188.2720914570932 500.63191861362844 249.90845243599415 1.5042958 1.5321598 3.5752096 -4.085621 1.9764643 20.302105 1.561703 21.7746497886031 
Car -1 -1 0 851.2925872137058 156.90897098211545 945.9486559462975 191.73594132837405 1.5324054 1.5779396 3.7283113 13.070553 0.8308154 32.79782 0.14484264 3.553547080876111 
Car -1 -1 0 592.5985058517184 181.72385879827473 613.9666496328372 199.88851278182116 1.4600701 1.5562618 3.7553465 -0.56456 2.2438579 61.823193 1.487777 0.6870807378989296 

