Car -1 -1 0 146.3539659229597 192.40645725778086 384.04438040158016 324.30608205246904 1.4712428 1.6143022 3.884372 -4.725791 1.810427 10.570957 1.5753531 116.80262071632735 
Car -1 -1 0 313.527426802102 188.41206481766628 452.97768852720986 267.00419120458673 1.4021494 1.6559955 4.3087153 -4.78014 1.791744 15.8998165 1.5882096 89.48054337470555 
Car -1 -1 0 764.1668655633865 184.83843873329022 977.7074919514254 312.2064740028514 1.4593912 1.6256634 4.197275 3.5930815 1.6733239 10.772099 1.5591264 119.9696909907905 
Car -1 -1 0 484.9068003409109 179.88519055544143 535.2846351522984 216.91603699655295 1.509752 1.5694532 3.310697 -4.3228755 1.8358779 31.765163 1.6342083 47.40470319049886 
Car -1 -1 0 722.3723368601884 180.77965721362423 836.7188883974754 260.517509907701 1.5017959 1.6287867 3.7990775 3.587936 1.6969985 15.86925 1.5734023 61.25955487842655 
Car -1 -1 0 706.6103171410853 179.75297734455944 780.2328417139652 236.11866704509006 1.4969213 1.6060753 3.6936705 3.8913276 1.720259 21.488857 1.5995897 46.195160934035904 
Car -1 -1 0 502.93558211910687 179.50523395225872 548.4051966978552 210.89703596878562 1.4576173 1.598098 3.9970415 -4.1722965 1.8121253 36.41355 1.6327158 16.25276733639299 
Car -1 -1 0 691.832959978193 179.56754182333722 749.6910151916558 223.2217747285492 1.4776374 1.5520916 3.7978368 4.071683 1.7457489 26.911907 1.5650034 16.65185958684765 
Car -1 -1 0 604.4717694344886 176.20870857438237 651.9244913140283 191.15989162768057 1.4285876 1.6834016 4.527755 1.8408247 1.7611058 70.46693 0.09464064 10.298711871785564 

