Car -1 -1 0 727.5529943845871 183.5601564557248 882.032392319386 238.40635546849632 1.525217 1.7280076 4.088251 5.699831 1.8563703 21.37556 -0.038681686 102.93122377293186 
Car -1 -1 0 947.4875149421964 195.83441914474645 1242.0 321.61449306490925 1.4067829 1.5613518 3.6753688 6.540543 1.7304772 9.278362 -0.0574885 103.14275666979471 
Car -1 -1 0 880.7880087186268 186.087208067198 1152.196760556396 291.03983637577977 1.5222008 1.5737503 3.5098748 6.412701 1.7513595 11.593536 -0.06622796 59.99322885271748 
Car -1 -1 0 67.51155301983955 184.40459441765765 379.8238840865823 295.66008453337935 1.5433884 1.5931284 3.9336083 -5.7344475 1.7333732 11.026098 0.023108289 97.7539831321199 
Car -1 -1 0 638.2421027044608 182.45736112627014 674.4957930291805 213.87935319654002 1.4187627 1.5679195 4.125617 2.2778213 1.9242731 35.912167 1.5785265 20.204286163077462 
Car -1 -1 0 209.49460659033812 174.86805209088996 419.96898141065384 255.87982680595098 1.6813276 1.6632669 4.0026116 -6.395484 1.7287179 16.000584 -0.07389864 52.02557752118771 
Car -1 -1 0 393.14937947038374 179.4124762076379 506.01061194866213 220.39939680973671 1.6021278 1.6231964 4.216788 -6.4359784 1.8760896 29.305655 0.010913638 36.01143457657335 
Car -1 -1 0 0.0 193.65063577828974 273.7380527666104 328.2758461948139 1.4404321 1.55656 3.9083312 -6.410878 1.7181835 8.806572 0.026608322 35.19429262683842 
Car -1 -1 0 309.35397280814294 184.3698965226955 461.7507245133696 236.61015386233822 1.4408247 1.5848403 3.9559693 -6.451601 1.7896005 21.053001 -0.0037487922 16.89925896660406 
Car -1 -1 0 144.482898745981 188.08361996501569 404.2228059820148 274.7372548547585 1.4578916 1.5864054 4.0737324 -6.0598145 1.7574644 13.319658 0.039633144 26.273322190626345 
Car -1 -1 0 620.927272006809 176.96607994045573 642.3325581069538 194.89764745798675 1.4997923 1.6019442 3.8061972 1.9609783 1.8714082 63.231033 1.6742839 2.7447430597336386 
Car -1 -1 0 260.23476282173255 182.84372616510493 437.98204706788226 243.44624575148083 1.4710182 1.5833042 4.0153704 -6.6157503 1.7400576 18.608831 -0.015837137 5.488766382954647 
Car -1 -1 0 558.6523960565848 179.48224568842673 579.4261447560427 197.97678084879317 1.4437537 1.5573927 3.8888783 -3.3838143 2.0113735 59.77879 1.4729393 0.9410104614028953 
Car -1 -1 0 418.1941236232018 176.25075215015463 503.5101250863674 209.80825077267895 1.6568527 1.5911443 4.005673 -7.4952054 1.8329692 36.599854 -0.0076297615 1.5379423413643534 

