Car -1 -1 0 589.2442326720517 190.19406280045646 747.6977100884371 290.2457321228574 1.4054477 1.5833972 3.7970808 0.87570816 1.7642484 12.8869295 1.2918819 126.10024981405883 
Car -1 -1 0 486.2583159786167 183.06172812960577 543.9381653001292 225.9815846398463 1.4555085 1.6272566 3.8836617 -3.6729672 1.8749006 27.554188 1.2920936 58.42050326670919 
Car -1 -1 0 24.390464381241486 203.51415176193265 215.82330890481506 326.7034066778765 1.4548372 1.5757271 3.6229134 -7.517426 2.0256445 11.466552 1.2554247 70.11747890682541 
Car -1 -1 0 307.0069712140134 187.02529399539156 346.3099522772873 217.5062110950183 1.5383108 1.6650498 3.8993344 -15.810417 2.3744428 40.470406 1.2988436 19.94329680938034 
Car -1 -1 0 474.3427438192152 181.73322216517042 518.2676726657111 218.20559810325094 1.5180483 1.6102655 4.2623644 -5.2990737 1.9569162 33.398647 1.3197889 16.83512177100124 
Car -1 -1 0 679.2237943603435 166.9266635666756 774.84446631068 209.4734502828185 1.6070118 1.6116685 3.4588597 4.673294 1.3831334 28.687006 0.4145804 65.0480542510841 
Car -1 -1 0 88.72496160544188 192.26261643831197 175.34199222245454 221.57451343041132 1.5572741 1.6352829 3.9148514 -27.530367 2.7191012 41.730717 -0.36439824 1.8882494056822436 
Car -1 -1 0 461.06319257403 179.310920457578 482.5779576636313 198.9857773118231 1.5687723 1.6105844 3.4766243 -11.535219 2.1272168 60.56994 1.4297256 0.27245989441871643 
Car -1 -1 0 1126.9500387979328 127.18630659217004 1242.0 163.70998473084705 1.4506346 1.6124291 4.164149 25.584341 -0.43375015 31.999607 1.2740471 0.2713627815246582 
Car -1 -1 0 899.119725765462 137.9981336823734 972.276772084178 165.84880484913387 1.4619925 1.6351764 3.8219228 18.447916 -0.41804874 40.988575 1.2539425 0.5204879641532898 

