Car -1 -1 0 679.3140235239807 168.76293262150233 782.9862649420705 246.95673312937666 1.6032507 1.580976 3.6102037 2.6789443 1.5193692 16.64453 1.5090474 128.18832135813324 
Car -1 -1 0 758.1866520345789 186.12548217396963 1090.4330481296727 375.0 1.4609277 1.6105711 4.047965 2.803841 1.636165 7.48645 1.5493689 105.10937359218492 
Car -1 -1 0 653.1460355072779 173.88116450583547 698.0223813418736 209.10747623487725 1.391319 1.5405095 3.5676215 2.7257004 1.4371305 30.391613 1.5639981 44.89000445887006 
Car -1 -1 0 360.4066035592428 172.29004317274644 492.64428956780193 214.68749378483676 1.4577187 1.6304117 4.281092 -6.432972 1.4383285 25.645748 0.010518253 28.266830206804755 
Car -1 -1 0 209.8498327267286 175.75229131310294 427.87047076433356 252.31294848979488 1.5086727 1.5868657 3.9731245 -6.034872 1.5735685 15.222501 0.07159105 42.772605721941126 
Car -1 -1 0 257.54751959789036 174.14754209618167 447.6793318623368 237.4497640763706 1.4807901 1.6030939 4.146752 -6.2852364 1.5145824 17.883667 0.08051581 26.14600062615351 
Car -1 -1 0 411.45476308057533 170.40460961297953 512.5943229989257 211.22268839329573 1.5250007 1.5528214 3.5714185 -5.6166925 1.4334891 27.736094 -0.0013302958 19.265798926971364 
Car -1 -1 0 277.90951065768394 160.6891808710851 442.1960835229965 228.22057872451145 1.8036354 1.6702799 4.0179777 -6.8679376 1.478736 20.150785 -0.022377638 1.5102625062111987 
Car -1 -1 0 476.17832206443364 164.79861347142574 538.0556595494571 190.74734669844534 1.6541045 1.6257775 3.9251924 -6.6341877 1.1406128 47.005634 -0.10341366 2.593487445925599 
Car -1 -1 0 660.9254727646332 166.73943237558527 691.2479821436352 190.46366211407536 1.6454322 1.6221304 3.7341876 4.7524366 1.2213463 51.956917 1.5091654 0.6205048860478687 

