Car -1 -1 0 684.7237309977758 172.77576436082305 815.9753870758561 275.63718373141796 1.8006053 1.7077796 4.3105783 2.6980133 1.7992357 14.816208 1.5335687 108.53353309508883 
Car -1 -1 0 0.0 185.066811359877 292.69746045940786 310.53493522800784 1.4900714 1.6091926 3.8387392 -6.4821057 1.6668378 9.589374 0.02591353 77.81787120108541 
Car -1 -1 0 172.69307335441067 187.3789064142572 401.71787543287 266.61661522871077 1.4352853 1.5693944 3.8822463 -6.3122807 1.7430706 14.351541 0.080352865 47.46073470262612 
Car -1 -1 0 66.87628504569327 188.44261899470894 377.09257262603353 286.3163155344354 1.4737496 1.6386979 4.263759 -6.2489543 1.7499977 11.957593 0.0044751074 52.389139007416134 
Car -1 -1 0 655.7309171798358 181.74436990198652 716.418879261214 227.95842878189524 1.48138 1.6317513 3.9324615 2.663935 1.8249272 25.888866 1.5362239 31.79047271900664 
Car -1 -1 0 636.7699814308173 180.41881800497936 676.4995473048582 210.32543715453502 1.4489646 1.6631963 3.9484096 2.4249618 1.8682743 37.98448 1.5258179 23.724708421221187 
Car -1 -1 0 277.26595604414797 179.56008632376634 437.57550219822747 245.9684283953245 1.65147 1.6184118 3.7056105 -6.560328 1.8374535 19.07196 -0.07113588 34.57541160452341 
Car -1 -1 0 227.54769693489652 185.71423574601346 415.5289907820954 252.30496834691255 1.4598253 1.5766026 3.7914808 -6.6768765 1.7770958 16.969799 0.022641981 10.856504939318274 
Car -1 -1 0 389.4877158507428 176.0704407227198 497.4987654797528 218.51670703475517 1.6160598 1.6440148 3.8707705 -6.4870853 1.7466317 28.445164 0.012335928 14.890447352083916 
Car -1 -1 0 669.7133063816212 184.84049014041636 748.8362669471505 242.5573792383884 1.4295971 1.5970929 3.6486518 2.7351103 1.801014 20.50053 1.5274007 9.527030212637555 
Car -1 -1 0 458.1920781622833 173.66175250256896 526.6270818828544 204.576982065088 1.7150843 1.6401765 3.6311278 -6.6037025 1.7618426 40.92041 -0.015083382 5.245362130790386 
Car -1 -1 0 422.5367362642796 179.235413866823 514.1447684603015 211.4243599473738 1.5378664 1.7010099 4.3738885 -6.978766 1.8661668 36.015495 -0.11942973 3.9584377249390847 
Car -1 -1 0 303.9890696173646 170.35568028609674 459.8394071445284 234.4524806792558 1.8273505 1.6861118 4.116979 -6.6762075 1.7561252 21.467932 -0.026570082 9.295048751632603 

