Car -1 -1 0 680.343186471528 186.83498558089468 758.9991244312205 243.48118595234737 1.4290004 1.5804541 3.446695 3.087911 1.8668468 20.834293 1.5184826 71.67183139218176 
Car -1 -1 0 794.132487588441 181.88131591712585 1140.0602162562698 375.0 1.6102484 1.6393936 3.7236543 3.1651087 1.7247417 7.2868886 1.5676923 96.74965301315673 
Car -1 -1 0 744.5851679671755 186.54086390945938 845.3605360896578 225.30850566338535 1.4247429 1.5749664 3.5541534 7.1410513 1.9732804 28.030502 0.05677293 43.20782983286007 
Car -1 -1 0 10.676549807645275 183.65408586992885 333.1849109379485 293.6026617451786 1.5460136 1.6428411 3.9904485 -6.600477 1.7271317 11.210386 -0.034550104 95.90009760843897 
Car -1 -1 0 219.6755570138013 182.31868032308242 424.869722433358 256.1562489407286 1.5180348 1.6317968 3.8629289 -6.2036495 1.7370067 15.869339 0.0041651973 41.822091640731095 
Car -1 -1 0 140.19167812132807 188.23788814617697 406.26961411338556 275.0958042301315 1.4627934 1.6058581 4.162263 -6.0566945 1.7659659 13.341088 -0.036513932 47.76269891878521 
Car -1 -1 0 332.54125953407106 177.76454499715453 478.9241816148309 239.52995125467464 1.6870924 1.615168 3.730879 -5.7588763 1.8333944 20.668644 0.011217106 38.56599373968199 
Car -1 -1 0 468.60630501031375 179.40801877477003 541.538779885271 206.42774838643552 1.6125176 1.714398 4.245513 -6.379766 2.0234237 44.36135 -0.008725897 21.860612754760123 
Car -1 -1 0 277.9357738265519 186.7158402569439 461.2419754013619 248.44319470377096 1.4589567 1.6043947 4.116931 -6.0033503 1.827938 18.327429 0.03750627 16.68121407687149 
Car -1 -1 0 367.7824290609734 177.77030172240396 490.14701325922647 226.02522396254145 1.6254604 1.6285198 3.9527736 -6.285652 1.8050995 25.429989 -0.061735317 11.764114968772528 
Car -1 -1 0 722.0253924141371 181.09461980019535 824.3964438515516 220.54289255488084 1.605463 1.6707745 4.0389485 6.901807 1.9674494 30.731386 0.064429134 6.703047557267603 
Car -1 -1 0 490.78111382206555 176.862368803478 554.7967460881795 202.8736865599481 1.7276939 1.7081876 4.2734604 -5.9232273 2.0080214 49.362476 -0.117505044 9.018518967150662 
Car -1 -1 0 693.3866528620902 182.034238716072 775.8750482756077 211.65228289856068 1.5226507 1.649475 4.13103 6.6223145 2.0232868 38.487907 0.017386455 2.089501365688788 

