Car -1 -1 0 610.8875137210886 181.82730612129075 680.3773147211218 240.14358877769615 1.562567 1.5807416 3.493282 1.0055547 1.855165 21.710163 1.4697449 114.10793372999392 
Car -1 -1 0 114.01377668895043 195.7413671032332 345.78791639401686 327.4860548977052 1.4905505 1.6987116 4.268795 -5.5074234 1.914064 11.141421 1.468308 130.25783599495816 
Car -1 -1 0 583.7244640294325 182.948470197376 623.3121554879436 218.88588539431464 1.45396 1.5341237 3.4196935 -0.3126806 1.9254906 31.942944 1.4975739 35.726451844105966 
Car -1 -1 0 402.8554123026569 190.08202799078472 458.5824388746902 234.10702252283633 1.4594207 1.5351787 3.4835358 -6.6568656 2.1505358 27.13877 1.4765742 37.41157856742133 
Car -1 -1 0 700.9097761371806 171.9976383923221 930.6122121966902 323.9040282595528 1.6194829 1.6208842 3.5674684 2.472196 1.6103531 9.571605 1.4310215 125.87624775759276 
Car -1 -1 0 429.6387213531738 183.16181851643628 471.75677144898395 219.43407923758974 1.6524305 1.6165521 4.076973 -7.9047046 2.1994982 36.182526 1.4662318 13.320482364880338 
Car -1 -1 0 566.429273516335 180.82815780388552 593.8404101016728 206.981118850289 1.6114516 1.6296647 3.896649 -1.9806385 2.1608267 47.69778 1.4831465 9.694676261542964 
Car -1 -1 0 734.6592527245622 177.25898095419123 876.8924918926564 232.77208168421657 1.5584188 1.5737481 3.757785 5.7684364 1.6952724 21.415651 -0.117133744 7.591205958654663 
Car -1 -1 0 755.3279561813083 155.25478285932004 835.4461001757512 214.60517158637614 2.1775475 1.6857507 4.0813627 7.2602882 1.5318375 28.603882 1.4440014 0.8573772286078583 

