Car -1 -1 0 745.7707688562111 183.50320671802547 908.1622854832215 297.2948041640581 1.507911 1.6194943 3.7212696 3.3422303 1.7097592 11.794922 1.5971502 85.40380867506907 
Car -1 -1 0 714.8174826857548 178.53368103798 818.3832517325703 256.5999463636013 1.5716118 1.6479967 3.9327693 3.514276 1.7195086 16.801765 1.5963991 83.36874142233333 
Car -1 -1 0 677.7381129418294 183.39214521891213 726.5331855850283 221.20968657029601 1.4426894 1.5407441 3.4460363 3.821059 1.9095969 30.231377 1.551734 51.56134039580456 
Car -1 -1 0 194.64745396404692 184.0823462464815 427.20926772231934 256.1172541054901 1.4188384 1.6302782 4.2611227 -6.203919 1.6703346 15.3179655 -0.013241902 115.40356888157177 
Car -1 -1 0 0.0 186.09949845540928 338.1255802323055 333.39339948286704 1.4954014 1.6485276 4.199514 -5.5867863 1.6680892 8.452093 0.063053414 100.30560330609829 
Car -1 -1 0 314.68537152204334 180.80705492241523 470.8225406107795 237.2536548269478 1.5435501 1.6763154 4.0008616 -6.180337 1.7831063 20.855843 0.01990505 49.094949288046436 
Car -1 -1 0 387.52141402127876 179.59513372751923 505.33439974255407 227.0775228827923 1.5973518 1.6117562 3.7624745 -5.667323 1.8419724 25.346811 0.016165584 16.414683471842416 
Car -1 -1 0 361.688824693267 181.49131748318501 506.3252429076505 230.84589871368343 1.4907355 1.6219763 4.197728 -5.53407 1.7774725 23.03431 0.051968023 10.159572809023269 
Car -1 -1 0 429.6373513330792 175.65710975939552 534.600088162573 218.21739008157547 1.7047672 1.6494638 4.006237 -5.3049397 1.8267164 30.222887 0.17868754 6.040812208472769 
Car -1 -1 0 500.92649593760535 176.94820652813078 537.7267986021275 210.60373719968032 1.5777494 1.622581 3.9699302 -4.4947133 1.7956016 36.356796 1.501798 2.7140360013008946 
Car -1 -1 0 719.3447054227888 177.21429469713894 800.4637516474135 206.76944442623503 1.5856797 1.6856973 4.2583885 8.291283 1.8342259 40.075844 0.10108335 0.6980418551578823 
Car -1 -1 0 548.4538796143866 178.8939825660348 574.7518469661326 201.1844373216449 1.6141446 1.6554036 3.6243439 -3.628535 2.090628 55.083153 1.602756 0.5757075600499296 
Car -1 -1 0 485.318438179998 170.26895034906636 556.2063943101791 200.0543147840931 1.8002007 1.6902436 4.124612 -5.4430213 1.6439624 44.533558 0.03879131 0.2931932806968689 

