Car -1 -1 0 483.5272206990425 191.32453786314167 548.6253152523337 246.29532272826637 1.471034 1.6098285 3.9053512 -2.8393285 2.0999827 22.60054 1.5501533 55.32516618657306 
Car -1 -1 0 728.3108510893328 190.8047527174004 941.9655036059019 338.5285123272244 1.4799893 1.6086278 4.0031724 2.7437952 1.7717643 9.722159 1.565452 107.67015752379062 
Car -1 -1 0 246.59739479844623 198.71547440111635 471.50682858379525 350.51143811941137 1.4513159 1.5775453 4.3333993 -3.0675051 1.8807731 9.810235 1.5644456 109.06159530367025 
Car -1 -1 0 692.4828664644425 192.23464286482 809.379333864156 277.85788958798906 1.4453998 1.5818809 3.9664598 2.797004 1.9044064 15.087464 1.5472908 73.8716798630104 
Car -1 -1 0 663.524283552038 189.4672950000534 745.0660758056041 250.07703930444754 1.4489727 1.5432718 3.798869 2.557024 1.960497 20.267103 1.5002663 52.026748546722715 
Car -1 -1 0 633.9512739081755 185.3629329360853 664.8711453784136 213.37577966803204 1.5394528 1.5502924 3.7811775 2.3497128 2.3226824 43.268093 1.5449214 22.326202490577803 
Car -1 -1 0 656.3711738348989 176.67158219336582 720.3767914671704 236.14064687529543 1.8717115 1.6006787 3.8061407 2.6377497 2.0137496 24.902374 1.5169282 41.85404297903606 
Car -1 -1 0 525.4950838847273 187.64752272996645 565.5095412803842 223.8288166224954 1.4808723 1.5859845 4.367564 -2.9163923 2.2137003 33.538673 1.5440438 24.827042921908347 
Car -1 -1 0 559.9341145368873 185.26782269237793 584.4762274311455 204.65241169028414 1.4907818 1.6617959 3.9438167 -3.0770426 2.5588365 60.070953 1.617285 5.916646200426693 

