Car -1 -1 0 864.163378488777 176.90444648016836 966.805891473224 271.1839401170693 1.5909944 1.6661499 4.253228 6.2486115 1.6860523 14.652781 1.9980154 77.61563804837427 
Car -1 -1 0 141.51158306789716 219.0487441449839 443.276717042241 375.0 1.4961629 1.5794926 3.466376 -3.818293 2.1462467 8.581154 0.5440364 151.30339488109036 
Car -1 -1 0 1130.5071766974227 166.45127200583948 1242.0 247.34114015303723 1.5872605 1.6534953 4.073544 13.155594 1.461623 16.345064 2.058595 78.55721546717433 
Car -1 -1 0 0.0 230.57827323866243 224.90349114592092 366.3676537944553 1.4839379 1.6411039 3.922734 -7.8370605 2.4995866 11.007664 0.52078456 99.9524854074854 
Car -1 -1 0 931.4301110599632 178.34060993714797 983.3578765427588 222.28096429141672 1.4778829 1.568408 3.3264914 12.739926 1.6938529 26.564478 1.9732561 17.803377078659484 
Car -1 -1 0 1087.1147173456275 159.63233552565438 1159.7661001517035 217.72914031670194 1.8984044 1.5914159 3.6565135 18.108753 1.4663656 25.567053 2.0464838 46.23616847488923 
Car -1 -1 0 1067.5514155413298 164.84118837650712 1114.5045356636042 206.3956437686388 1.8997755 1.591167 3.7727666 23.30372 1.5334477 35.022636 2.0769744 11.501645475726388 
Car -1 -1 0 1121.224217198496 167.9237061487072 1213.2830643845236 227.94936957227335 1.6188177 1.5570042 3.2503066 16.317917 1.4858537 21.260609 2.0376406 6.434881666905979 
Car -1 -1 0 1034.2893453761517 171.68987469306438 1059.2832221454664 191.2093798099256 1.4777393 1.5334053 3.7839177 34.29346 1.389608 56.651012 2.0769894 2.376146854080701 

