Car -1 -1 0 796.8994892102353 179.97377843627615 964.25574730596 249.1736924235755 1.4388463 1.5962751 3.58629 6.384078 1.6294289 17.359512 1.0611255 104.68549552865032 
Car -1 -1 0 633.0436309430391 181.2928494389283 690.5996903207282 219.31377055767723 1.4208995 1.5754429 3.4937043 2.0834768 1.7892485 29.641129 1.4039286 62.684119338488664 
Car -1 -1 0 336.74737341804496 185.76633742173024 470.40888931670565 230.47377355539103 1.4740963 1.6603265 4.2082577 -7.1100254 1.9408967 25.194683 -0.028603286 42.3973925938896 
Car -1 -1 0 615.434349010779 179.81904348710916 652.9504763546843 209.74159696304278 1.5007021 1.5604028 4.1958485 1.290653 1.9013336 39.34701 1.4866389 11.24070591077909 
Car -1 -1 0 258.98442280085226 184.7509047753849 423.5332442666525 240.28435838616565 1.4805532 1.6242884 4.054198 -7.507075 1.8311963 20.430464 0.011682139 17.09875234357661 
Car -1 -1 0 0.0 191.26905367011204 304.939670754485 302.8453728253198 1.4728012 1.59927 3.867954 -6.7525277 1.764588 10.613702 -0.01007356 28.45247263473132 
Car -1 -1 0 490.21445402934245 182.63147970234073 520.7984568064109 209.38139546887518 1.4949543 1.5926284 4.014868 -6.286829 2.1177983 43.898457 1.4904318 4.374062247362551 
Car -1 -1 0 386.4550266158432 184.71702414138767 488.3306900713906 218.79397907529489 1.4482417 1.6173983 4.151787 -7.595812 1.9894083 32.080452 -0.012513766 5.508545536936032 
Car -1 -1 0 372.0911076723836 183.9528411360978 477.16982561778156 222.05444746079533 1.4906006 1.5878936 3.886469 -7.560688 1.9614503 29.687618 0.067083485 0.6568406344782578 

