Car -1 -1 0 267.030483743185 195.48881194953066 397.8612422870523 276.0944340836211 1.4764662 1.551279 3.7015653 -6.0242233 2.040756 16.125359 1.555131 102.71733735267627 
Car -1 -1 0 94.14294810785857 203.56231471159916 326.50736625823953 327.5331611329039 1.4582994 1.5843861 3.8128264 -5.973375 2.0230548 11.353397 1.5580223 123.15239913978735 
Car -1 -1 0 431.4226953886028 188.66182527618474 495.34974430663146 228.49694117541503 1.4315252 1.6385942 4.158786 -5.9292607 2.1287787 29.715078 1.6109453 44.150502974354154 
Car -1 -1 0 874.1670806088617 149.10701947887054 1074.5192756003207 211.079404402186 1.4834449 1.6586853 4.2031655 9.055472 0.9150088 18.131042 -0.014369613 96.86867341329548 
Car -1 -1 0 361.0809136983929 191.26566872335005 451.78355815420775 246.28919837488948 1.4193087 1.6239616 4.259935 -6.10962 2.0398073 22.179478 1.5615995 58.25582942716971 
Car -1 -1 0 672.4306141648681 174.81095762870154 740.3374128947182 224.40330688596651 1.5049639 1.5976325 4.0333085 3.140512 1.5758691 24.100288 1.5366036 35.33873969621304 
Car -1 -1 0 660.9850946684328 173.33605589653496 711.9104731115888 216.63030720703895 1.6505466 1.6251904 3.9410577 3.0776215 1.6715978 29.53079 1.5603908 28.814424695657824 
Car -1 -1 0 861.5182000272265 147.44012463181147 1021.8772098484222 205.82689784882098 1.6000183 1.6371453 3.8549669 9.440163 0.9035819 20.682892 -0.047956385 29.542518377562256 
Car -1 -1 0 821.1028582551587 155.8995201442193 966.9878395521711 206.1447097083537 1.539804 1.6503901 4.066573 9.082652 1.0202203 23.181843 -0.123687774 26.290325798740653 
Car -1 -1 0 771.0561033912564 163.27080413067023 900.0505123476634 205.61198102119343 1.4591405 1.6447654 4.0967693 8.047648 1.1288891 25.873592 -0.09262559 23.293615617485425 
Car -1 -1 0 649.9452992796835 178.0886842779938 687.2751737541865 207.45210195308775 1.4936857 1.561635 4.012248 3.1787658 1.794766 39.46492 1.5313334 5.060404494740139 
Car -1 -1 0 464.71980767612683 183.82681632727494 512.293865467072 220.2400623852676 1.6350703 1.5716748 4.0503407 -5.9196258 2.2087502 35.677788 1.5977374 0.40812984108924866 

