Car -1 -1 0 676.0441382187902 183.14146434403077 759.1952805337721 244.6046097441912 1.467892 1.6401844 3.601219 2.842338 1.7742105 19.663116 1.5447986 105.05332642700529 
Car -1 -1 0 770.6996053978428 188.33424691273243 1090.6709616606568 375.0 1.5619376 1.6576984 3.761396 2.95609 1.7649701 7.575186 1.5616429 128.89126931673115 
Car -1 -1 0 259.14803130707065 177.78377912034878 444.61903372972193 243.2204701324576 1.552028 1.6616962 4.0929275 -6.426407 1.6833303 18.239351 0.07329718 98.56804291441104 
Car -1 -1 0 651.3198154552651 176.50725158618005 698.0166986446811 218.4573845898277 1.644021 1.6433945 3.9194546 2.6961188 1.8088068 30.582563 1.5755137 37.73139912442565 
Car -1 -1 0 0.0 172.77076895064113 341.7167879090471 298.79729372299926 1.6829398 1.6915171 4.082948 -6.272704 1.6818283 10.548333 0.033183634 86.93912755874673 
Car -1 -1 0 95.44549056858438 181.41171547060412 347.1404986357999 271.07534037878787 1.5006083 1.6112093 3.7787373 -6.9843063 1.6682634 13.195428 0.07247419 7.839243707113558 
Car -1 -1 0 415.27654809772423 178.81073688675082 515.0544060523613 216.7398299366042 1.545589 1.6658455 3.9922113 -6.0750313 1.8071537 30.697569 -0.07788534 13.792564993852846 
Car -1 -1 0 341.0407456433213 168.19138649876794 481.95814005903327 227.9318160752702 1.8438659 1.7049273 4.044733 -6.2787876 1.6999559 23.162642 0.019956907 26.16165769804962 
Car -1 -1 0 643.5812860420881 179.231530511729 684.0584346501204 213.18815053431928 1.590092 1.593653 3.9658146 2.6946235 1.9310324 36.55871 1.5290129 2.64499586441515 
Car -1 -1 0 510.3440015016428 178.8502222383795 564.2090695010778 198.42405099141112 1.5077434 1.6337259 4.0556364 -5.6816235 1.9886997 56.995895 0.03064004 3.5258051707670095 
Car -1 -1 0 627.8482536887431 177.17504035662765 665.232675643584 203.8404819998715 1.6082969 1.6093622 3.5352356 2.3170373 1.8951342 46.013054 1.3894092 2.7767353966044217 
Car -1 -1 0 316.73559583869684 164.3718031043264 362.89112006710354 189.78968132023536 1.6171256 1.5787631 4.0033746 -17.846815 1.0774746 47.909527 1.5676571 1.4596748351260966 
Car -1 -1 0 393.16612786354455 181.56710716951392 503.3917555930794 220.97042043370777 1.4713364 1.558248 3.933683 -6.2375464 1.8214073 28.15141 0.030217862 1.5951641137727686 

