Car -1 -1 0 688.5355912584405 180.4326091618534 810.6900776010899 267.7714517893203 1.5041232 1.6295023 4.2680855 2.7220843 1.6836947 14.947754 1.5523021 108.48703919141325 
Car -1 -1 0 411.8927387259876 185.3074608605873 493.75765470964984 241.93156597057734 1.4715813 1.716162 3.9631596 -4.5877175 1.8798354 21.644611 1.5374125 103.151429709523 
Car -1 -1 0 796.3121648259007 185.80359631551832 1092.5232639947287 375.0 1.5079796 1.4884396 3.3256204 3.0590107 1.6694835 7.329674 1.5794046 106.61891885221888 
Car -1 -1 0 673.7132963875893 177.9420231291318 746.9538323422436 237.48482530142908 1.5724595 1.6127338 3.7258348 2.8725798 1.7354279 21.242514 1.5641725 42.56989473946803 
Car -1 -1 0 459.4250856250602 175.54626412161193 517.7945909256332 228.1757939589327 1.8266613 1.5749096 3.8138094 -4.4736967 1.9350934 27.149422 1.5657535 58.13779910079598 
Car -1 -1 0 100.8022941863832 188.24819053864874 307.8665221959591 253.64197265691237 1.4272336 1.5854626 3.9950416 -9.424659 1.8071475 16.973478 0.020438043 89.54355330560638 
Car -1 -1 0 654.947971861745 178.858430970354 703.7856184476163 220.19674748509013 1.5654484 1.565036 3.6360235 2.8122976 1.8278735 29.696556 1.5438437 27.10055038413364 
Car -1 -1 0 487.8616491095537 180.2814389632029 537.018821780533 219.20603786977716 1.6063771 1.5771438 4.0370784 -4.3190904 1.9628787 32.59371 1.5971423 3.9130659835648403 
Car -1 -1 0 536.9990819455627 179.85364504700712 555.3289349355603 197.1270584747169 1.5362849 1.6185457 3.549636 -5.95463 2.2094007 67.53127 1.4575325 0.8795274895241256 

