Car -1 -1 0 178.19647688641217 192.1521381927123 397.53304533173576 316.67024284311987 1.479052 1.657532 3.8926466 -4.66336 1.8287122 11.124121 1.5671608 145.36454316613762 
Car -1 -1 0 346.6299955128834 185.69762178062078 465.779131297992 263.6591667128848 1.5355272 1.6374936 3.8788369 -4.576643 1.8693479 16.803724 1.5837835 96.88176190862825 
Car -1 -1 0 719.976791001282 179.82020481316462 830.1371631496463 251.77840826249934 1.4500949 1.6290357 4.078044 3.7398465 1.6337914 16.981533 1.5631533 68.52179497121229 
Car -1 -1 0 416.0538378257804 185.422003661357 501.94761018210806 239.12497061447795 1.4148304 1.6106439 4.3278794 -4.510155 1.840071 22.22374 1.6041859 52.77679208663236 
Car -1 -1 0 770.650529760553 180.58306797846808 939.2082964155069 290.91959669308204 1.4800149 1.6095235 3.6570354 3.7932396 1.6261647 11.790833 1.6020945 87.59052751496465 
Car -1 -1 0 514.9488675869485 179.25011749061656 554.176275975332 209.42633437943928 1.4914912 1.5169201 3.332354 -3.9165366 1.8444369 38.10219 1.6377401 39.05206470147919 
Car -1 -1 0 702.5962067425513 179.10209613057043 774.2626247556162 233.66964378191457 1.4964207 1.6047099 3.8354425 3.8630056 1.7051492 22.167353 1.5953937 19.238647740463932 
Car -1 -1 0 565.0734586397925 176.06723744165134 610.0183126700337 189.7033649945857 1.4274743 1.6722482 4.6342783 -2.3310354 1.7752066 77.05168 0.086093225 12.224662598593815 
Car -1 -1 0 694.7847507273706 177.84397056410285 746.3057028276518 219.80061109804046 1.4849494 1.529599 3.4149828 4.195054 1.6882659 27.67331 1.5954139 5.711627893336935 
Car -1 -1 0 1032.8450302236406 167.1757318558716 1145.0200073532467 210.66187422853838 1.5356307 1.6063442 3.5823765 18.041254 1.3351133 27.35233 1.4539783 1.7941770190453425 
Car -1 -1 0 530.420248703035 178.01864402038765 568.6456349446472 204.77688010698625 1.4835395 1.6319151 3.8325443 -3.5076146 1.8036941 42.74799 1.6578245 1.257893465233507 

