Car -1 -1 0 252.52938416858447 190.69260843028397 373.97251874733945 260.3740953837118 1.3764495 1.5788034 4.0221167 -6.618553 1.5189784 16.617779 1.4538324 88.36069951992555 
Car -1 -1 0 32.38386323715461 195.2893879836834 276.1855248853735 319.8098392853438 1.3766861 1.5427448 3.4824028 -6.031103 1.5432074 10.0625305 1.4519304 104.4248093146763 
Car -1 -1 0 330.77228803306963 183.03741844361346 404.88010595035536 229.90194425869393 1.4761834 1.6472936 4.275242 -8.166304 1.4075699 24.869308 1.4412746 50.04303153872964 
Car -1 -1 0 580.9129665071154 179.8245338006188 674.1381863268352 253.66958510032785 1.5870892 1.6498518 3.7529616 0.3798756 1.4712214 17.423576 1.4297523 107.20909089993394 
Car -1 -1 0 481.82557740653783 180.85952482867864 531.094968938078 225.09462897175288 1.5177476 1.6833018 3.4412427 -3.7388058 1.3682833 26.495556 1.4140097 45.13834800513359 
Car -1 -1 0 225.0738455162343 183.2119801752094 311.0050278377024 230.11859485833105 1.502114 1.6360751 3.816586 -11.685655 1.437948 25.022041 1.4344852 29.91001691087805 
Car -1 -1 0 394.88265511987953 183.37949161287497 435.388006443415 212.97726661641263 1.4303961 1.5796174 3.7341237 -9.750654 1.3416562 36.702835 1.4248226 23.98615768449298 
Car -1 -1 0 474.4586362691588 184.0322361507798 509.73488325089994 214.33771920874423 1.4210817 1.585919 3.2534401 -5.628761 1.3655869 35.417473 1.4524798 4.273426848349028 
Car -1 -1 0 376.8124525085132 177.52958800246157 399.59815345642744 197.81493710357202 1.5989907 1.6574185 3.874886 -17.864193 0.9931338 58.750168 1.3073153 3.079755066873112 
Car -1 -1 0 283.59718291490873 171.52184536048333 345.68287735220184 212.03987481592145 1.8273128 1.796847 4.1523285 -13.986528 1.2097371 34.59871 1.4341509 8.083945423439632 
Car -1 -1 0 529.287252555317 182.28436257160962 553.8403702747712 201.12956505145408 1.4631162 1.6359309 3.9266164 -5.3154964 1.2355312 57.88792 1.3932583 2.8477321951703134 
Car -1 -1 0 0.0 163.76398961891502 188.84954724826628 264.70529927831336 1.8543973 1.8021369 4.5579653 -11.04043 1.460307 15.58589 1.4354004 7.951763627539863 

