Car -1 -1 0 771.2306753980222 185.74733136151434 1033.4065878990302 290.5863834076977 1.4804015 1.5684136 3.4908109 4.491602 1.6999277 11.351684 -0.08733703 130.8924883401394 
Car -1 -1 0 7.969344181479033 182.52696848208606 304.16534901152517 275.6190659400107 1.4742905 1.6235739 4.0808816 -7.6821604 1.6542132 12.517818 -0.0452217 139.89948195185625 
Car -1 -1 0 452.7771470927468 178.41987896681977 489.8480039804856 203.84098397000002 1.6627178 1.6458665 3.7301557 -9.637944 2.065087 50.12374 1.127845 28.280833175948885 
Car -1 -1 0 721.7005245989022 185.28280259002932 947.4481865854757 269.988321540278 1.4703139 1.5503569 3.7664046 4.137432 1.7195017 13.619579 -0.038287282 25.135968234994763 
Car -1 -1 0 78.16468060222616 177.6133310346097 309.06864251040093 262.5939078616757 1.6050892 1.6427734 3.79323 -8.400349 1.7107408 14.886109 -0.1704523 19.18303198104148 
Car -1 -1 0 1078.6176274142078 186.9324662163739 1137.8694485287267 225.16171924339648 1.4497671 1.6128513 4.038013 21.406538 2.0928798 30.914833 2.2965422 13.068336790846674 
Car -1 -1 0 995.0731368555936 183.36289661598698 1061.3290631064153 208.11268830235505 1.4825665 1.6897143 3.851986 27.175793 2.1963794 46.97858 1.4189589 25.531704562753937 
Car -1 -1 0 158.65717565716872 173.72235293078646 343.22811971544877 249.964041327458 1.7103522 1.639624 3.696265 -8.497687 1.7327291 17.40361 -0.21181716 31.79437631092214 
Car -1 -1 0 207.57392160575904 176.69927336558578 366.69481674964163 237.39490273477927 1.5646582 1.5865711 3.7732306 -8.77766 1.6772146 19.93546 -0.21945235 4.447543900127705 

