Car -1 -1 0 188.4418221562437 189.54176456685468 446.95913853521637 365.45097277118094 1.5426539 1.5713664 3.5015256 -3.0936456 1.7780657 8.4199505 1.5809826 106.67079825304553 
Car -1 -1 0 694.5584792948853 182.60679916201258 758.1658422861884 232.1332027873615 1.4218655 1.5704129 4.163301 3.7366817 1.7701824 23.657906 1.6109674 44.258124647207644 
Car -1 -1 0 552.4670891618632 177.21246953805831 582.2930666766501 205.58656172506306 1.5330284 1.5944533 3.6834512 -2.3827453 1.7944711 41.418884 1.5437758 20.300218191577287 
Car -1 -1 0 759.5436583539283 179.29111654767286 947.3421479980987 308.64005905697775 1.6040246 1.6379212 3.6627076 3.4679768 1.7182567 10.967374 1.5776572 98.51362508199183 
Car -1 -1 0 721.1668187124591 185.49757244085825 820.3438542005223 255.3401626646685 1.457716 1.58013 3.8782802 3.821873 1.8019876 17.704708 1.5744817 22.797368321446637 
Car -1 -1 0 664.4672035502554 177.53419137928273 698.4674580068356 206.37413767207983 1.5138792 1.5798025 3.6631768 3.9743352 1.7873211 40.314564 1.5836362 2.1601877997914007 
Car -1 -1 0 467.62569572872974 168.02342263042783 551.3703299406867 244.97932926867125 1.8797957 1.7125258 4.4407926 -2.6236534 1.7617995 19.850277 1.5649862 29.551161653918673 
Car -1 -1 0 642.3314296442983 175.40913870056002 664.0986586378914 189.44431505318266 1.488498 1.5815151 3.881288 4.7713604 1.776572 79.30713 1.4118803 0.9195882374801685 
Car -1 -1 0 670.1997128055331 176.4573336084972 714.4076806641867 212.92534062128382 1.6892534 1.5962093 3.6353574 4.0332885 1.8765285 35.644855 1.5205584 0.4570105969905853 
Car -1 -1 0 686.6322436646818 180.90295698739237 739.3298455666585 222.06128530819367 1.4776883 1.583422 3.768276 4.0213947 1.8171532 28.538109 1.5818473 0.5554756623011086 

