Car -1 -1 0 360.54875493343343 183.33030657080207 475.95299153898065 252.34265191118743 1.4420811 1.6349512 4.308076 -4.341756 1.402684 17.17727 1.568309 87.56264705192206 
Car -1 -1 0 56.470220851318835 186.42923561545874 263.22092488851956 274.97416086048804 1.4503989 1.5953317 3.6335707 -8.245419 1.4765702 13.664243 1.5992086 53.10038488043792 
Car -1 -1 0 579.1062230656221 177.76077891559163 660.4226608282013 253.3111794768371 1.559685 1.6814749 3.4026003 0.30996466 1.4057834 16.566214 1.6010278 61.68967438730784 
Car -1 -1 0 77.15136211114954 194.70679963334376 352.4919926306823 340.63062396650616 1.394666 1.5157309 3.3983579 -4.473172 1.5331905 8.791733 1.5695591 95.69218239750523 
Car -1 -1 0 212.2025773875552 181.16301420041572 308.42273091280885 222.9810015456652 1.384698 1.6190296 3.9052377 -12.303276 1.2505035 25.769361 1.5536094 40.136880266931946 
Car -1 -1 0 333.9166570616156 180.41196826762484 412.2278379739946 223.01940599910705 1.4322602 1.61287 3.8340168 -8.391239 1.2707815 26.086308 1.564844 17.319493865799636 
Car -1 -1 0 226.18757938490373 176.7206687799592 267.59258702622685 196.90709744742645 1.6524221 1.6851625 4.2123117 -30.517387 0.95703536 61.01111 1.4905155 11.281168815051812 
Car -1 -1 0 668.2897090381935 182.74228630333582 699.4134783826449 202.39647413746286 1.5924532 1.6406159 3.7741358 6.46188 1.3920485 60.300957 1.9496086 4.608367422636627 
Car -1 -1 0 156.85489620626043 176.27550020814866 216.24573191372758 202.91839603394817 1.5937216 1.6569548 4.0140934 -26.288733 1.0589379 45.072334 1.4831095 2.663868043210628 

