Car -1 -1 0 105.92664177259438 201.30724205738414 428.5473206403015 375.0 1.5493412 1.5709674 3.427903 -3.050159 1.902516 7.23159 1.5843914 99.05801376414537 
Car -1 -1 0 701.5922661610928 195.83475068389941 768.926032574247 251.64217946334625 1.4330722 1.5601296 4.221827 3.8098335 2.2163076 22.444223 1.621003 48.607331738129616 
Car -1 -1 0 783.532161631136 190.5956167189557 1007.9359798593172 346.08217560845884 1.6044753 1.6405476 3.7325177 3.5790625 1.8909762 9.764075 1.5977618 95.70560189106554 
Car -1 -1 0 551.758888783399 188.07476825955578 585.5887509184809 219.34704492411987 1.5747087 1.6774329 3.9939482 -2.2355616 2.4666095 40.28018 1.5669067 20.70901160626558 
Car -1 -1 0 693.8748324850288 191.59620470353775 746.8466048626882 236.00864791434097 1.5074589 1.5318815 3.4504435 4.1877503 2.2715693 27.684635 1.5798739 18.90627310868208 
Car -1 -1 0 732.0280194025469 197.32926916324493 846.836017134555 277.99873498588374 1.4686201 1.6205192 4.1039953 3.935252 2.0961738 16.442547 1.578166 38.74192653977193 
Car -1 -1 0 680.8207495031226 191.43541728960682 721.9556170279614 227.05935630876422 1.5268912 1.5072112 3.3515978 4.3256364 2.4551172 34.36231 1.5627912 9.285679656600044 
Car -1 -1 0 670.0618869352587 191.3374837425119 707.0975833461541 222.63065409132054 1.5190291 1.5738411 3.6295557 4.224576 2.5647068 38.998367 1.5619799 12.424591838543078 
Car -1 -1 0 461.46683836730307 179.53299146420773 552.1069107767204 265.0153844102239 1.9014746 1.7183104 4.4506483 -2.5130553 2.0945096 18.625912 1.567841 11.052026085714973 
Car -1 -1 0 663.96151167837 188.25950014622043 694.1676923505983 217.23798133873152 1.6304648 1.5615396 3.9488451 4.26429 2.627306 44.6999 1.5893043 0.3333328068256378 
Car -1 -1 0 504.27222568756 191.5199294149106 568.8504098866376 247.41173620339498 1.6127329 1.6126031 3.6847186 -2.342364 2.2808874 23.950594 1.6163223 0.30511245131492615 

