Car -1 -1 0 758.0494589299494 196.33089128627364 956.8647600602789 324.3677132158409 1.4273498 1.6200294 4.2923603 3.4801733 1.8553922 10.995588 1.5880685 93.8943220303422 
Car -1 -1 0 501.1760058318132 177.38328810816057 556.005459610927 218.2178024635408 1.4736618 1.6618094 4.1316977 -3.12849 1.6660634 28.57513 1.5824833 63.37824628130459 
Car -1 -1 0 688.1253486535638 183.0139470180052 756.4126687788123 237.44194999226562 1.5448005 1.565899 3.4344745 3.4899929 1.8910447 22.857574 1.5515875 67.52332998410373 
Car -1 -1 0 723.1960523395579 188.91941739658571 831.2955065457037 267.7348882722328 1.5017323 1.5523443 3.307197 3.62187 1.8977637 16.10931 1.53899 69.01345353605245 
Car -1 -1 0 666.8426315570829 181.04171352309706 723.2429600594074 225.29537435794148 1.5261121 1.5586753 3.659337 3.1801586 1.8585589 27.434254 1.5264034 35.85923734583964 
Car -1 -1 0 346.03159402076756 179.24437044251928 498.1466283890396 292.15569295838804 1.5892546 1.5923431 3.7386642 -2.9839134 1.7142622 12.241257 1.5759149 34.653322723207275 
Car -1 -1 0 659.8847069061306 179.89889139519536 702.6079804995939 214.93678130453912 1.4746337 1.5402852 4.047353 3.2398787 1.8187044 33.211327 1.5646014 8.750482901867269 
Car -1 -1 0 79.56655200344255 137.52142402633 453.26784980218116 375.0 1.8735492 1.6934568 4.315569 -2.698656 1.6447144 6.871832 1.5190072 58.17032912113674 
Car -1 -1 0 527.4379074418946 177.1592014360425 568.4033257984375 211.79331934595325 1.5170872 1.5749707 3.9804778 -2.8563404 1.7324283 34.096024 1.5762111 1.3625284440809566 
Car -1 -1 0 599.99192725453 175.5546499768285 620.2803075814197 189.28630211603493 1.4901795 1.5677308 3.6528013 0.04185161 1.8007022 81.01569 1.3667417 0.8707560046075872 

