Car -1 -1 0 73.89801519011887 193.27151843127308 315.23473362321704 315.61229373563185 1.5679454 1.6770407 4.1599493 -6.5730963 1.9677196 12.036526 1.5572324 104.14196272830877 
Car -1 -1 0 466.14153731846056 187.32750575544156 528.6736975129137 232.7612677961033 1.4515918 1.7205764 4.374292 -4.048818 2.0306728 26.663225 1.5490861 82.55821396462123 
Car -1 -1 0 346.6250129340841 193.97823402400437 432.2094993533377 245.72055673765757 1.402066 1.5601721 3.6324992 -6.870765 2.1251292 22.870497 1.5849186 65.46191058359041 
Car -1 -1 0 508.75562801802226 186.1354760864289 549.1275419905694 217.2246758249173 1.4741228 1.576335 3.8245754 -4.170828 2.2055788 37.801884 1.6016111 14.451624627939408 
Car -1 -1 0 627.9824381980296 180.9613905924096 657.9937712354923 206.30806782879853 1.4512497 1.5826776 3.844875 2.0218668 1.9730132 44.494827 1.5468266 13.080560498131437 
Car -1 -1 0 710.7255506981021 173.3422933706218 803.082742384198 204.53789659723535 1.5796119 1.7239751 4.411216 7.6770444 1.6059648 37.75695 -0.15116134 16.357394342009272 
Car -1 -1 0 886.1607354933333 152.87603938459387 936.7190834994526 182.9741672971255 1.9158776 1.6204456 3.7211351 19.94975 0.6441927 47.83427 1.5116091 14.730070272922115 
Car -1 -1 0 450.95270447072147 187.80863548250423 498.89090001119575 220.26183502763232 1.5282629 1.5720018 3.6854985 -6.9605145 2.3472338 37.61925 1.6432633 3.214859777824267 
Car -1 -1 0 707.2034514940282 168.20729299447115 785.7887343614208 199.49747830422237 1.713099 1.6435407 4.036035 7.656159 1.4586973 40.51914 -0.09829181 4.883396945197944 

