Car -1 -1 0 352.7261420414489 187.75940824961089 437.3467917126745 243.06414744839898 1.4127197 1.5481751 3.911996 -5.9491854 1.4925854 20.558914 1.4913808 68.15688405272694 
Car -1 -1 0 239.98317717643278 193.47368428706227 380.36970894045936 275.38866132715333 1.3536699 1.5626662 3.5442169 -5.640498 1.5365672 14.08532 1.4796734 76.73487396330859 
Car -1 -1 0 637.5213939371462 181.98684798782435 755.3609912105541 272.75189317278495 1.6007829 1.6279427 3.7602873 1.6676785 1.5438371 14.622078 1.4835274 119.44855840885424 
Car -1 -1 0 520.9183475585548 180.5994319880194 565.3581464390304 222.73598966627705 1.5699352 1.6557999 3.3865793 -2.589464 1.3979411 28.561548 1.4540193 42.2463982456121 
Car -1 -1 0 442.87502095358167 181.91977343605475 479.32807769908834 208.56089143960062 1.4416393 1.5787816 3.896938 -8.262266 1.2632859 40.90552 1.4899786 7.1142258498679345 
Car -1 -1 0 506.7297520728379 183.57442200943044 539.8929471117397 212.896236029269 1.469845 1.5545949 3.4966826 -4.4579015 1.3875711 37.888885 1.4020712 5.769848443889707 
Car -1 -1 0 297.8130116285015 184.2268280827203 372.59920168539986 223.89623355765585 1.4355359 1.7333143 3.950502 -10.509919 1.3997512 28.058693 1.4808648 16.172079864674906 
Car -1 -1 0 394.4525781654362 184.28367247575545 451.5476596181596 224.3303551816693 1.4749264 1.630408 4.329081 -7.26943 1.4405997 28.718277 1.4577508 13.898143385835091 
Car -1 -1 0 339.7704555301155 173.4425376563003 392.7122992861264 205.88758837282623 1.6122768 1.724857 4.216568 -12.623472 1.0272386 37.900276 1.4789476 10.672020223549115 
Car -1 -1 0 561.6598331798549 182.17269426445267 587.9627806820988 201.7975458896618 1.4920391 1.6807483 4.1139 -2.5940666 1.2606854 56.809128 1.4274399 4.464834697371847 
Car -1 -1 0 118.90481408182956 168.47674294921 277.5847664021403 251.35280496872815 1.858386 1.7891166 4.49787 -10.229706 1.4830371 18.430294 1.4940541 20.69354119220326 
Car -1 -1 0 416.55231464575485 176.42599401129513 439.9717433363816 195.21851706141695 1.5884521 1.6366701 3.8706467 -15.5980835 0.84549576 62.79874 1.4188381 2.0459420864782385 

