Car -1 -1 0 287.44179007780497 190.44265507575108 410.9200578992103 269.76742857435914 1.505197 1.544444 3.672986 -5.7473836 1.9493155 16.366018 1.548823 94.60262875902953 
Car -1 -1 0 35.887627868635796 197.97494613595788 333.20422014460723 338.3416128382289 1.4718118 1.6851335 4.312112 -5.765993 1.9145495 10.532065 1.6061546 130.21446057116376 
Car -1 -1 0 696.2368914193739 182.16232898498816 782.6683275324418 241.30303288641338 1.4370546 1.5653822 3.6283736 3.488808 1.7185701 19.968811 1.5180202 99.07554114225172 
Car -1 -1 0 753.978255378496 179.78609446968372 971.1418062414712 317.16963446697247 1.5121338 1.6346631 4.0945983 3.2670033 1.6297641 10.196048 1.5712675 117.3680427787309 
Car -1 -1 0 404.4426911010454 186.34278204038227 489.1294301218915 232.74136506371423 1.4134537 1.6570702 4.223011 -5.6195498 1.9297827 25.43491 1.6720022 45.49802819599966 
Car -1 -1 0 656.9350015337143 178.29080643133278 700.6742198896633 211.61979088202915 1.4746708 1.5483996 3.7154088 3.2500541 1.7484504 34.438873 1.5188292 28.38598151757967 
Car -1 -1 0 488.0793723743614 180.0567211042989 531.348978962234 208.4374379289676 1.4783573 1.5071003 3.4419456 -5.530565 1.8988482 40.3133 1.7115996 4.9200162171599855 
Car -1 -1 0 673.7680083635324 180.50393106436388 741.83441579121 227.09757659297304 1.4845423 1.6436434 4.050243 3.4119954 1.779435 25.741932 1.5086902 5.062202279891994 
Car -1 -1 0 651.4635268535022 178.66534500000907 688.535152327038 207.89192158485804 1.5179569 1.515207 3.327843 3.2994795 1.8530016 39.879105 1.4891857 4.035315179918622 
Car -1 -1 0 510.9315358144361 181.46059976433227 541.6115411357949 206.27009042933466 1.4720144 1.5222533 3.2291393 -5.225315 2.0348825 45.563274 1.5847328 1.5329892266234049 

