Car -1 -1 0 791.7175296114694 196.48045109551396 1242.0 375.0 1.4471498 1.6032752 3.6788757 2.8754468 1.7077155 6.083302 1.524981 101.35991097368718 
Car -1 -1 0 464.10670529900773 174.53472095866385 535.1110785885797 231.33687334774783 1.5129077 1.509358 3.3299794 -3.1178138 1.565716 20.993973 1.5867386 71.24046893805807 
Car -1 -1 0 672.0652921302376 178.99405195663763 734.8274589011855 225.0848099582256 1.4586196 1.6235228 4.1501904 3.2251534 1.6931589 25.475744 1.557436 63.33061090993748 
Car -1 -1 0 319.0758699389742 174.7749184214763 485.23256224644723 288.121818073756 1.5957665 1.6259061 3.7678862 -3.2714198 1.6331208 12.126928 1.5964053 88.42622770131305 
Car -1 -1 0 710.1581781919592 189.31122020411087 889.7019547955791 304.19075805576335 1.3993523 1.6429621 4.2728024 2.788904 1.7124069 11.566473 1.5424129 77.13029344327147 
Car -1 -1 0 650.1494048452491 174.7909114479937 678.9367734888306 200.39644024419326 1.5416179 1.6234647 3.6752439 3.436212 1.668953 45.5785 1.5946012 20.479367065117486 
Car -1 -1 0 502.6177833873773 175.15824672252813 560.5647170638739 217.17879687661258 1.5025451 1.6230191 4.037688 -2.9554193 1.5988038 28.083948 1.6223006 9.309717289355985 
Car -1 -1 0 569.3985788733212 173.80249940098113 591.2311291276721 192.25280344531873 1.5607448 1.5646806 3.6815488 -2.530756 1.646179 63.11046 1.6256307 3.9770845395239554 
Car -1 -1 0 952.2183250620051 143.94573754244936 1034.6381539333117 171.12485786553503 1.5519185 1.6191151 3.9476643 22.452679 -0.10374978 42.308723 0.09014732 0.5434083097762232 

