Car -1 -1 0 456.5976928585733 182.44625448138027 519.614378979748 228.37369438131918 1.4469397 1.5670685 3.5908105 -3.9710872 1.3596886 24.447287 1.5651575 72.07870151517959 
Car -1 -1 0 0.0 188.59504930846066 176.08035953995034 254.75314222003468 1.407187 1.6064488 4.238644 -12.637123 1.5000641 17.632013 1.5638802 85.94319771848144 
Car -1 -1 0 192.40880837584587 186.08773980125216 334.64992703786106 254.48917541964806 1.4538679 1.6175947 3.6879973 -8.029049 1.4769461 17.175297 1.5769205 52.024877279761334 
Car -1 -1 0 271.32849970361184 174.66599760742972 475.20249524041344 310.69235168717415 1.6244363 1.7021554 4.3367214 -3.1941266 1.498451 10.766137 1.5550311 85.63793386101686 
Car -1 -1 0 562.6545869809636 179.10667951232784 606.3853130914601 219.58455855582457 1.5298924 1.6528599 3.3277547 -0.8679003 1.2989974 28.838997 1.5642116 34.29528358366973 
Car -1 -1 0 187.55563545609968 185.58847132441966 290.4644379349388 231.9597878785591 1.4578766 1.6012414 3.7914715 -12.429903 1.4715867 24.534756 1.5604783 14.371395018432626 
Car -1 -1 0 507.0508071896033 179.67889885926314 545.9544825189054 211.8064599008943 1.5490851 1.6052455 4.0859118 -4.065953 1.2821189 36.719112 1.5512621 27.530998948009653 
Car -1 -1 0 370.71235735490137 171.4887118687843 429.5245075482813 209.9797396938833 1.4795079 1.5842305 3.5231674 -8.405922 0.95187366 29.437567 1.5101279 3.916235073805767 
Car -1 -1 0 415.6845150677747 185.20869459150487 466.4632272081954 214.25894480646642 1.396369 1.5845425 4.0824847 -8.387768 1.3960323 36.606915 1.5864582 3.757273273454312 

