Car -1 -1 0 794.7303301140724 186.67468234278243 1037.6277127966669 264.0557267978475 1.466219 1.6461657 4.2797103 6.147076 1.7653211 14.790754 -0.00066577987 87.46007591576279 
Car -1 -1 0 763.2750597095122 185.62975826123997 896.8387397107928 234.47531718745427 1.4196695 1.5587956 3.6308484 6.739061 1.8289855 22.26649 -0.03950636 62.03634030057113 
Car -1 -1 0 693.3771763843507 179.37323647985886 781.6262328002532 212.9058556642493 1.5360541 1.6789925 3.8669543 6.0364294 1.8542241 34.309265 -0.03427024 39.39189640896627 
Car -1 -1 0 304.4164987607937 174.34640035919426 473.51453094077095 230.8767346814432 1.4555095 1.6108872 4.0707865 -5.849563 1.497458 19.451298 -0.011975916 37.32740795973565 
Car -1 -1 0 225.86055822746198 175.2135504725603 434.25733906919294 239.54048993504367 1.4263685 1.6361893 4.2921395 -6.456954 1.4851692 17.025135 -0.06503123 67.06461937167256 
Car -1 -1 0 740.9556331695585 182.60313666808304 868.9973161169618 228.83200209829204 1.4916822 1.6265314 3.8987854 6.600652 1.8365887 24.599854 -0.05902075 29.49907278347429 
Car -1 -1 0 473.459769196201 175.53154139425436 544.6121350421084 202.29993023211514 1.5364733 1.629952 3.897881 -5.8994017 1.6980644 42.577175 0.079994015 11.450530183372177 
Car -1 -1 0 370.086618471509 169.01781848270628 504.6852048492609 221.7815765019355 1.701762 1.6441505 4.095162 -5.694666 1.5780355 24.159975 0.032707747 43.27890793826406 
Car -1 -1 0 635.0468610097165 177.651433405474 664.7487807565348 200.76776004434527 1.4737794 1.6145644 4.0938764 2.6949496 1.8130376 48.944813 1.5275502 10.891083918490942 
Car -1 -1 0 903.0558152883883 186.92447166683414 1235.773869558102 301.98039236136316 1.4943342 1.5965277 3.793479 6.4991393 1.7180455 10.536072 0.07378016 33.90178500148002 
Car -1 -1 0 400.14510418818355 168.41797828040401 508.89143369081796 211.02003414698245 1.6576116 1.6611471 4.0960793 -6.1700325 1.4850094 29.060055 -0.07697405 13.061333111347242 
Car -1 -1 0 390.4599847180617 178.09074405053804 510.04577717662886 219.70838807779668 1.4736129 1.5810283 4.041814 -5.8560905 1.6747704 26.753492 0.086802 2.7040993264915056 

