Car -1 -1 0 127.72542050721412 193.93695371790008 309.68374064740226 277.49197201174104 1.397788 1.5716773 3.8866124 -7.5266676 1.595972 14.384245 1.5606086 98.0425583344164 
Car -1 -1 0 315.77374484369005 186.24637819169394 389.8991869373559 235.25263593246066 1.4502838 1.6302135 3.5356677 -8.121015 1.4862657 23.224154 1.417237 15.710462070753538 
Car -1 -1 0 441.62356746549665 187.32776270900303 504.208013080738 227.8641945544345 1.3954248 1.6126187 4.3213105 -4.9757504 1.481557 27.143938 1.5567696 56.219562644358206 
Car -1 -1 0 237.99408158252749 183.36850092369667 324.3569406666142 227.37374502824122 1.6174725 1.6495892 4.142112 -12.807328 1.5495763 28.517113 1.5411646 29.978461504418572 
Car -1 -1 0 287.2936903043509 189.1871535286507 474.1026013881302 305.29458534653713 1.4918892 1.6491495 4.2223496 -3.3474245 1.5670633 11.494106 1.572812 85.83193217123097 
Car -1 -1 0 575.4203076468757 182.4325993806906 607.385972268826 212.35729504748787 1.5022793 1.6051811 3.1369426 -0.82901555 1.3625622 37.674652 1.5476203 20.949720427721136 
Car -1 -1 0 112.33419733452597 192.23206329854986 239.13844914421028 247.343637410658 1.4442899 1.5789152 3.7867289 -12.583689 1.6704236 21.248055 1.5351573 18.72910903843216 
Car -1 -1 0 378.4624097033049 184.9141071879469 434.7161946826778 219.64286744081633 1.4345164 1.5537236 3.755179 -8.743477 1.4220588 31.59919 1.5325649 9.709038805550762 
Car -1 -1 0 434.80721907543335 185.06016559335856 478.5643422957988 211.85704792840679 1.4607118 1.6114856 3.8410447 -8.55263 1.4522337 41.125454 1.5960327 5.442010963196839 

