Car -1 -1 0 166.00481555912066 199.82836608637567 350.9506932730229 304.1361435628633 1.4547151 1.5330403 3.5118568 -5.973028 1.9967431 12.736492 1.579088 108.98570393313527 
Car -1 -1 0 312.82852727193165 192.4823940813848 427.523536513952 260.1557211300781 1.4496536 1.6022216 4.125619 -6.045915 2.0149713 18.717253 1.5719954 97.65737558642026 
Car -1 -1 0 682.1366052030977 175.34343705402566 764.4887494141891 232.81645744502933 1.4693912 1.6362782 4.132494 3.1479821 1.5480262 20.70961 1.5510929 50.29997286600847 
Car -1 -1 0 405.1669501635964 189.53805690302923 482.9966436141325 234.92857844974114 1.4206439 1.7047123 4.284605 -5.9311275 2.0803885 26.356968 1.6113603 58.65523667894777 
Car -1 -1 0 940.3495573976821 142.4505247595886 1191.3437949482116 219.73740143760185 1.4758197 1.6311028 4.0408554 9.111255 0.89525473 14.646784 0.026485372 115.72725249335738 
Car -1 -1 0 914.6307761102604 142.02469998717748 1107.011021383823 212.76690353504077 1.6005924 1.6037564 3.7035785 9.454204 0.9030576 17.179758 -0.028574161 39.50916133442959 
Car -1 -1 0 667.7582026901033 173.26049086615728 726.6494208695764 220.7937260423 1.585433 1.6471332 3.9503212 3.086777 1.6012359 26.075542 1.5704534 38.83698844087246 
Car -1 -1 0 655.843079896873 176.25313760903123 696.732058645559 209.52026321915235 1.5549273 1.4851638 3.5392435 3.2724645 1.7326548 35.91124 1.5041333 23.035214148199163 
Car -1 -1 0 484.38509095483073 181.07523352672422 531.1251986181968 212.05560611189068 1.6322275 1.6406895 4.218703 -5.7717557 2.128511 41.3667 1.6860664 13.473570670872082 
Car -1 -1 0 796.0738719497576 157.55613891715717 942.9939527845569 208.5126664036445 1.511112 1.6539459 3.959119 7.9985523 1.057455 22.385712 -0.08317023 36.87188150561934 
Car -1 -1 0 858.8875488021775 153.35897488328575 1026.075623503461 212.15038853529424 1.5190363 1.6349735 3.8799145 9.035514 1.0153291 19.718985 -0.13773043 34.057572707722116 
Car -1 -1 0 451.7115018754727 187.82657463001817 500.41117048050063 225.155645064422 1.5015848 1.5389752 3.6267278 -5.915507 2.2097006 32.30446 1.5619586 5.906758790073423 
Car -1 -1 0 597.1755306285095 176.0160733483522 618.2559127782135 190.99759363609652 1.5288827 1.6162269 3.7226813 -0.22002365 1.8725286 76.440994 1.3951324 1.797674829236388 
Car -1 -1 0 519.1043773378636 180.72389438013647 541.2124317441087 201.12011320261993 1.4863024 1.5262115 3.7140522 -6.193328 2.118874 56.041965 1.4120454 0.2604277431964874 

