Car -1 -1 0 770.7076232811488 186.04373286780952 1197.84344714866 375.0 1.4764714 1.6207588 4.128069 2.7787533 1.6336727 6.513528 1.5425578 115.61114002896811 
Car -1 -1 0 686.0299819680824 169.98740477011606 795.6595299121108 256.6146978480957 1.6605706 1.5794609 3.4542274 2.7100272 1.6056204 15.597136 1.5187218 140.3121714749858 
Car -1 -1 0 653.5425067540999 175.60948844642846 700.8926266031574 212.64085373263944 1.4030955 1.5502697 3.4464805 2.6943097 1.521738 29.332003 1.5551448 58.19574384024221 
Car -1 -1 0 353.2644506977465 175.45434547004885 488.8603900347197 219.4443917922222 1.4474808 1.6086826 4.2100286 -6.375245 1.5394493 24.680225 0.016529761 32.48616863150866 
Car -1 -1 0 243.64570801741036 176.68919906557082 440.404816275489 243.37489241191426 1.4630616 1.5932136 4.0281315 -6.184147 1.558062 16.90718 0.085555896 35.06431275801559 
Car -1 -1 0 184.90230325821716 176.69393143359636 419.22355001052944 260.37946551063163 1.5287819 1.6035393 4.002866 -6.001961 1.6103389 14.300059 0.11431549 45.2320006416612 
Car -1 -1 0 397.61241632414254 173.63199530669417 508.50526142028457 214.6729664082362 1.4733601 1.5505658 3.757304 -5.7498665 1.5031136 26.764515 0.029324241 19.00782496824104 
Car -1 -1 0 254.54336264804635 159.94600014187355 429.24281572384973 230.8572690303181 1.7970619 1.7118452 4.0337467 -7.0186 1.4699421 19.227032 -0.042849444 21.706819149593358 
Car -1 -1 0 694.6337345472235 169.53860116854665 782.0209738785736 203.16939870381566 1.5676593 1.6119992 3.8837295 6.0974684 1.4131157 34.440193 0.000298131 3.468101301000788 
Car -1 -1 0 391.2352408544666 170.26581721029217 495.9872314108606 211.00898301900122 1.6048706 1.5910184 3.8611708 -6.6873746 1.502922 29.300657 0.04382967 2.7093577434560747 
Car -1 -1 0 488.59833552565505 170.88918897291904 520.1457845944878 200.66601226416594 1.474435 1.5508854 3.7151709 -5.504052 1.3771448 37.681324 1.4189196 0.5971447907174822 
Car -1 -1 0 426.03365658967175 173.5154244462294 520.4355712197199 208.87031974994022 1.5022221 1.5778308 3.7813482 -5.9399905 1.5321144 31.651545 0.09114318 0.29148682951927185 
Car -1 -1 0 293.5854047339935 172.6188248005171 442.5551844369252 224.13323090976928 1.4824824 1.5772444 3.9884572 -7.1685295 1.4757144 21.710411 -0.08026938 0.5532406795690619 

