Car -1 -1 0 317.7702739977119 186.87333055850218 453.79734634990257 271.70663958251765 1.5006709 1.6846477 3.8823369 -4.5771446 1.8366208 15.348089 1.572219 125.86788904355731 
Car -1 -1 0 790.1845999690139 185.6898027984167 1000.1058906118673 317.8353072252714 1.4884157 1.6087455 3.892507 3.8612642 1.7098835 10.479517 1.601233 97.42278755940642 
Car -1 -1 0 737.6688015917814 180.36530248808302 849.4703629016574 258.80686885917703 1.5008233 1.6121451 3.710676 3.9446363 1.687261 16.036552 1.5929184 70.78572889154428 
Car -1 -1 0 703.8201497235606 179.8482326066175 787.0154721401343 236.90214310987326 1.4712033 1.6077775 4.1806574 3.8759785 1.6972824 21.221785 1.5573367 50.92714506032721 
Car -1 -1 0 530.9231735452594 178.83826883303527 564.7462851375695 206.0075841427539 1.5010364 1.5715835 3.3306446 -3.580801 1.8659704 42.305515 1.6108912 24.187276206901227 
Car -1 -1 0 412.8214823513448 183.63474416631675 500.1108670457206 241.730173491917 1.4876243 1.6194983 3.820964 -4.370627 1.8323786 21.134808 1.6076894 64.5571143101316 
Car -1 -1 0 455.3910681556371 183.15192356116694 520.9614684410027 227.51454577226357 1.4286094 1.5849991 4.3394413 -4.3496733 1.8371277 26.43705 1.5924087 26.221032702752222 
Car -1 -1 0 690.3120318708618 177.2474307427978 736.0152431844626 215.19219078232928 1.5555186 1.54237 3.506196 4.5028496 1.7595546 31.747917 1.5813746 5.899737912856485 
Car -1 -1 0 690.842927615966 180.19566796885326 752.4277937722495 224.72832998650517 1.4805062 1.5781051 3.5385137 4.0232086 1.767204 26.378635 1.5327487 5.873303784853836 

