Car -1 -1 0 404.3940591167239 189.74708135974424 472.4496813657356 234.15742853181047 1.4466217 1.5635513 3.5721931 -6.2482266 2.1139867 26.69301 1.6046169 55.89098742987324 
Car -1 -1 0 19.05773090001087 203.9806088943748 111.94301089182187 241.56719684644077 1.5282714 1.5967551 3.6480923 -25.697428 3.0846314 34.234207 1.59571 33.55091728440135 
Car -1 -1 0 654.1435427669328 176.25279271048592 703.7874630832074 215.54610102474177 1.5222492 1.5994136 3.7121038 2.8382945 1.6731836 30.160332 1.5371388 48.70177266785085 
Car -1 -1 0 441.4898782803268 187.48277013462803 496.5065193347507 224.45311347033214 1.4646266 1.6270803 4.0353928 -6.199338 2.1588817 32.21584 1.5824652 35.933098839212086 
Car -1 -1 0 69.2151521918894 202.61424086609117 154.90482211493935 237.82689959276135 1.4274869 1.5880091 3.6600327 -23.480087 2.9146864 34.2127 1.5521643 24.848242416994026 
Car -1 -1 0 478.40050291518594 181.02204528493868 516.7877856623555 211.47143139550414 1.5710396 1.5812474 4.0191627 -6.2050967 2.0505204 40.334095 1.5552145 15.790571049835062 
Car -1 -1 0 115.2810384759277 200.2033662019735 204.63583395890674 236.94845674232312 1.4553485 1.6634185 3.8793721 -20.723736 2.7974138 33.449173 1.5928187 28.388417031061937 
Car -1 -1 0 177.60071406263822 200.01581653401 252.33763671854467 235.96924055319764 1.4265684 1.6129695 3.7640102 -18.209896 2.7596831 33.48115 1.5030767 3.992264169553893 
Car -1 -1 0 833.5481940301785 162.05179774448396 868.2197325244716 182.01932164150907 1.4751873 1.5744216 3.7412052 18.421614 0.67712754 55.21603 1.6232548 0.5581512911312343 
Car -1 -1 0 538.5168954316923 180.4707319842122 555.2829980675248 196.41334841329666 1.5249827 1.6048151 3.860656 -6.306649 2.3152838 72.88727 1.5056361 0.8093167924834821 

