Car -1 -1 0 687.8588122823867 181.75159723659957 768.701997457088 244.37141335517254 1.4096855 1.5308554 3.3939447 2.9370365 1.6579506 18.42987 1.5785279 79.23906792852094 
Car -1 -1 0 742.2424677361886 171.75035315338295 873.6139057453307 225.3962143590936 1.6804637 1.6624494 3.8780267 6.389055 1.6458917 23.554598 0.06336173 83.42548821732667 
Car -1 -1 0 175.61246187479125 184.76691252502448 411.5885505235731 266.28247553248445 1.4430621 1.5652391 3.8597236 -5.9591656 1.6862059 13.874523 0.03629989 88.63623728001085 
Car -1 -1 0 636.6764614895011 175.30192761088261 661.7924012232346 197.55666372879682 1.538785 1.6262553 3.9298294 2.8411472 1.7228786 52.292953 1.5765388 9.811203323144518 
Car -1 -1 0 318.4732217669044 179.4433186347334 480.31835622352384 233.4087616902761 1.4742136 1.6198133 4.2207727 -6.047566 1.6752529 20.987724 0.10484484 29.427301159739006 
Car -1 -1 0 250.57144856016123 179.8900787247761 453.2771582609534 252.63418459719912 1.5167294 1.5940018 3.9418383 -5.6349897 1.6818187 16.070065 0.031960383 70.44407570631769 
Car -1 -1 0 282.02623186267584 177.27018294883115 451.44448863136756 243.20171689720007 1.5849779 1.576283 3.8148942 -6.1672163 1.704576 18.511967 0.12990166 22.70411956965498 
Car -1 -1 0 684.7438195427637 177.3293911065321 769.9027283264822 207.285051756266 1.4769795 1.6090734 4.0272226 5.9636836 1.7109019 36.78374 -0.0631703 9.790451835298972 
Car -1 -1 0 365.69203735900345 178.3414213707547 493.3892188856654 221.6120870488778 1.4804276 1.6167847 4.143761 -6.377284 1.6835976 25.814564 0.044690676 15.476657216986622 
Car -1 -1 0 328.03915771119887 177.14793058858407 462.67482628724144 227.3193593336279 1.5549223 1.6232721 3.9009705 -6.8618684 1.6993408 23.389942 -0.034107596 9.303475029255885 
Car -1 -1 0 418.56199021196153 174.7304354336561 512.5555393705706 210.88727631982692 1.5903449 1.6214019 3.894603 -6.5052342 1.6781824 32.806503 0.08298913 1.4804160455347608 
Car -1 -1 0 0.0 181.56126533326974 306.6224943280922 286.3981096119586 1.4773636 1.5740933 3.8786793 -6.9435887 1.6216758 11.131929 -0.02052356 2.1039805264010134 
Car -1 -1 0 425.9479422438159 166.13045174166362 518.9878548591325 203.73305937637429 1.7931235 1.5798469 4.254012 -6.6403728 1.4725032 35.22799 -0.014478419 1.1677063474812706 
Car -1 -1 0 687.4756632791748 172.63445872631485 765.5801296353077 205.0764036065146 1.7048206 1.6711779 3.8764248 6.265387 1.6932836 38.882996 -0.06848658 2.151993865624797 

