Car -1 -1 0 773.5167400570629 175.8195877778379 1126.2399579263624 375.0 1.6780789 1.6336838 3.9957128 2.9924414 1.7166604 7.368346 1.5444574 129.77149002630645 
Car -1 -1 0 712.1694579730726 177.70076246088132 788.481430332936 212.15024789631093 1.4394593 1.4643497 3.484068 6.289934 1.6707358 32.553688 1.0548135 61.32223049024171 
Car -1 -1 0 624.71588775878 177.78816590315114 659.4620460074908 201.6570102170472 1.3989525 1.5206703 3.5466206 1.9857363 1.718911 44.924294 1.4264596 31.811727105531013 
Car -1 -1 0 188.46942008732825 184.0421669752292 431.4028852282345 267.6739300595602 1.5127666 1.6426985 4.1160145 -5.7855396 1.7476368 14.2228985 0.05048397 55.097203277204194 
Car -1 -1 0 327.5592646596022 176.7018688169927 458.92262625524097 225.32363565024843 1.5350008 1.6403253 3.8277 -7.0674734 1.6666546 23.803146 0.033654455 33.207990531178034 
Car -1 -1 0 226.79255396274277 183.2651697091992 416.452281310518 252.38104786451962 1.4871737 1.5722926 3.7486851 -6.5497193 1.7398 16.646515 0.040587924 12.405940536201104 
Car -1 -1 0 77.01553420998273 177.23046590816585 336.68377352050123 289.09696502279434 1.6571202 1.5749359 3.3283305 -6.366758 1.7329841 11.6322 0.05348348 34.283593770836625 
Car -1 -1 0 357.96514308840585 180.10931102484545 476.9051303922217 223.18544370116962 1.4728354 1.5776109 3.829629 -6.7895637 1.7398512 25.74833 -0.009153256 10.44730281997759 
Car -1 -1 0 0.0 179.29418015160587 307.02422656304077 375.0 1.4870701 1.5561728 3.5602288 -4.1641498 1.5620203 6.5640473 1.496209 9.370451985248952 
Car -1 -1 0 614.8024799333159 174.99715799037182 639.064060376338 196.02705808393273 1.5145988 1.6074605 4.1171584 1.2774785 1.6825826 54.472855 1.5399328 1.695735833147132 
Car -1 -1 0 487.4990271344041 177.54214481810507 520.6941894571938 204.88832241123018 1.4769245 1.534438 3.711883 -6.0234 1.7588972 41.507393 1.5234513 0.2979813814163208 

