Car -1 -1 0 674.1980452979523 185.19283590832208 760.3094637194552 252.4749680520172 1.4957618 1.6049646 4.1832113 2.6975036 1.8549452 18.906885 1.5639132 76.13781383686849 
Car -1 -1 0 379.392644522937 193.141182221119 511.8133465299267 291.2290378056563 1.4516925 1.631685 3.7880085 -2.8632398 1.8810942 13.3690605 1.5594667 97.86094397493174 
Car -1 -1 0 521.6114241538404 187.15522452537292 562.3443058860897 224.8924695647955 1.4778366 1.5877014 3.8254883 -2.9118862 2.1441956 31.675001 1.5283256 25.387850852944904 
Car -1 -1 0 643.4941866191524 177.71069684658798 688.6943381665872 220.56865435597996 1.876589 1.5912672 3.8734913 2.607185 2.1189783 34.026886 1.5065373 16.974365811896963 
Car -1 -1 0 630.8394036250627 183.6775326441362 653.4942429536426 205.90461022879313 1.4984913 1.5415725 3.866885 2.3414223 2.3150394 52.487267 1.588719 6.146401279761552 
Car -1 -1 0 649.1660825197921 186.39794832406812 699.5561063775244 226.56745638787433 1.4620631 1.5148841 3.6195414 2.5757954 2.0480435 29.364487 1.5092521 19.648711563622197 
Car -1 -1 0 437.33611406223224 188.75525765656317 528.9346620445169 256.0046825211112 1.4759946 1.6018817 4.1047297 -3.1792197 1.9376962 18.882275 1.5907924 20.98227923515677 
Car -1 -1 0 552.23501890893 184.59949071678818 581.7238898539058 212.3956400792196 1.4906851 1.5503454 4.1656284 -2.468686 2.2175395 42.558044 1.5568858 0.6021204590797424 
Car -1 -1 0 568.0611581184872 183.71498759092344 587.6788740909475 200.6193497118955 1.5121713 1.588189 4.0450478 -3.0717282 2.5876734 69.34783 1.4527106 3.0267359294216165 
Car -1 -1 0 663.3456946546182 185.65740138670785 725.9950693669009 234.939020717118 1.4567465 1.5766876 3.8661847 2.782038 1.9223539 24.29027 1.5499337 3.31307992099941 

