Car -1 -1 0 475.53279240645173 185.36117350924124 534.1233712803078 226.25998883221044 1.4079354 1.7372382 4.097275 -4.0033646 1.9316921 28.156738 1.5589886 72.15938020056275 
Car -1 -1 0 129.70101060032002 190.16424373216987 334.45113897824695 300.6779853955417 1.60129 1.6485502 4.055599 -6.5810547 1.9652555 13.132248 1.5571972 94.61807282951827 
Car -1 -1 0 628.7576832911677 178.04502201692495 657.4482682173361 203.64865427237768 1.5265572 1.6064961 3.8628495 2.0883536 1.8696045 45.744324 1.562104 29.86266871342778 
Car -1 -1 0 365.41786012129455 191.3879563897861 440.32651382747247 240.22821907482478 1.4144449 1.5557438 3.547001 -6.7955384 2.0781732 24.047665 1.5467814 52.91774831379055 
Car -1 -1 0 706.2403989687596 170.21206935319614 793.6664747023033 201.20359250953084 1.6280086 1.7191398 4.353358 7.498751 1.4892257 38.796017 -0.015444612 19.22610262152334 
Car -1 -1 0 1136.5333527522005 154.13514199335185 1242.0 209.3544866362177 1.4952979 1.6774216 4.272684 18.085176 0.98840535 21.762787 1.6955382 7.671765005895427 
Car -1 -1 0 703.9197548026826 167.55703816756488 782.5169039954959 197.5971820384689 1.7005243 1.6610848 4.2247434 7.6807556 1.4006716 41.7003 -0.011703017 9.098897220029041 
Car -1 -1 0 458.6669288733627 185.76784171920377 502.12758804638787 216.3029491629509 1.4928217 1.5445821 3.7260647 -6.883744 2.2204137 38.763176 1.6069536 2.0572240806776776 
Car -1 -1 0 834.0148241968456 161.5385605389625 872.331797428963 180.77918473193338 1.5181149 1.5914708 3.7278836 19.825077 0.625309 58.85842 1.4806924 0.7854038237550148 
Car -1 -1 0 880.724713992018 151.29602982176792 930.2549470467641 180.92761095407454 1.9326978 1.6514642 3.7623527 20.028309 0.526595 48.98632 1.514634 0.779414572992278 

