Car -1 -1 0 717.4837938732559 189.06109965453717 866.3699013379389 295.60090205519344 1.4689076 1.5538665 3.656081 2.9356833 1.7878393 12.354087 1.548769 132.85511494718344 
Car -1 -1 0 425.214349337649 182.33097041990928 513.9606664572046 243.77601601144136 1.3767424 1.6205385 3.9948645 -3.523775 1.6501802 18.803425 1.548471 95.19309179937402 
Car -1 -1 0 0.0 177.8692917532807 386.4954956177429 375.0 1.512038 1.5857189 3.613952 -3.152378 1.5685194 6.2593355 1.4877675 86.35718461512532 
Car -1 -1 0 652.4969215663943 181.2957744173785 713.8057379193166 225.7043725365539 1.5163959 1.6445984 4.0782022 2.7237287 1.8629487 27.527252 1.49814 45.292625511121564 
Car -1 -1 0 489.34649580812794 175.88665959507398 544.8297447724667 221.82430252516664 1.5867834 1.5672188 3.6594763 -3.3909302 1.7080152 27.00501 1.5825067 58.01641336378288 
Car -1 -1 0 521.5248222974097 175.46406804967214 559.8008818847314 209.00726470856006 1.5759809 1.5789616 3.9030452 -3.401164 1.7138823 36.16366 1.5619578 10.610805571733357 
Car -1 -1 0 646.6748935844953 181.4562381960186 681.9105587194657 213.047973695043 1.4741645 1.554158 3.714799 2.7272954 1.9322443 36.554634 1.5848795 1.175556719597351 
Car -1 -1 0 536.5724720426858 176.3519180013314 573.6652935518695 200.14457487105588 1.4791002 1.5392635 3.5832343 -3.6111093 1.7181935 47.373405 1.2290289 0.5680029781718571 
Car -1 -1 0 635.9610348348696 179.44922811750942 661.571666335565 204.8043518951048 1.540792 1.5948366 4.147091 2.5703752 1.9903694 47.066925 1.6316817 0.2501949667930603 

