Car -1 -1 0 671.9216584000513 178.63135844029586 743.2183115317516 231.31684569154515 1.4205645 1.6027862 3.7074766 2.8601038 1.6094444 21.7264 1.559168 82.15198062137588 
Car -1 -1 0 741.3401161316636 181.62262151630523 964.1423657962295 329.3838313047658 1.5324597 1.6522267 3.8461094 2.9541082 1.6731015 9.642605 1.5619354 98.81409845434645 
Car -1 -1 0 288.8907059669841 174.83867598986896 460.4439918822439 232.00875248919928 1.5174228 1.6812081 4.2642913 -6.5209885 1.5760164 20.262707 0.09512013 67.18411184061301 
Car -1 -1 0 650.0439669646702 172.7672969212539 692.3290654304939 210.40659008780526 1.601408 1.6362053 3.8196187 2.7297797 1.597719 32.619553 1.5845516 32.72424784984704 
Car -1 -1 0 96.78391780589956 172.7599540983353 380.5858376792198 273.4872093969332 1.6194048 1.6807654 4.104935 -6.3096495 1.6178927 12.553007 0.0554061 68.2761672822203 
Car -1 -1 0 426.82416978665617 174.77747920722868 519.1037007531157 209.20308842008544 1.5181582 1.6396036 3.9102583 -6.151908 1.6079044 32.791527 -0.028018445 10.338047368304327 
Car -1 -1 0 0.0 177.59977442353755 324.98447492554703 300.1727551868484 1.5189135 1.6408167 4.040767 -6.2984123 1.5918436 10.054704 0.108021155 16.446139196173746 
Car -1 -1 0 637.899094131859 171.55486259763438 668.2271038902928 196.00301022592348 1.5605847 1.6147798 3.7332902 2.8533983 1.4776573 47.961494 1.5217434 3.5569066041978368 
Car -1 -1 0 354.14844492797783 163.5208497613694 489.17616478000144 219.136147704304 1.8664961 1.7243019 4.2384214 -6.4875946 1.5532676 25.183678 0.05061559 4.946876720494883 
Car -1 -1 0 640.8054112188896 173.8112056856078 676.7899886699705 204.94744363125233 1.5743234 1.5871849 3.841403 2.5823388 1.628016 38.537563 1.5512468 0.30504563450813293 
Car -1 -1 0 411.1663412414405 178.38647086355297 511.024438778139 214.50491431921853 1.4466708 1.5753324 3.7966409 -6.1464195 1.684416 30.093182 0.06715352 0.2804803252220154 

