Car -1 -1 0 687.8773499520137 177.8749325891331 810.2432846705356 261.3502920265756 1.4457309 1.6701951 4.521302 2.7142873 1.5660578 15.030127 1.5696932 115.55864074592543 
Car -1 -1 0 772.6102725070215 174.265418240489 922.4094363028311 231.09631804564808 1.4801004 1.6295761 3.6599789 6.443458 1.5209336 19.858383 0.11316389 55.540396204398846 
Car -1 -1 0 250.78881908469904 175.37744958907803 458.330979647408 243.38810268276484 1.4380679 1.6135218 4.121191 -5.6101046 1.498138 16.250717 -0.058233142 76.81336246355217 
Car -1 -1 0 18.500464319358095 172.9609105112361 339.25580281891405 273.5862916336275 1.4885743 1.6255658 4.2023106 -6.7358828 1.4904182 11.5604315 0.03445393 60.71831881317747 
Car -1 -1 0 400.82784009779095 169.5586173097685 511.4511784469655 207.8055588522065 1.4694251 1.6220083 4.1451225 -6.029975 1.3428183 28.718884 -0.09192257 26.285878913990132 
Car -1 -1 0 0.0 174.15359074098566 247.05322573282533 303.7851259540185 1.5305424 1.5924093 3.7611108 -6.993866 1.548942 9.375748 -0.023303911 24.715106892600943 
Car -1 -1 0 669.7489592013267 170.2616040586701 736.6594928360855 196.24923036923178 1.5439236 1.6976027 3.7915616 5.6490555 1.3899093 43.798958 -0.044576216 13.464408157867007 
Car -1 -1 0 371.2526061075226 169.5502264477082 494.18304379303595 211.44881023072026 1.4767727 1.6068195 4.155843 -6.3852386 1.3603265 26.383524 -0.07256327 14.822542804485396 
Car -1 -1 0 114.09947144716014 165.58349877507484 346.8708316246029 252.18036236959833 1.555808 1.6009662 3.6378107 -7.157042 1.4251853 13.915123 -0.08493687 28.179000552419826 
Car -1 -1 0 436.0636548285178 171.06105993687095 527.8052021613048 204.13667110731373 1.4785489 1.599813 4.0664864 -5.8199253 1.3984005 33.267662 -0.107488364 4.118440000016347 
Car -1 -1 0 704.2040025778833 169.96558730090325 794.5579382165124 203.76039630593462 1.5550263 1.6403004 3.8935416 6.6063976 1.4221194 34.27119 -0.13270397 2.364422346782133 
Car -1 -1 0 752.8056833267013 173.12403354991392 877.3885933509584 220.06948451959744 1.5242276 1.6089665 3.7356112 6.839344 1.5336139 24.258614 0.009519056 0.6831747090708252 
Car -1 -1 0 527.0953208591002 170.3529232112741 553.808295987632 191.96425259612568 1.5236386 1.6007693 3.7887883 -5.096487 1.3473078 52.880928 1.3814392 0.686781382468252 
Car -1 -1 0 445.0644705021282 165.15179543768156 525.3801318995362 197.28183547071282 1.6661811 1.6447129 4.091544 -6.5642385 1.2667644 38.415154 -0.0875404 0.6298735074463216 
Car -1 -1 0 713.4746114484336 168.7117120322337 810.6633236125213 203.80408533733316 1.5071535 1.6179475 3.916709 6.6995525 1.3292496 31.915499 -0.06095452 0.27884340286254883 

