Car -1 -1 0 949.0509843968283 188.44688204530163 1242.0 329.02994217852023 1.4719065 1.5619 3.7969184 6.271998 1.672863 8.5138235 0.0022102117 44.34152119774606 
Car -1 -1 0 776.4696724882732 184.83892610681974 971.605036581116 254.4576669209775 1.4653897 1.581133 3.868277 5.9410686 1.754076 16.444754 -0.07606224 49.053409727116716 
Car -1 -1 0 861.2425592531671 187.0264793133575 1146.73526944858 290.383389309734 1.4806005 1.5685256 3.6904943 6.1116295 1.7221506 11.435125 -0.042790204 71.47107107859881 
Car -1 -1 0 737.8051875435625 185.02101266579731 907.9206417896984 242.71221180371853 1.4372007 1.6011455 4.070513 5.6446886 1.7796853 19.34598 -0.08186233 57.646047519029274 
Car -1 -1 0 0.0 184.92650153133934 318.5959824635121 298.8677378592936 1.5343292 1.6316365 3.9578853 -6.651973 1.7291867 10.773575 0.028809533 47.791615310352874 
Car -1 -1 0 632.3437157250887 179.57923610422353 677.6649420273819 213.0384937916159 1.4764664 1.634501 4.4063663 2.1370404 1.8236814 34.998695 1.5031997 26.417335812868735 
Car -1 -1 0 165.19782795212686 179.64903005305004 394.8956719975627 260.9769577855927 1.610604 1.6756129 4.10898 -6.856246 1.7632225 15.321484 -0.022825431 85.4383464059175 
Car -1 -1 0 832.306328439415 184.59776861638662 1061.7271097255873 267.4206584086985 1.4654292 1.5710216 3.7295036 6.4256654 1.7076721 13.956428 -0.07720443 33.52758831555187 
Car -1 -1 0 408.7194802288554 180.55238400842515 509.3855259938236 215.61476044293025 1.4774954 1.6159294 4.0524883 -6.57617 1.8262687 31.752619 0.06428968 13.466728814326297 
Car -1 -1 0 735.1108934199394 172.5149423808768 880.3387271951792 234.63674545303346 1.7825005 1.679694 3.8696384 5.8873963 1.7727716 21.689075 -0.07664669 14.416218971415404 
Car -1 -1 0 225.16016436689952 164.69007634081186 425.88199860238996 244.61988113234887 1.8800454 1.6819599 4.3033514 -6.9039946 1.68802 17.84773 -0.016465705 29.53769797682551 
Car -1 -1 0 614.3619410743438 177.42593196896064 642.806768954041 200.37940020473118 1.4985733 1.543129 3.9205692 1.2793014 1.8277371 49.92989 1.4862232 1.8808754214515115 
Car -1 -1 0 382.93293168967904 180.7732061876482 491.76636833374613 220.9089245129826 1.5518899 1.6333957 3.9859567 -6.8840046 1.8805286 29.089466 0.018588025 5.626721970684046 

