Car -1 -1 0 48.47900938525502 198.13570055989936 379.08269830682497 368.90577243019936 1.4123666 1.5913761 4.1475277 -4.0859823 1.599643 8.339971 1.5630065 146.026578500644 
Car -1 -1 0 460.0239889153435 182.45475480936582 515.0925002194638 219.72778361633323 1.4205096 1.5423256 4.0514436 -4.820489 1.3152875 29.429611 1.5808123 40.1128903482579 
Car -1 -1 0 395.331700330761 186.07390222692786 487.69653293047014 243.61301841361418 1.4047529 1.5523889 3.4593408 -4.3546114 1.4299777 19.365835 1.6162854 85.04741167582021 
Car -1 -1 0 346.09741902635784 179.57098471635894 415.2769071465572 222.62750082217292 1.5489603 1.6483129 3.6824334 -8.649165 1.3458915 27.73602 1.5275339 41.84049940867603 
Car -1 -1 0 175.14595165926173 195.70936667178796 322.10029346453234 267.5341670373466 1.4675666 1.6078024 3.5608146 -8.312908 1.7424755 17.02434 1.6064893 39.1755234079979 
Car -1 -1 0 497.8010107547979 180.6046997134161 536.2758136415916 208.68669570361112 1.4446003 1.5486293 3.7871091 -4.8264217 1.2074003 38.88534 1.5869149 19.061787314907267 
Car -1 -1 0 577.9395179558445 177.52437961785526 608.6420874959351 207.1521817455108 1.5263218 1.5818012 3.1000662 -0.7316793 1.1300917 38.590843 1.5607886 16.464399650658905 
Car -1 -1 0 186.60668982788403 167.83745048051958 297.41756748982885 231.0663612994315 1.9829276 1.8082002 4.49765 -12.446581 1.4379268 24.851028 1.5003028 14.82092685205724 
Car -1 -1 0 337.45211546267865 181.86358222141658 393.35700255726294 212.89545713770687 1.5372977 1.6202173 3.8616726 -12.552435 1.3712362 37.542606 1.5709662 6.56825059793943 
Car -1 -1 0 488.78967828262273 167.22868513460892 527.5448353167129 181.7320958010315 1.4522507 1.5895894 3.7890587 -10.072399 -0.35946915 73.29193 -0.048678257 1.3137650175805229 

