Car -1 -1 0 99.25949420891116 186.61310812879952 377.2674522323545 340.00015605837416 1.5322487 1.6705785 4.131631 -4.5722 1.756289 9.6652 1.5488613 135.96071999276066 
Car -1 -1 0 731.8710229910697 173.96977983014824 813.9053989642985 231.1614356144759 1.4381757 1.6428863 4.148402 4.486357 1.4729376 20.353313 1.6401423 30.09112591486565 
Car -1 -1 0 520.9495683370305 171.38455375664452 570.2977754316369 203.98873907822255 1.550274 1.6646751 3.8662534 -3.1579075 1.4804041 36.334724 1.7044897 25.157806708591828 
Car -1 -1 0 709.092313920239 168.8011451798059 774.4091252978012 214.5824156344859 1.5406469 1.5680007 3.511124 4.698862 1.4042587 26.071857 1.5238441 34.36424955425406 
Car -1 -1 0 510.17546908355746 164.0212382592265 544.9789858123501 185.1090577109192 1.5138974 1.7169201 4.080373 -6.080178 0.879792 53.922615 1.6827545 4.674290478741296 
Car -1 -1 0 755.0925260204697 152.7209384773337 917.50917750018 265.46697211828564 1.8070539 1.7863443 4.6175084 4.1044464 1.4843682 13.896313 1.5974755 30.33768916337733 
Car -1 -1 0 700.4864786702102 170.19834900772318 747.3734917299912 207.16214214204572 1.5002384 1.5770589 3.6995492 4.878787 1.3924541 31.164394 1.6104198 3.4058023281837424 
Car -1 -1 0 551.4629932789663 171.39753566912626 593.2473469060113 198.34956205849576 1.4980443 1.5835001 3.9243255 -2.1228926 1.417091 42.17632 1.750071 0.7226361381588443 
Car -1 -1 0 588.5455888669053 169.82855951875615 613.0545670867255 187.57014761550633 1.5128671 1.5906636 3.7953296 -0.74112004 1.2548803 63.51878 1.7136317 2.3079257743490964 
Car -1 -1 0 697.1134397631635 169.95266799903686 733.848856834474 200.15022782035192 1.4580091 1.5591967 3.701156 5.344431 1.3179258 36.735256 1.6364232 0.32803788781166077 

