Car -1 -1 0 723.019813114604 178.92317579400134 833.8959042962299 261.13448000564557 1.5169597 1.6137338 3.6862082 3.4745672 1.66267 15.4561405 1.6011405 78.74127788581104 
Car -1 -1 0 126.74326141907177 180.11127373629367 419.12050363540317 278.8211029567645 1.5241625 1.6557392 4.2442594 -5.5953426 1.6576464 12.279185 0.07870163 85.55828731749013 
Car -1 -1 0 702.7124095089382 175.90400173310633 782.3652016251993 238.41619456851632 1.5961306 1.6470096 3.844198 3.6809483 1.691221 20.554039 1.5950259 65.92632781511523 
Car -1 -1 0 674.7075540649116 179.99222096006685 722.3653653919101 213.29137853942635 1.4514723 1.5054747 3.3787365 4.135307 1.804869 33.963284 1.4667754 25.79287647315914 
Car -1 -1 0 284.40143116943284 179.77012760509075 467.7214737030203 237.20333138240144 1.4335409 1.6628395 4.3235564 -6.0704737 1.6251293 19.105057 -0.023863882 77.94004921786828 
Car -1 -1 0 368.9175077548207 178.24148414028272 497.8036237386349 225.88224507754333 1.5463204 1.6816235 4.046273 -5.9248486 1.7374676 24.620613 -0.06959663 34.72780451612865 
Car -1 -1 0 406.0275840863726 180.87450399206836 526.9919628021458 222.98735473077681 1.4880509 1.6321529 4.210052 -5.229648 1.795839 26.767754 -0.050539188 14.987158296150687 
Car -1 -1 0 431.1638968823577 176.93796844321693 528.6843712769676 217.86214227697863 1.5982208 1.6238334 3.6417162 -5.18803 1.7680511 29.17451 0.0101739755 12.634299562958901 
Car -1 -1 0 517.5462014616065 174.8797475965878 550.6520061532913 205.6708871287904 1.6068978 1.6684726 4.063914 -4.2335734 1.7253658 40.06582 1.4269209 2.4874214719834513 
Car -1 -1 0 462.724077640407 174.91349010032184 551.1026425084898 211.0897688851437 1.6525637 1.6131015 3.8874407 -4.785556 1.7520063 33.95062 0.04277947 2.0669973033607407 
Car -1 -1 0 499.04906214123685 167.24871693712817 565.3776507728714 193.5738843925736 1.7277482 1.6554319 4.1952167 -5.1477027 1.3598673 48.317245 0.06488084 0.26563990116119385 

