Car -1 -1 0 968.4522099914788 175.98441315533958 1088.4162783343727 277.7173529996831 1.5534776 1.663837 4.128048 7.719615 1.6209798 13.356161 2.0970664 65.7801518873557 
Car -1 -1 0 217.38240170615205 216.68376130839388 519.1955605596651 375.0 1.5143166 1.5884949 3.4931111 -2.878067 2.123927 8.364545 0.63030404 139.7231980462161 
Car -1 -1 0 71.42065172335954 227.6690169237279 300.7899805633453 365.0840139290508 1.4995815 1.6438497 4.0054493 -6.6642566 2.4921641 11.209937 0.64025795 113.48041715549948 
Car -1 -1 0 0.0 234.8698381310799 150.70731535995932 341.9397412688005 1.4970207 1.6036586 3.7279198 -10.505465 2.8370152 13.848421 0.6261576 85.2941773975157 
Car -1 -1 0 1020.8083984926004 177.0268304564059 1078.5024978889799 223.6798081939508 1.4585563 1.5692914 3.530509 15.065221 1.6132512 24.825502 2.0826845 2.391129907036817 
Car -1 -1 0 1143.466245103552 169.7107528997259 1174.4574880613266 190.9403730029734 1.483674 1.5282103 3.772433 39.87343 1.2640017 52.42262 2.1507237 1.374590537519554 
Car -1 -1 0 758.3521491258629 181.34296574267 789.4295419663756 201.8620931925328 1.4769878 1.5844047 3.6770906 12.690083 2.154591 55.593475 2.0104232 0.7790228416247464 
Car -1 -1 0 982.8248336247276 162.9364119731256 1070.5379507222237 248.18166443931992 1.7988653 1.5817082 3.797536 10.039024 1.589582 17.245235 2.1572242 1.113450075959965 
Car -1 -1 0 1184.3416408817793 164.48893559209353 1242.0 205.47467343481622 1.7021481 1.6106199 3.8717399 26.8186 1.3547447 32.033466 2.1311522 0.8922844314591228 

