Car -1 -1 0 720.9395945803071 188.63059861190558 902.3478032133382 313.82511244155864 1.447079 1.5970623 3.6641798 2.754379 1.7203064 10.650541 1.5537535 104.11463540888306 
Car -1 -1 0 664.2503928212508 177.02911456661695 734.9382049771853 240.35058667621354 1.6968327 1.6487563 4.0939884 2.602242 1.8340617 21.660934 1.5804224 74.6494269331656 
Car -1 -1 0 0.0 188.14595121899816 289.2966271836907 321.0310327161259 1.4738077 1.6455122 4.152476 -6.496451 1.6877725 9.157121 0.05647125 119.16884990008958 
Car -1 -1 0 636.9199991244482 178.02734882791646 679.7633848873592 213.22635906511934 1.6786039 1.6150439 3.5542839 2.4378939 1.955709 36.800514 1.4722989 25.343077782621556 
Car -1 -1 0 651.9834631599732 182.01292690653142 707.4150727652373 226.44141824043425 1.5252587 1.6120844 3.8972201 2.605336 1.9001651 27.560081 1.5367005 10.280683095975892 
Car -1 -1 0 291.31305275109486 186.50704497691362 450.52851669667126 245.88917545630224 1.466979 1.5520724 3.7114644 -6.2127404 1.8439262 19.068844 -0.041363295 29.281608074690894 
Car -1 -1 0 136.3561835718878 167.89985551758875 395.34541667102457 269.20770837007404 1.8520691 1.7334361 4.2230434 -6.5445824 1.7614994 14.07013 -0.0059517827 91.51273128468429 
Car -1 -1 0 312.71651640928883 178.28091216941132 466.8743930270754 237.61549672967553 1.6850965 1.7192788 4.1579623 -6.4982023 1.855863 21.690691 -0.07533043 16.713489787709026 
Car -1 -1 0 223.33886601719917 185.6344206709289 424.3724722105801 255.62695793851415 1.5006468 1.5750473 3.9902573 -6.445894 1.8081099 16.559856 -0.005474521 4.79647736740537 
Car -1 -1 0 393.42841536341837 182.79409821745836 492.462137706272 220.3297031174137 1.528881 1.6188328 3.9476352 -7.0663824 1.9680359 30.893974 -0.09007138 4.525501743715997 
Car -1 -1 0 481.49534669258946 180.71668663834402 546.9673920055445 204.6741697297043 1.5320997 1.6407378 4.0152216 -6.330719 2.0686336 48.071785 0.17889424 1.5692350298034206 
Car -1 -1 0 623.7884859162747 178.93517709939974 654.7960051360623 201.89001273749605 1.5140595 1.5676203 3.875684 2.0491135 1.9582063 50.679718 1.4488994 0.26528802514076233 

