Car -1 -1 0 715.7267007327154 184.822141455894 865.5046583393628 282.313635476909 1.3771482 1.5864098 4.2635508 3.0035365 1.6256946 12.850352 1.5678885 98.90818771192095 
Car -1 -1 0 523.6795638933729 176.72481153962812 570.6060969274376 218.08186490926744 1.4636053 1.5676141 3.6474388 -2.3380923 1.6221933 27.720541 1.5480733 58.276131936384985 
Car -1 -1 0 652.760719752916 170.9879772459626 704.8266899663322 212.5250982617787 1.6903565 1.6450431 4.0927486 2.9463081 1.6144184 31.455002 1.5108645 68.22542444636844 
Car -1 -1 0 439.93804856920144 175.581135229922 527.2447890845473 205.4966561326224 1.3922386 1.6142082 3.970538 -5.996174 1.5267175 34.66344 -0.05584932 69.12232579400961 
Car -1 -1 0 0.0 181.77229859328142 370.2792353060441 304.05037145479446 1.5245994 1.6428742 4.2502937 -5.7120667 1.6587703 9.988922 0.02116104 96.81493965426898 
Car -1 -1 0 287.91631651200385 173.31958116907586 457.06093331976535 234.84285990328908 1.5270976 1.6633255 3.9661403 -6.11001 1.5400097 18.968136 -0.10914919 46.011098468182425 
Car -1 -1 0 152.0635576742759 182.1096233923507 405.77470444119643 273.8770242077998 1.483732 1.5589969 3.7703657 -5.7060337 1.6580223 12.714604 0.049865074 78.4325046164579 
Car -1 -1 0 218.42096167066504 180.13874194180167 420.88126318595687 249.8419513969101 1.4877219 1.6111292 4.0231705 -6.5739107 1.6649847 16.58094 0.08661438 3.365955835529568 
Car -1 -1 0 500.3298170861861 175.44660898374363 530.5342566772264 202.8267366666091 1.4496737 1.6057502 3.8920367 -5.2741065 1.6028903 40.613853 1.4523551 0.34365710616111755 
Car -1 -1 0 632.131070047486 174.02105826461633 652.4089702201153 191.21341155275675 1.4989694 1.6010504 3.9791043 2.9271414 1.6076308 65.18077 1.5578612 0.6256430719961189 
Car -1 -1 0 0.0 154.60968813821583 120.28154367107743 204.85170753017607 1.5519058 1.531766 3.8293245 -18.150408 0.98836434 23.346249 0.15876521 0.26719820499420166 

