Car -1 -1 0 664.2601127465205 177.31844857375623 822.6246700168667 288.31902924833804 1.4844369 1.556967 3.390589 1.9718646 1.5669992 11.567875 1.451771 101.44913549409357 
Car -1 -1 0 572.5742262719903 172.45291080097152 676.5262285303895 214.85111572660537 1.4849522 1.5877371 3.687597 0.59396464 1.4709044 27.005022 -0.6360932 113.91313617846373 
Car -1 -1 0 751.5386840712484 167.2501751121125 870.7410744573036 217.6205945434558 1.4771585 1.5920455 3.7971535 6.433188 1.3128211 22.898838 -0.6090864 63.55840793079568 
Car -1 -1 0 840.7182857946912 164.45816945883936 944.0698005196671 209.32235965438812 1.487447 1.6193961 4.02942 10.157531 1.2090878 25.8022 -0.6646892 61.24057029401418 
Car -1 -1 0 921.4340651007144 164.67592485331608 1004.0985777898275 203.16973489710674 1.434577 1.5165447 3.371572 13.967027 1.1297985 28.489141 -0.6226091 61.359622599437834 
Car -1 -1 0 973.3709629142999 155.37549145096713 1060.297960545582 200.21616203354984 1.8135538 1.7091748 4.217974 17.605648 1.106646 31.128935 -0.64155936 32.83497664852256 
Car -1 -1 0 705.1971347480011 171.99721338843835 797.0346907734934 206.93607595033103 1.4130462 1.5483164 4.030208 6.1169915 1.3783947 30.996054 -0.63161373 19.06388072056699 
Car -1 -1 0 1074.6742517513812 160.71552883580804 1116.7203995686104 191.70904986194753 1.5246866 1.6202735 4.1677103 25.40112 0.92754984 37.64969 2.2119656 1.5670385605064803 
Car -1 -1 0 1127.1133281141847 156.5675118384707 1185.0704750754899 185.5856043493742 1.5353107 1.6144884 3.8158276 30.304106 0.67361295 39.979908 -0.6568132 4.748935665976132 

