Car -1 -1 0 830.0742768178246 188.8660628888865 1120.5379582293701 364.0294688440265 1.4676505 1.587742 3.8399613 3.845028 1.6967394 8.36355 1.6242988 97.79725644771342 
Car -1 -1 0 259.2383284722312 188.96606562316356 429.09985189646284 289.1505079805438 1.4788749 1.6685904 3.8844838 -4.6355057 1.8176104 13.223198 1.5755774 124.05095227349828 
Car -1 -1 0 522.8434659777305 178.47730787375792 559.4593028382911 206.26080807414388 1.4545047 1.5204895 3.4024997 -3.7717795 1.781598 40.22495 1.6327553 26.244788392403127 
Car -1 -1 0 383.32805571921443 184.9291292145047 484.6241273767596 251.3165765393251 1.4973093 1.6155403 3.9124005 -4.4807367 1.8478855 18.970703 1.5982608 77.32766461025942 
Car -1 -1 0 751.8955939564615 181.11870511623934 886.112992404766 272.72602045498724 1.4856772 1.6228116 3.7278652 3.8687365 1.666932 13.933569 1.6050305 67.56477260544213 
Car -1 -1 0 710.7598265008058 179.8662920518461 806.1645131328004 242.5329362969477 1.4384787 1.6314406 4.1251593 3.805432 1.6442139 19.097748 1.5595528 68.93799626326035 
Car -1 -1 0 437.49930714509236 184.51121723896352 512.3471172757821 233.09611327566193 1.4239902 1.6651697 4.08348 -4.4099197 1.8481747 24.195782 1.5928988 49.653186104466144 
Car -1 -1 0 691.0909660370381 177.87633723128283 740.563954977404 217.46075398449148 1.5094194 1.5465175 3.4686022 4.313726 1.7282153 29.694145 1.5773746 14.332158055751375 
Car -1 -1 0 1017.7027903641746 172.537069641111 1158.115805477676 223.01435326455058 1.5030005 1.6725166 3.7614183 15.402819 1.4935635 23.483383 1.3928535 35.077330890971545 
Car -1 -1 0 696.1682252904931 179.3228373607402 763.2635138100095 228.71563350998244 1.4998038 1.597077 3.690674 3.9531102 1.7338533 24.25069 1.5580783 9.342105281890095 
Car -1 -1 0 561.6928530895921 176.80034992986597 600.9246453319549 190.1014547483173 1.4341035 1.6421169 4.173604 -3.084735 1.8727962 79.27831 0.053220306 6.3810813024682735 

