Car -1 -1 0 288.4775130254894 187.7034831620393 442.0316461607726 281.63695998476976 1.5227524 1.6714072 3.8711853 -4.6243973 1.856373 14.261822 1.5869446 113.70597211146254 
Car -1 -1 0 806.0738694056317 186.8105855641626 1051.2706719999965 335.9352929983935 1.4706329 1.6030834 3.8169742 3.8329628 1.6899834 9.408657 1.6005473 90.20484881493557 
Car -1 -1 0 526.2930018350862 178.96686854934944 562.0186021162523 206.41100375823456 1.4740965 1.4974056 3.3186312 -3.697904 1.8379196 41.231438 1.6490368 26.58994225422762 
Car -1 -1 0 397.26836205087704 184.59180648987726 491.26245856278655 247.02792490032124 1.4992757 1.579368 3.8322463 -4.461042 1.8564587 20.007734 1.6144505 67.24657392825955 
Car -1 -1 0 744.6717198629199 181.8060416425621 866.6687855651469 265.1033596686486 1.4624265 1.6112382 3.7901065 3.9145484 1.6723337 14.999464 1.6018269 77.72694074672843 
Car -1 -1 0 706.1803928492035 181.30601069332403 797.6293925633038 240.7884323592714 1.438381 1.6363039 4.1726027 3.84479 1.699112 20.152363 1.5460069 71.06624672976606 
Car -1 -1 0 447.17850475015314 184.0446763774967 517.1196778061615 230.7810766935387 1.4361951 1.6240087 4.1302657 -4.3605947 1.8602288 25.255621 1.5956473 36.614311453207065 
Car -1 -1 0 1008.332791639229 173.42027932564798 1134.0038922971928 221.59332519958627 1.4952593 1.6065454 3.515592 15.415529 1.515809 24.312103 1.3932347 39.6395783348913 
Car -1 -1 0 690.095511828594 178.25477177477623 735.0353343813139 216.48523240835277 1.5123392 1.5230137 3.4342227 4.339012 1.7556964 30.773289 1.6005582 7.930975421954527 
Car -1 -1 0 695.9192691357255 179.21764155804752 755.2318773613802 226.86564613824734 1.5162334 1.58775 3.6099405 3.9887254 1.7552366 25.273666 1.5975811 5.028924456091374 

