Car -1 -1 0 682.6522528749813 182.3102270244211 758.2168642224888 241.99561571315726 1.4170692 1.5680851 3.4312048 2.8920074 1.6941288 19.409899 1.5902944 76.52188706308439 
Car -1 -1 0 736.3287095532245 173.22676127094994 864.6175202551117 223.975435086857 1.6574159 1.6705308 3.9667745 6.4067326 1.6705846 24.534641 0.06155263 62.54361990084899 
Car -1 -1 0 194.8785963825602 186.16105787870632 420.5475014247114 261.52525130822835 1.4352934 1.5842671 3.9955292 -6.1098847 1.7253039 14.882093 0.025549214 91.8233836533909 
Car -1 -1 0 268.0837658368875 182.43186617563643 460.2264026916985 249.59324382989425 1.4860165 1.5923884 3.9926596 -5.695768 1.7233589 17.04187 0.021059047 82.47406158660566 
Car -1 -1 0 329.3044265598161 179.10955481102138 485.53668640314623 232.1355862077574 1.5186298 1.6386583 4.26246 -6.067388 1.7171907 21.901644 0.08684237 35.48562306167289 
Car -1 -1 0 375.3974650772367 179.89605983827994 498.77366098858613 221.27683320647168 1.4698708 1.6112489 4.179869 -6.3413534 1.7398554 26.794075 0.03045005 14.432690686225055 
Car -1 -1 0 343.5284570302168 178.0816196618888 468.81874837393264 227.58782542912098 1.5909052 1.6367633 3.835845 -6.785852 1.774626 24.376116 -0.08693336 10.169091456724782 
Car -1 -1 0 0.0 160.96006264274573 266.1046478301918 311.39365865234333 1.7739003 1.6669877 3.7104335 -6.7354813 1.6336479 9.418874 -0.04194879 43.479856571713626 
Car -1 -1 0 302.3661033673238 179.19363464192958 459.1443331631085 240.94482966575825 1.5795655 1.5697328 3.7232823 -6.0964704 1.7580817 19.473732 0.03191806 17.186261783844134 
Car -1 -1 0 44.65537225359692 182.5466231408504 328.3741282874626 277.7165082163343 1.4772273 1.581413 3.852482 -6.975183 1.6514387 12.165928 -0.006240399 9.33582363936231 
Car -1 -1 0 680.7678626461476 172.913036152438 755.1590573340162 205.4905785812877 1.7610421 1.6490282 3.8027878 5.9712467 1.764392 39.97635 -0.077210814 4.601284388508759 
Car -1 -1 0 680.3294985037486 179.1481337449682 754.0097622478175 208.92185767799808 1.5019801 1.5514868 3.5469306 5.592349 1.838983 37.710876 -0.08411788 3.8175658195809636 
Car -1 -1 0 424.60955689021614 166.85691560371728 514.9001192591194 204.1585236436555 1.8286375 1.6481962 4.2201934 -6.9642577 1.5346421 36.215153 -0.009066242 2.054842689373783 
Car -1 -1 0 401.32772010311976 178.43279856267506 505.06322198329127 217.58793637994557 1.524179 1.6202912 3.814508 -6.3052597 1.7582188 29.314487 0.07741882 4.8874379041536065 
Car -1 -1 0 425.8844308958386 176.7095903271672 513.7051037286781 212.69101701634486 1.618097 1.6057696 3.8281283 -6.44387 1.8022475 33.55242 -0.056490943 0.600611542835043 
Car -1 -1 0 628.5564437961318 176.135904177117 662.676654203146 198.22626432069785 1.5469401 1.6286868 3.9149656 2.6177878 1.7984576 53.22084 1.3804413 0.31415900588035583 

