Car -1 -1 0 748.0687481196774 189.99434921535703 1001.8519413687567 344.3145492691729 1.4102802 1.5905371 4.150729 3.0077963 1.6776634 9.157824 1.5413146 97.44173922580413 
Car -1 -1 0 652.1578400250118 173.18864009315678 710.2257591651043 219.76926363538288 1.7015672 1.6845771 4.211725 2.749633 1.7157944 28.53243 1.522317 67.92441544241485 
Car -1 -1 0 344.693388715598 176.3593885648348 476.7078614375756 227.44937350463454 1.5753219 1.6088393 3.7923715 -6.36137 1.693064 23.305683 0.06722885 40.74436893914314 
Car -1 -1 0 424.4810962324456 173.42719683008363 509.87839813606917 210.60410871317424 1.6400931 1.5953016 3.6230931 -6.4117603 1.6668403 32.764362 -0.060181044 12.37619886479057 
Car -1 -1 0 398.2378084085134 178.16164876355998 502.7828899206663 217.9735963759457 1.4872509 1.5811888 3.6780157 -6.178996 1.7021799 28.219408 0.11633277 8.992285405213432 
Car -1 -1 0 366.00159156221076 179.73108952932358 495.382476100335 222.81028318428883 1.4600464 1.5956278 4.181899 -6.3020897 1.7134277 25.666115 0.058363475 3.146539930501697 
Car -1 -1 0 633.6517421593148 175.67792091866443 660.0812110196691 197.71751857551288 1.5060651 1.6015024 3.765699 2.6389267 1.7158449 51.69722 1.544166 1.269441209410412 
Car -1 -1 0 527.5081413018 174.61367983030283 555.7504517048868 195.27176804511262 1.5370271 1.6196384 3.8320541 -5.233647 1.6783264 55.97847 1.6289995 0.7397881007397963 
Car -1 -1 0 641.7248781735861 177.1367417338831 680.2824597164299 207.08562299200614 1.540324 1.6082995 3.581573 2.7688122 1.7856178 39.481762 1.4983158 1.2517042191432743 
Car -1 -1 0 283.0588244631512 179.7104043580668 455.3641223167068 243.46062209999653 1.4717568 1.5566287 3.685576 -5.771059 1.6464447 17.604305 -0.00041794986 1.8430166697269765 
Car -1 -1 0 435.97322069901065 175.61022075401812 528.1582464670388 208.42831087243857 1.5515425 1.637308 4.1564364 -6.191288 1.6900601 35.27032 0.08472743 1.4481346891512066 

