Car -1 -1 0 710.5615470463893 187.382789949857 831.9003367030552 279.8931504966623 1.4399027 1.5530103 3.4389935 2.8807845 1.7467576 13.506951 1.587562 84.1274726956172 
Car -1 -1 0 774.1907150760985 175.64764825693928 959.1728772958588 243.82181502881735 1.6655595 1.6932421 4.2025695 6.530129 1.7415903 18.672016 0.05705736 87.82567183867529 
Car -1 -1 0 302.9310848552006 182.50801519312574 464.70308450805385 237.5444734737612 1.4787514 1.6212308 4.1987667 -6.3797493 1.7699851 20.754292 -0.09814067 22.288795503181085 
Car -1 -1 0 0.0 193.53748090320505 312.6384141121234 323.0722449987348 1.417289 1.5903716 4.1067457 -6.0759244 1.698401 8.982192 0.014230823 110.781700267459 
Car -1 -1 0 221.71948104901975 182.0529278729061 441.6383861246659 257.4024379353975 1.5500202 1.6317784 4.249345 -6.0473213 1.7655008 15.984251 0.04826109 70.2142907539389 
Car -1 -1 0 349.1972312144686 181.35283034755335 479.78076116128096 230.4264160512247 1.5125148 1.615036 3.786591 -6.234026 1.7968619 23.330086 -0.0016053477 15.986561921420781 
Car -1 -1 0 257.9495105209211 181.21586680376936 427.39685541802106 245.93696409326756 1.5510149 1.6039064 3.7682428 -6.7201314 1.7757916 18.463963 -0.07002908 16.45276584834536 
Car -1 -1 0 711.6540037429195 180.85157117878447 823.5294759962904 221.04045976357483 1.5381048 1.6364166 4.0904884 6.296404 1.8701401 28.979671 -0.0786833 17.505040764512074 
Car -1 -1 0 383.0036154822972 177.4749752058494 494.36403978540557 222.99346944171768 1.6817024 1.657238 3.9825273 -6.519604 1.8664533 27.853594 -0.084740296 22.92996154282131 
Car -1 -1 0 158.13182185644135 181.04139145367463 396.7589927717642 271.06022684134285 1.5512751 1.5874242 3.8211212 -6.1735134 1.7171857 13.618908 0.11209905 43.539266093321466 
Car -1 -1 0 76.67879703651042 182.11050432782423 389.68109124664517 292.57865561092547 1.5544571 1.5915252 4.017427 -5.6504064 1.7082524 11.141634 0.025442708 85.03944992774191 
Car -1 -1 0 634.8651161181239 179.5424331679784 669.7354247188863 204.3057132551216 1.5168031 1.6413456 4.041438 2.7628589 1.9758594 47.425373 1.463595 9.040821161403239 
Car -1 -1 0 696.5986200262823 182.89303293286437 791.1239747218045 217.11885521995322 1.4430318 1.5810202 3.8318174 5.8937116 1.8996661 31.892618 -0.07247847 10.512870557900232 
Car -1 -1 0 697.0752820176709 176.35629279303336 782.7991400926736 214.14004115457294 1.7271369 1.6557195 3.7082655 6.109664 1.8968538 34.057686 -0.043229785 6.495887950480367 
Car -1 -1 0 478.3291993294109 181.1131642703159 546.5295868258344 206.28798853376338 1.4931774 1.6155133 3.9133472 -5.9353623 2.0112414 44.331852 0.061934914 6.214674272459365 
Car -1 -1 0 529.835406744897 175.73568719511135 558.5817292221797 198.68375603206994 1.7178116 1.6999476 3.8660295 -5.0784006 1.9512959 56.484886 1.6256065 1.5846196060408642 
Car -1 -1 0 397.2852283020148 171.19970955392415 506.97376417089424 213.1146298072054 1.7150011 1.604266 4.2660537 -6.5573087 1.6473136 30.337597 -0.006031383 0.6751017655386566 

