Car -1 -1 0 151.84646736595872 200.05483135901568 348.1692561757893 308.1766979606713 1.442643 1.5587994 3.8036127 -5.9711046 1.986257 12.505377 1.5539083 120.17424788855378 
Car -1 -1 0 290.0592578308258 194.38963759447117 411.4595293886934 267.55508882155084 1.454869 1.5595189 3.6848316 -6.045409 2.0259688 17.285204 1.5794971 76.6046682696171 
Car -1 -1 0 436.3056699896719 187.20700958772406 500.1885686851486 225.46606599048843 1.4345675 1.6836052 4.1850567 -5.9415092 2.089754 30.798153 1.629948 46.847857720878515 
Car -1 -1 0 857.466061248027 150.55606767680914 1041.5927081796945 209.8461856992959 1.5120823 1.6637454 4.139532 8.978275 0.94341564 19.27029 -0.017923873 99.19189458306904 
Car -1 -1 0 372.2587831754822 189.35524194163688 458.24772056737675 241.96463268302873 1.4488502 1.6863499 4.1213875 -6.1337466 2.0274801 23.234447 1.5633835 54.289296934105266 
Car -1 -1 0 668.4426060902365 174.8895904539044 732.8215887151888 221.46024121946016 1.4858766 1.5846099 3.9925108 3.0967617 1.5627707 25.227337 1.527456 31.57994049130912 
Car -1 -1 0 850.4283868591255 150.6931103736643 999.3811083903831 204.10333379763452 1.5487714 1.6177541 3.8121972 9.4735985 0.9061574 21.841011 -0.058053084 23.883191241614924 
Car -1 -1 0 765.1032767823723 165.35525396570392 889.1571276657758 206.44128767277803 1.4868954 1.6548295 4.1363254 8.094516 1.2155172 27.048367 -0.05312111 26.583608422627055 
Car -1 -1 0 659.6743226234576 172.9816903304923 706.9676377518707 215.22812694934316 1.6797707 1.6151114 4.0616107 3.0753884 1.6855698 30.73558 1.5748353 24.55566431407445 
Car -1 -1 0 811.34965068002 161.47841690189546 943.1913387711841 206.8955942826324 1.4660113 1.5938575 3.8616118 8.966766 1.0988212 24.30682 -0.11677511 20.97049455231873 
Car -1 -1 0 469.90423789477325 184.93574765694743 513.3272654468628 217.67733265768584 1.5287476 1.548059 3.5962353 -5.9695168 2.176145 36.846825 1.5953947 6.649243430304596 

