Car -1 -1 0 421.00831951582296 185.91471402262252 497.9292715158654 235.70652665764763 1.3983438 1.5584953 3.4804287 -4.4283876 1.4214449 21.997196 1.5963762 73.09607334844065 
Car -1 -1 0 214.49245417501544 195.7195710681462 420.2389384674503 312.84909301643467 1.3965621 1.5805051 3.8505096 -4.0978255 1.5833246 10.849548 1.562225 107.65464546144307 
Car -1 -1 0 470.9799784104691 182.85189699596907 521.4790977353442 217.3361324839777 1.44411 1.5371614 4.045185 -4.8916626 1.3451202 32.145393 1.5963557 30.423925651171995 
Car -1 -1 0 233.24865729176295 185.44360277572846 355.23761937678546 241.79567549833374 1.3931499 1.5017176 3.6857572 -8.418783 1.3999921 19.684456 1.6514351 18.34825319766853 
Car -1 -1 0 578.4112098903354 179.48720152277278 608.9666277169185 207.8567101628973 1.4760971 1.5899384 3.6329226 -0.7195673 1.178037 39.226685 1.5614576 14.91143191455438 
Car -1 -1 0 370.7964203278682 181.12153917029235 434.88401168144736 220.28702257428878 1.5603874 1.6257815 3.7725325 -8.595636 1.3972725 30.531929 1.5779984 28.193527289109632 
Car -1 -1 0 0.0 186.6828408420978 213.76401722474574 307.2858317646994 1.5852537 1.6458249 4.016265 -8.2380905 1.6128669 11.5138 1.5802532 86.06687225142316 
Car -1 -1 0 504.84334848145943 182.25538692702452 540.6722234037259 208.2987652385783 1.4359746 1.5436885 3.599872 -4.8252854 1.2727495 41.458023 1.6002467 10.426884438104098 
Car -1 -1 0 230.08826113494192 172.6806928911344 326.3332068054183 225.7806827571888 1.8641956 1.7697076 4.409261 -12.421038 1.4241258 27.467344 1.5406826 21.801811527511116 
Car -1 -1 0 353.7960754191279 180.7512263482 403.4631707738401 208.78096428189684 1.4912955 1.586802 3.812992 -12.702451 1.2537675 40.15836 1.5634012 4.804748684349688 
Car -1 -1 0 0.0 188.92965977038722 173.21014094600022 248.53345553059245 1.4887105 1.6015704 3.9366622 -13.923362 1.5926611 19.100945 0.113856144 2.9893120821143935 

