Car -1 -1 0 678.3239512843614 186.18251455990486 776.6646601536333 252.52829133780463 1.4361833 1.5460795 3.3708003 2.8505776 1.8031483 18.097546 1.4468014 108.02056766401037 
Car -1 -1 0 646.6826724981416 183.60803091528754 701.5812850584789 225.834088725672 1.4452729 1.5846562 4.05923 2.4128304 1.890472 27.808445 1.527458 50.91726008673004 
Car -1 -1 0 152.69629897549305 193.02594225515716 400.06518942762216 272.9265310552498 1.4157772 1.6040088 4.0647864 -6.3346915 1.8302755 14.011453 0.0063507617 106.63120407932375 
Car -1 -1 0 0.0 194.24104557547037 253.6323584150223 323.3147361807235 1.4596527 1.5598019 3.6336699 -6.7421737 1.7557284 9.204191 -0.0025644486 52.85606448483113 
Car -1 -1 0 222.58936387660233 190.37587000837038 414.4787637404701 260.4675161823795 1.4739151 1.5488349 3.7216587 -6.4898753 1.8897593 16.343601 0.003303784 32.65324898153318 
Car -1 -1 0 297.90205069158117 187.83809060574612 456.3006759654432 241.73382151813144 1.4597201 1.6205441 4.0783415 -6.691794 1.9153585 21.002306 0.06364339 36.56929026018931 
Car -1 -1 0 412.3649624413831 185.48452146771618 516.8658526174927 221.17944177192516 1.4766117 1.6495258 4.187581 -6.301415 2.0475168 31.592453 0.09585872 15.678677368814034 
Car -1 -1 0 336.79053761738885 186.43152430941453 466.888610742217 234.63438526411807 1.4807696 1.5826976 3.7748718 -6.672906 1.936979 23.433022 -0.010380047 14.488572787181573 
Car -1 -1 0 359.5059174905606 182.56251540282364 478.57564481508297 230.28547122922942 1.6062982 1.5438917 3.7989588 -6.742833 1.9656447 25.700983 0.12665135 11.057109703700515 
Car -1 -1 0 262.13082491314134 189.35934260022094 431.2898011857265 249.14201581879496 1.4357675 1.5551202 3.8144472 -6.732546 1.8836385 18.69723 0.05521856 17.815837079678193 
Car -1 -1 0 639.5025768841595 181.33484886505244 677.0021558546757 211.31224600439538 1.4785619 1.5728624 4.135772 2.570665 1.9601681 38.875107 1.5285733 5.448907536182456 
Car -1 -1 0 438.58612617934915 176.03608259338614 515.38195098391 210.33228494240922 1.6780343 1.646085 3.683507 -6.6489706 1.8432329 36.472527 -0.09061016 0.576151644754935 
Car -1 -1 0 520.2424611730715 181.00709408116444 545.1425840776927 204.69341214476103 1.4803925 1.5953482 3.6834023 -5.1298113 2.0479937 48.32157 1.4736512 0.2622162699699402 

