Car -1 -1 0 750.2639214147732 181.9647242991147 877.6140476827795 267.7866317148792 1.4636297 1.631163 3.89987 3.9910092 1.6743467 14.706985 1.6109096 97.0622323943072 
Car -1 -1 0 394.8084393978592 184.4261906877507 490.62641052115214 248.83218779733846 1.5188699 1.6636543 3.8235414 -4.414014 1.8646524 19.633917 1.5882258 89.80681359610887 
Car -1 -1 0 804.906408295465 180.30327324678527 1052.1562995463962 329.1195067729828 1.563573 1.5913849 3.5365798 3.9309533 1.6809058 9.563133 1.5265604 106.89254773871615 
Car -1 -1 0 695.0304978030418 178.61164463064625 762.4065618239674 225.48690253455177 1.484658 1.575916 4.057208 4.1032076 1.703825 25.411577 1.5370191 35.252954620171934 
Car -1 -1 0 720.0576069407498 179.29469055232502 801.846054724459 237.6173619683959 1.4509697 1.6234834 3.7837667 4.1490245 1.6492282 20.292402 1.6044402 43.216885090651544 
Car -1 -1 0 545.49682430436 178.18408269246467 577.0325652816299 202.55038179925296 1.4895829 1.5744016 3.8010666 -3.0991082 1.8504455 46.90544 1.6316144 10.455841269322114 
Car -1 -1 0 486.3448016425397 181.76651473170514 541.3821788355102 218.74854953494915 1.4140879 1.5616152 4.029299 -3.989407 1.818053 30.643465 1.6351348 19.46919571262808 
Car -1 -1 0 459.0131498964021 182.45211753037668 525.629185544107 229.68969313772544 1.4843547 1.5332977 3.882409 -4.0484495 1.849289 25.455458 1.6228337 19.208948401425346 
Car -1 -1 0 683.7372088886555 178.1997784500723 725.4024276229836 209.73014369402094 1.4752486 1.5567324 3.5353842 4.709111 1.7562608 36.14655 1.5511549 5.6293646153113786 
Car -1 -1 0 953.8002913898 172.21336578848167 1055.2283355589484 205.5033666610553 1.5653925 1.67029 3.968043 18.998278 1.5352678 34.822433 0.029670143 0.5525019764900208 

