Car -1 -1 0 0.0 192.0841940668396 199.6875059071898 301.6833096565686 1.4205203 1.5924642 3.8170888 -8.382069 1.5483389 11.467032 1.5731921 86.92627912144636 
Car -1 -1 0 380.0726696323087 183.71159143052964 495.8992572248407 258.9851807614433 1.4681001 1.6214067 3.6954641 -3.5914419 1.4387647 15.884357 1.5915184 98.09552207266483 
Car -1 -1 0 208.83493259268215 173.9028048677816 349.10707458571915 250.519869170668 1.6582818 1.6318583 3.8467503 -7.7980323 1.4134282 17.488495 1.5786747 116.92959624459753 
Car -1 -1 0 489.71908437035256 179.23375490100491 546.1772690798857 220.41637422674435 1.498232 1.6644794 4.24812 -3.428011 1.2806077 28.282192 1.5780798 65.78203337002535 
Car -1 -1 0 577.9665072469224 177.8704698009326 618.3249428106951 214.81136072551726 1.5273898 1.669947 3.3706129 -0.41792724 1.2236876 31.429062 1.544568 23.0271394193165 
Car -1 -1 0 338.1052223692096 182.68222629671828 414.56395493914846 229.30704421682472 1.459995 1.5949169 3.6986594 -7.736017 1.3806627 24.402046 1.5134258 18.352800655072784 
Car -1 -1 0 68.77839527613075 187.62280980421912 220.64652320454277 245.51705880607895 1.3757603 1.5865571 3.9654121 -12.173082 1.446919 19.249756 1.5470927 40.24250742764344 
Car -1 -1 0 456.4942702969026 179.04144434939306 495.6273511263055 205.53358041947808 1.5058347 1.5820946 3.738741 -7.7467613 1.154885 42.743904 1.5891054 12.184374080193393 
Car -1 -1 0 410.1510802436778 183.3419260181563 461.48134012089577 217.71674459703777 1.4430878 1.5089182 3.641836 -7.567703 1.3644251 32.019165 1.5434011 0.25735723972320557 

