Car -1 -1 0 675.9518394865737 181.6891833187196 750.8021160373934 238.52511491504006 1.4421636 1.602106 3.5778072 2.8804367 1.7171474 20.661743 1.5628607 81.60088901500703 
Car -1 -1 0 755.8089034756601 184.49350655295834 1017.6360257556427 360.03149149967516 1.5715764 1.6466482 3.7953238 2.966231 1.7412624 8.615593 1.5638697 130.31260827336828 
Car -1 -1 0 274.7695039766068 176.38799956302864 452.73209575756874 237.09581652326335 1.5260596 1.6625246 4.1643243 -6.4558525 1.6248047 19.20499 0.060605448 92.63106719517481 
Car -1 -1 0 652.5806971601728 175.38156037870695 695.3914848504319 215.1589143924462 1.6212944 1.6394641 3.7635252 2.7611322 1.7385044 31.555546 1.599122 31.181777151009967 
Car -1 -1 0 60.27209921291185 171.7563028650278 363.4845883382447 282.99977224891046 1.6425118 1.6558003 3.9548318 -6.199059 1.6263043 11.54025 0.029944185 88.84323296822197 
Car -1 -1 0 0.0 176.77304979001352 291.9225325348314 317.2858895543331 1.5514315 1.6474223 4.088139 -6.3393116 1.6051059 8.950316 0.05342894 27.605487350653576 
Car -1 -1 0 347.2763391355389 169.0954113923663 484.8346716573508 223.95960639639839 1.7696995 1.7128141 4.1394615 -6.3958025 1.6484623 24.147108 0.0081213545 34.84212148694624 
Car -1 -1 0 139.6234580888534 174.71753215056827 369.52800166012315 257.73013976806817 1.5433035 1.5749646 3.784957 -6.909657 1.5823481 14.284648 0.024176173 3.6820117739552747 
Car -1 -1 0 418.75675101550394 175.38522069174087 514.0839799001794 211.9935896740743 1.5572387 1.6562104 3.914294 -6.236455 1.6718435 31.744585 -0.049626816 3.613634879229602 
Car -1 -1 0 397.4974983181829 178.38963216505005 507.22139051372056 217.6603536539599 1.5197763 1.5957856 4.0434875 -6.2812586 1.749713 29.07369 0.049646046 1.5274818457620916 
Car -1 -1 0 637.445165331464 175.1976125707879 667.6543731069856 201.86634884346893 1.6560786 1.6261358 3.751151 2.764151 1.8150499 47.041786 1.5377018 1.1898035496947326 

