Car -1 -1 0 733.29207625127 181.45032349791109 827.9874946024138 251.06312551599808 1.4896824 1.6198497 3.8064942 4.1078205 1.7256311 17.862373 1.6218991 59.18690038538255 
Car -1 -1 0 865.1672227068292 195.31639231287505 1242.0 375.0 1.4467592 1.5954607 3.875441 3.914242 1.7235308 6.9394965 1.5877553 79.1831421256016 
Car -1 -1 0 768.9140187096785 179.36181694207383 931.8716603599629 284.8917755809389 1.5604253 1.5765653 3.4731631 4.0320067 1.6905208 12.655594 1.5284134 97.33289287604983 
Car -1 -1 0 431.6895438193764 184.8985089380172 512.5738227766204 238.69689089869863 1.4852176 1.6518514 3.905243 -4.2349234 1.8989606 22.797695 1.6160426 72.32580572347615 
Car -1 -1 0 554.1797342802001 178.29718193790137 584.3000265051676 202.11517413746483 1.5571609 1.6023597 3.6981516 -2.7539976 1.9483507 49.949444 1.648918 17.914014229513153 
Car -1 -1 0 480.8567462468863 182.28492427172824 537.3088796541688 223.13208080618116 1.4618083 1.5183014 3.7958138 -3.9175673 1.86164 28.653236 1.6260741 21.205193707322405 
Car -1 -1 0 711.9335374998884 178.97677489661822 777.3478962696902 229.6834921687383 1.4819796 1.5761782 3.616953 4.2919345 1.6958969 23.370544 1.6107706 25.112225680061613 
Car -1 -1 0 692.5575619336123 178.9737454356289 748.4890635654523 220.55016116369072 1.5047758 1.576947 3.866569 4.3284855 1.7640889 28.630323 1.557565 17.505547942330786 
Car -1 -1 0 503.7124246049362 182.41913098939682 551.7069746834026 215.7458503000421 1.4196408 1.542277 3.634722 -3.763555 1.891114 33.689007 1.655684 6.200433474588495 
Car -1 -1 0 685.5629019499784 178.50822727667682 722.0675046878988 208.257042954834 1.5187812 1.5785604 3.5054574 5.085553 1.8403568 39.272053 1.5857623 7.91161953113382 

