Car -1 -1 0 364.25088619627957 194.10701073232488 491.2893831023838 269.01031906479335 1.3999728 1.5911536 3.8337638 -4.2968497 1.950535 16.663982 0.96221244 128.29251784422786 
Car -1 -1 0 859.1584218532322 170.7258306448251 989.757157145209 239.60857000494562 1.4103582 1.7686546 4.3917704 7.2448115 1.3667843 17.078253 1.7236594 70.39258323410863 
Car -1 -1 0 770.8733800978408 170.10215209556807 848.4876790765135 231.35006999873235 1.4173179 1.5742074 3.4221754 5.037427 1.3536382 18.515038 1.7379024 73.97323753909188 
Car -1 -1 0 255.21859222846632 186.34714103162673 313.4018482945823 228.21011234741007 1.493917 1.6115097 3.9334846 -13.208063 2.0789394 29.19081 1.0069451 34.69226304317197 
Car -1 -1 0 29.53805534062645 191.14406603854383 77.82610782863004 224.83076176593255 1.5533395 1.6729317 3.7317748 -28.814177 2.5548997 37.4891 1.000421 24.816989277956754 
Car -1 -1 0 232.90485462827607 184.32218935410782 283.97604835759415 220.3215574301695 1.5242469 1.5913985 4.161749 -16.639427 2.1007147 34.100773 0.9743668 15.301937787893515 
Car -1 -1 0 436.0344472780999 176.67380994614385 524.0895286312782 212.26617199260218 1.5641224 1.6279705 3.6489668 -5.8658876 1.7434976 32.90096 0.09414947 43.939560390192966 
Car -1 -1 0 501.5855133124635 156.6768227215386 787.5494459794285 331.88459768912674 1.955515 1.787708 4.550753 0.22855854 1.7749596 10.443838 0.9859419 46.37421761077468 
Car -1 -1 0 371.7761246018076 181.14855134121677 456.3284066384369 213.32030898219006 1.6377032 1.6331143 4.0139503 -10.245384 2.084011 37.991592 -0.007939 4.754930855973664 
Car -1 -1 0 955.5122778384915 166.15647789363533 1140.1457955103335 228.24314060946864 1.4716294 1.6192589 3.8847032 11.493364 1.3128791 19.181654 1.0210592 10.305468919864497 
Car -1 -1 0 210.69676488336842 182.9701881023838 239.06701362867352 203.9980655967224 1.5815799 1.631845 3.5571346 -30.938816 2.4236128 58.10386 1.1920377 0.5351931826996738 

