Car -1 -1 0 144.6114474280619 192.18837377894653 427.24466334882 350.91089886459224 1.4281127 1.7587993 4.4764385 -3.7317905 1.7382623 9.309192 1.5387421 116.22455918545978 
Car -1 -1 0 643.5781780331567 177.40030883032094 689.6741920605803 214.57669486866715 1.4616387 1.5936278 3.7873096 2.37157 1.6673785 30.743876 1.5513244 60.684940815407835 
Car -1 -1 0 0.0 207.05750672916477 226.43502718070354 362.07670446206987 1.3756654 1.5905645 3.9422674 -6.7298365 1.9091865 9.267452 1.549787 105.75396837733054 
Car -1 -1 0 383.6138792081798 187.58134659248546 485.1864162797609 259.6423173505996 1.4379923 1.5456765 3.457179 -3.9658036 1.8170435 16.838678 1.5660951 84.87686452531302 
Car -1 -1 0 773.102658903039 162.87663201994064 927.4528052212582 215.70388499385984 1.6662409 1.7433339 4.5147843 7.878109 1.3515415 23.827879 -0.089355625 48.09763175163588 
Car -1 -1 0 444.9257914354025 179.43735340737402 494.80385194400986 217.33603703837878 1.7029734 1.64104 4.0048685 -6.7310815 2.0417387 35.12381 1.5739484 18.205306691918317 
Car -1 -1 0 758.9909692845929 159.81662089748787 872.8257809314601 206.47405524745457 1.680253 1.6374822 3.7698042 7.604904 1.2107437 26.823368 0.010750669 20.865617897270845 
Car -1 -1 0 727.4357164024922 165.85045315352446 827.1676207784118 200.19836725288093 1.5320123 1.6660684 4.188679 7.622106 1.2196345 33.041576 0.012424598 14.358811585905645 
Car -1 -1 0 930.9437795868388 153.12040980510275 1004.8506815186056 179.75771903360254 1.5511518 1.6460378 3.6085458 21.307842 0.4020192 42.975204 -0.076442525 1.9330095807405994 
Car -1 -1 0 961.9332361748601 151.91775460799866 1044.5440214760952 180.40490439996964 1.5264595 1.6376638 3.7291298 21.62339 0.40460852 39.693954 -0.11704834 1.942944681986641 
Car -1 -1 0 355.04287387838815 187.81470411512777 448.3084573016354 237.07901079847431 1.4000285 1.5949295 4.159387 -6.768987 1.9408572 23.944088 1.6551228 3.34296001511613 
Car -1 -1 0 902.6011987142721 155.2775306893666 967.9814120666836 179.92499776656945 1.5185611 1.6101254 3.3760934 20.410805 0.43565273 45.29025 -0.018057594 0.289034903049469 

