Car -1 -1 0 0.0 185.78611038773047 243.48317706303604 303.89584489433616 1.5383073 1.6117009 3.9234047 -7.5385246 1.5488654 11.343693 1.5712646 122.7353358827264 
Car -1 -1 0 562.9587656126264 179.6971241510174 618.2312314564433 231.85783838436575 1.5745772 1.6687888 3.3073463 -0.5149435 1.4079878 23.360815 1.5623221 36.14013408267864 
Car -1 -1 0 279.33196266510765 180.69325916550304 478.6843681257205 308.95107542713833 1.569137 1.6651635 4.084392 -3.161717 1.5138084 10.847647 1.5839733 117.18574940998577 
Car -1 -1 0 273.20832449629154 184.28353702583445 341.7897872740005 221.08185050697358 1.4469138 1.5952189 3.432108 -12.433233 1.4102612 30.023998 1.5140934 33.11357587361293 
Car -1 -1 0 476.37536100421664 183.32122858328296 539.9499130462003 230.11384558776803 1.4458369 1.6865547 4.017807 -3.2497616 1.3873 24.241339 1.5455734 39.25370341558159 
Car -1 -1 0 420.5680544040019 181.85820886277742 467.6300855132894 212.88220801195823 1.479927 1.6055274 3.7852314 -8.151553 1.3197658 36.205105 1.5435692 31.61722088510797 
Car -1 -1 0 82.48222194140921 190.73897098707235 230.68494998752362 248.4003158533191 1.3856273 1.6019471 3.9706972 -12.11326 1.551959 19.652447 1.5576648 17.24200741727614 
Car -1 -1 0 464.89221843671095 179.41893291558887 495.0899855846808 203.395595271563 1.5882039 1.5789988 3.5904114 -8.710546 1.2042286 49.442722 1.5298686 6.457400604177212 
Car -1 -1 0 509.71403438362535 182.6122372335957 548.3474123705934 211.92753972079223 1.4466443 1.6050906 3.461451 -3.9994037 1.3181694 37.209095 1.5763625 5.033993363646121 
Car -1 -1 0 314.31593089571476 182.10725325450863 406.61500575933377 236.53341053462327 1.6031587 1.584331 3.5983582 -7.783559 1.5115974 23.007416 1.6158524 5.1064189069271455 

