Car -1 -1 0 677.0230785590795 171.45224394502446 787.8008102142387 260.53998494176415 1.8073452 1.694469 4.3258514 2.70246 1.7789073 16.83187 1.5324004 130.09309674365807 
Car -1 -1 0 36.35913301665788 182.48362680902707 338.119926395839 284.88367504927214 1.493087 1.6029851 3.8980088 -6.586997 1.6581715 11.5246105 0.022427946 72.60633110211042 
Car -1 -1 0 145.85725210821656 185.47892767454718 404.8338704914313 269.237346021591 1.4906591 1.6396723 4.2459393 -6.311737 1.7492143 13.935871 0.010004873 49.96989944492971 
Car -1 -1 0 636.6401581428976 178.90421586681168 671.7180390961736 206.82070995857183 1.4387596 1.5347204 3.3025112 2.4107962 1.7851372 39.614582 1.5115316 17.29095882095837 
Car -1 -1 0 222.2194077492219 184.66675243207712 423.6119493452522 252.7837368933134 1.4207115 1.5735152 3.9476783 -6.39993 1.7035537 16.327297 0.08372166 39.7388586736039 
Car -1 -1 0 650.1814530795436 178.58045449864267 704.419160250011 221.27663941423936 1.5090498 1.5981007 3.7687492 2.5528102 1.7459317 27.931587 1.529515 26.138931606861952 
Car -1 -1 0 405.23426492058206 174.29282392239242 503.9074538379944 213.23071622676983 1.5863099 1.6415236 3.748648 -6.519477 1.649305 30.532007 0.13107036 15.21717038792954 
Car -1 -1 0 308.9460163337251 177.14373562517738 453.10027919874364 236.9394824608821 1.6573944 1.628792 3.7276978 -6.5779533 1.7881253 21.060781 -0.06199015 29.694316171683806 
Car -1 -1 0 269.7167444832932 180.4749092589699 433.19100098015304 241.03333600044627 1.5031503 1.5821773 3.718768 -6.6807914 1.7115347 18.92132 0.009249036 14.957776230190039 
Car -1 -1 0 463.3934137330063 173.49043398435518 529.7183566315991 201.68619537885343 1.6341416 1.6694131 3.7677476 -6.6638746 1.6727822 42.834988 -0.07466509 3.278415756511857 
Car -1 -1 0 331.67373068785116 172.95987398816035 476.28353662629195 227.29619670243048 1.6972193 1.651255 4.2249928 -6.5801964 1.7007774 23.395424 -0.013724443 10.018553648151256 
Car -1 -1 0 664.1167184837177 182.23770595976302 734.1151080121344 234.24907706672562 1.4361924 1.5853996 3.546239 2.6938066 1.7507657 22.382011 1.5266681 3.8357484719119785 
Car -1 -1 0 673.4765156041217 170.59162907095293 718.9476984868999 185.06821174582686 1.4060447 1.6231008 4.3916035 8.504084 1.1863105 71.07187 0.08365475 2.6238318437540666 
Car -1 -1 0 438.341427014275 176.67246323250137 523.4376421788404 206.89443181872275 1.5477788 1.6726625 4.152521 -6.763899 1.7548492 38.162376 0.063166514 1.291038177615479 

