Car -1 -1 0 692.9263154588566 181.85480831579818 801.7026155324769 259.80137116339694 1.4281635 1.5437933 3.502537 2.8117275 1.6425352 15.407749 1.53598 45.038179871819594 
Car -1 -1 0 648.4987993220569 175.55326884241433 689.771142554412 210.02985463698212 1.4650719 1.6020811 3.7946877 2.6590862 1.5951455 32.864822 1.5804689 27.239845350275075 
Car -1 -1 0 726.7914409299796 163.91986567855176 954.8836590816067 328.6735985873452 1.7601669 1.6877012 4.173766 2.8184648 1.6647179 9.812986 1.5495381 101.89626918137616 
Car -1 -1 0 669.9204762486937 176.68616267273532 750.9437607988018 235.00963980295717 1.5036002 1.6427274 3.9588928 2.8094068 1.6251578 20.876606 1.5305976 51.33203253395279 
Car -1 -1 0 0.0 188.9957159623017 302.0897400853386 315.1307967109456 1.4389837 1.5599104 3.8372312 -6.2404966 1.6693764 9.382309 0.07218012 48.93996810677383 
Car -1 -1 0 164.35690620679486 176.85853971061132 389.6202760039023 264.95542119254503 1.6185687 1.6097149 3.6940393 -6.4132185 1.7022846 14.209961 -0.03774442 48.1272179756254 
Car -1 -1 0 57.55857233416615 182.94698394615656 344.37415395998534 278.8032775868501 1.4743304 1.6055439 3.8954556 -6.682903 1.6546597 12.080085 0.004480228 32.193718180085625 
Car -1 -1 0 343.34248868776905 171.6977747009227 477.0766085231257 224.41229562698382 1.6546793 1.6771506 3.8842785 -6.4340096 1.6183859 23.548174 0.031595193 29.918550746663314 
Car -1 -1 0 393.791256284861 174.66329192108623 507.4715945054272 210.63416823474336 1.504539 1.6924855 4.521041 -6.8527894 1.5857604 31.338074 0.09309279 14.719377640551222 
Car -1 -1 0 226.42339850217564 168.98576990258317 438.7499186588799 248.2316034572295 1.7329946 1.6707199 4.2478933 -6.254989 1.6484017 16.61481 0.00020680396 20.79818446539174 
Car -1 -1 0 441.04568926251784 170.50628115784343 520.6668980217127 204.14030851526155 1.6387253 1.6199404 3.6907191 -6.372591 1.524339 35.98198 -0.00927057 2.4671480186109243 
Car -1 -1 0 302.94203808845594 177.4075351115323 460.71053638696424 230.98212234698494 1.471625 1.6006199 4.060762 -6.5362225 1.609729 20.932453 0.07544469 1.5774209732962747 
Car -1 -1 0 637.5823111221197 174.07390912222888 665.6966580857165 200.57338268010832 1.5283893 1.5709032 3.6315594 2.508084 1.6052345 43.61801 1.5941482 0.5501624837699726 

