Car -1 -1 0 686.437626323663 186.14571459532598 777.7251414495254 249.71347399515628 1.3716574 1.5295727 3.4157815 2.8960183 1.3962542 17.286983 1.5476718 79.81261126411212 
Car -1 -1 0 443.32700459097504 180.36674399034467 508.3085070255092 228.24060853568398 1.4959815 1.5652065 3.5358992 -4.3491306 1.3444594 24.235958 1.5644755 77.86602383129305 
Car -1 -1 0 149.26749064743785 186.24901543609303 313.3218307284725 257.6811290416624 1.3687457 1.5787241 3.812015 -8.0142765 1.39412 15.7409935 1.5776125 76.52774070451787 
Car -1 -1 0 292.4157306142151 184.15461803670445 464.34746034362604 289.2576173168062 1.4918722 1.6410905 4.071245 -3.6527543 1.4768108 12.241442 1.5682268 95.16588144014796 
Car -1 -1 0 630.8817333546685 178.5337402598484 664.6071002152331 203.59380011733347 1.4503137 1.6097205 3.9066336 2.414806 1.0636053 43.598896 1.5135411 18.28875860113276 
Car -1 -1 0 501.1499737002155 178.96665647745067 538.8841652363963 208.5036192958348 1.4442801 1.57427 3.6342049 -4.436885 1.1387184 36.9836 1.5495384 21.172498899718875 
Car -1 -1 0 584.8030740037588 177.25938028148752 614.1525462296604 203.102132823003 1.497524 1.6118872 3.8554647 -0.5065871 1.036475 43.62508 1.5157707 14.403524236557883 
Car -1 -1 0 395.58647361168687 172.83534829689944 451.2585787408442 208.65422155162017 1.6148238 1.6621884 4.007299 -8.720613 1.05668 34.41674 1.5648898 24.041485755306038 
Car -1 -1 0 299.2969173869032 182.87796838844838 393.2998124647014 231.45010541080012 1.4731697 1.5383452 3.9752436 -8.516863 1.4022675 23.819233 1.6106267 2.5725809677504086 
Car -1 -1 0 573.9342370546058 177.7415407476043 599.3200903584798 198.99784931420473 1.4707824 1.559015 3.8338318 -1.4454732 0.9536249 51.687386 1.6125205 0.26343584060668945 

