Car -1 -1 0 681.8671368379512 181.17328278981537 762.2254717764362 244.2426745115905 1.4656897 1.5944765 3.9337807 2.8939602 1.7107021 19.270243 1.5874307 118.6110647165188 
Car -1 -1 0 140.64226798580074 197.7638354501627 337.3133728883424 303.6493392767486 1.4515544 1.5850095 3.6555648 -6.216688 1.9496384 12.591374 1.5601498 109.121680510703 
Car -1 -1 0 806.5909008789201 162.68721716738852 983.305490251393 216.40920244402207 1.5248702 1.7055695 4.5783267 8.377233 1.2362913 21.417435 -0.037038606 93.81567883812032 
Car -1 -1 0 342.6351915332837 191.30027371387519 437.8469502100096 250.47657471964092 1.4315557 1.6038727 4.194023 -6.212614 2.0200992 20.899506 1.5385873 63.330877473505694 
Car -1 -1 0 945.8762796935054 162.47664790440714 1242.0 258.8343564444653 1.4968648 1.652158 4.220562 8.117768 1.3356582 12.05892 0.011466809 121.99862581717552 
Car -1 -1 0 457.8765617987142 184.66215656979116 505.116964006962 218.32988467595595 1.4734112 1.5309289 3.7895653 -6.120114 2.0746667 34.8286 1.5927725 11.458586855872607 
Car -1 -1 0 1126.4013399252601 144.27427143019008 1242.0 185.2450036119332 1.523412 1.6094825 3.781574 22.309765 0.4607337 27.762548 -0.06925818 16.124630587997952 
Car -1 -1 0 478.9128219527003 183.69112286350364 520.8202725142921 212.34240455688413 1.4656907 1.608838 4.072817 -6.103772 2.1054475 40.533092 1.604085 7.442314325302622 
Car -1 -1 0 882.0977963118854 147.279011817877 1122.8340932388448 238.36815074471133 1.8190881 1.7042586 4.1986938 8.206923 1.3083448 15.315594 -0.02588746 34.93395698139694 

