Car -1 -1 0 700.2177630463395 187.08574525482257 802.2994074415343 264.88319256066154 1.4113402 1.5502033 3.486555 2.916968 1.7513623 15.485037 1.584595 69.44484760091558 
Car -1 -1 0 763.9982069647131 178.73725402402061 917.0128829158369 236.9958526501426 1.5678127 1.6440845 3.8803272 6.4841123 1.7434723 20.57793 0.075180516 84.95720675904779 
Car -1 -1 0 31.395735693747373 192.49815635696322 361.5037137000958 297.6556789986592 1.429749 1.5825206 4.0845323 -6.063196 1.7482982 10.904091 0.00249307 107.95052451630532 
Car -1 -1 0 263.02669227489787 181.2193457498242 458.7138328769823 247.58471899779985 1.5431006 1.6454513 4.3046703 -6.0986524 1.7624204 17.966755 0.059990123 65.88463969113862 
Car -1 -1 0 334.62806328306414 182.87204861051256 479.33749014486534 232.13007205665429 1.4722872 1.6133695 4.112138 -6.3454227 1.8022263 22.850533 0.05223754 23.029995473249325 
Car -1 -1 0 629.1336282187209 179.79439781369368 667.6259055819934 203.88041474946255 1.5363903 1.6496084 4.0570946 2.6104403 2.0324793 49.42048 1.3658363 8.468654993500943 
Car -1 -1 0 156.786708840974 183.8056964392946 416.698333807907 275.0772843682186 1.5253884 1.5839057 4.006187 -5.7141857 1.7363783 13.0784645 0.015210603 78.12225313234555 
Car -1 -1 0 291.48815565598636 180.73958210704387 443.6526533459713 239.95891909178516 1.5819404 1.6109154 3.7876952 -6.7516956 1.8148859 20.414536 -0.050585896 12.052005558190046 
Car -1 -1 0 223.40323928441003 180.76346987238742 425.82450846203096 261.6106209843538 1.6177359 1.5734615 3.767908 -6.076503 1.7993624 15.5982685 0.0998086 23.942783554444414 
Car -1 -1 0 690.0844669771622 183.32703642809355 775.513226118764 215.9335502401129 1.4587803 1.5632627 3.6686325 5.746025 1.9639716 33.849777 -0.09681876 12.718199546514157 
Car -1 -1 0 397.4762710485545 177.22804523155435 502.14325814034896 218.00392107020656 1.6272428 1.6358407 3.997792 -6.5486784 1.8136625 29.867819 -0.033190854 9.16357524815676 
Car -1 -1 0 691.6024090680617 176.88474604723584 772.4663442011724 212.96114259351074 1.7405624 1.6539699 3.6890109 6.0683885 1.9468938 35.98011 -0.07057309 4.808894457435644 
Car -1 -1 0 374.2733149340541 182.46405770762985 491.6570533528554 226.83954074545665 1.4821581 1.6005487 3.7101214 -6.134467 1.8306098 25.314554 0.025733585 10.995313538328645 
Car -1 -1 0 707.0459822137142 183.20841516969693 802.7053312524463 219.79841090785854 1.4968953 1.566188 3.74053 6.1888604 1.9540244 30.944036 -0.06922826 3.3388978011355315 
Car -1 -1 0 486.07714314571103 181.45438590537617 551.2234323005409 207.04985851121407 1.5888771 1.6348761 3.9200263 -5.8068027 2.152288 46.340763 0.056680635 1.8648716785118615 
Car -1 -1 0 405.7465958071834 168.58226176034844 506.16674445335997 209.22464891870902 1.7719569 1.6065105 4.1422877 -6.8201923 1.5857143 32.29041 0.0140491165 0.9817443475439962 
Car -1 -1 0 668.3479246755339 178.89377927381028 699.152196133806 198.78958187685257 1.537391 1.6158683 3.8568873 6.0290833 2.0482705 59.007774 1.4274076 1.1482860914682147 

