Car -1 -1 0 691.8295956489271 173.81531499655975 810.7559775112688 270.685254552336 1.6677042 1.678258 4.10088 2.6840966 1.689823 14.532432 1.5940917 115.79974582833484 
Car -1 -1 0 666.7030101312859 180.69252041442584 746.3959576142637 240.3944949016277 1.4916866 1.6056793 4.095704 2.6635213 1.7384824 20.644949 1.5385473 48.10648474437654 
Car -1 -1 0 648.5429966964142 175.80999122523855 698.9185707866727 218.2466817804336 1.6213295 1.6378386 3.7441509 2.5792801 1.7508762 29.726252 1.5414993 51.245185222670095 
Car -1 -1 0 98.47685009024755 190.47863875335963 370.9906111364233 286.3727254399621 1.4510021 1.5497409 3.7279139 -6.090533 1.7641352 12.016224 -0.015238101 70.78644645502692 
Car -1 -1 0 176.20928926705258 182.0111480092039 409.83678346760865 265.1357032946571 1.5562193 1.6593345 4.024821 -6.281779 1.7544963 14.670705 -0.061887767 52.918787250888926 
Car -1 -1 0 634.3623675484703 177.22873844626244 666.8717829706131 202.95729490077287 1.4637866 1.5477784 3.4505985 2.4333305 1.7378137 43.42464 1.5065136 20.2044004182297 
Car -1 -1 0 234.24723320169767 183.20977961974077 422.6067676514076 248.38704472330426 1.4595671 1.5766382 3.8974423 -6.618617 1.7195321 17.269531 -0.028489873 4.966487770458685 
Car -1 -1 0 444.1395508388924 180.05039520905305 525.6703941204049 208.83241984900562 1.4923395 1.6204135 4.078458 -6.6348753 1.886256 38.661972 0.011499016 2.2489220473525093 
Car -1 -1 0 0.0 186.2442332939052 305.2436304420952 309.98433526908826 1.4797226 1.5810392 4.015231 -6.4112473 1.6743575 9.648967 -0.024272246 8.230061357525894 
Car -1 -1 0 404.53099315587156 169.8813317045579 499.5599389278636 209.6860794394394 1.7812049 1.6970342 3.9915466 -7.180069 1.6481822 33.144005 0.0038700975 3.1245343096944054 
Car -1 -1 0 390.02519089688326 181.48996683362313 497.9353473185719 222.4125802824908 1.5122447 1.5945324 3.778007 -6.38181 1.8589739 28.017342 0.08348007 2.1321607371344475 

