Car -1 -1 0 691.5457527754618 173.12221176574351 810.2664961217341 265.11274100656436 1.6346859 1.5830851 3.4336066 2.7189374 1.6407583 14.58407 1.5239073 132.2543532004744 
Car -1 -1 0 655.6318405904555 178.5182467719748 704.5667334234809 217.61449350673948 1.4134848 1.5209587 3.4019415 2.7095387 1.6491165 28.299788 1.5504649 63.67828781455631 
Car -1 -1 0 346.0209731367494 177.48657133284718 482.7783205015979 224.08779933738828 1.4602357 1.6009097 4.041194 -6.357638 1.6186604 23.735579 0.06988661 36.17138307865257 
Car -1 -1 0 150.05553220545698 177.93575151184393 402.892080543501 270.33267989782036 1.5661207 1.5898592 3.9436297 -6.010389 1.6661404 13.267096 0.07178864 60.82228222687359 
Car -1 -1 0 214.46539598704123 177.16297725577053 428.50105058176484 250.5962724179899 1.5235085 1.613769 4.067429 -6.2234163 1.6232464 15.883353 0.005352443 40.416367806551705 
Car -1 -1 0 697.5649564883329 172.628016902671 788.47943193401 207.65974655204622 1.5816162 1.6127846 3.9406588 6.1305327 1.5714133 33.436417 0.027547328 11.223104818208988 
Car -1 -1 0 383.96797028523997 176.357517838647 501.9887536192446 219.70355007264064 1.4865792 1.5636241 3.8238616 -5.8948975 1.6160194 25.773193 0.05439716 9.451888409238903 
Car -1 -1 0 627.9334597633942 173.45985646982535 648.8218785686462 191.90908820672828 1.5358636 1.6472758 3.7650259 2.4519534 1.5895652 62.072956 1.5709715 1.67990662083745 
Car -1 -1 0 246.48549177608652 164.02991829662952 424.45286003517526 237.84653336441485 1.7689979 1.672982 3.8729043 -6.806472 1.5575308 18.219063 -0.047545277 2.4163189763582915 
Car -1 -1 0 457.789163184736 164.6087166350638 526.3354555652127 193.73506980160494 1.7907007 1.6496584 4.0316277 -7.320387 1.2837769 45.198128 -0.0063831396 0.5442093256990422 
Car -1 -1 0 485.995654655016 173.51249884380144 527.5353450203845 203.79142351327957 1.4611325 1.6005745 3.8752692 -5.1934834 1.496535 36.847343 1.5622295 0.2556152939796448 

