Car -1 -1 0 337.12285247093814 186.66112027936632 403.9784532067707 226.89905492055794 1.3630157 1.577728 3.3318293 -8.544319 1.4191624 26.198992 1.4892552 32.26730192838484 
Car -1 -1 0 462.9288009903185 182.30212544076582 520.0474902040086 221.41001468587845 1.4534302 1.5500607 3.54559 -4.521785 1.3451483 28.521751 1.6156087 39.5302697574471 
Car -1 -1 0 495.98043287711937 181.72911989112296 544.2833642864562 210.24865173041513 1.4525932 1.6055841 4.0604143 -4.627182 1.2750103 38.73408 1.706959 9.670081698304305 
Car -1 -1 0 378.98632082092774 188.78126652445548 480.8568193017725 255.02102218010796 1.4088156 1.5666567 3.8294919 -4.1595345 1.5047654 17.420286 1.5585499 81.06498628538739 
Car -1 -1 0 579.0744290505818 177.97603723472542 608.6788631134159 205.6065829591647 1.4775548 1.5835959 3.343243 -0.7501765 1.090411 40.130367 1.5479863 18.774642066013968 
Car -1 -1 0 391.3216858938513 178.38358170418144 429.7742052416929 202.20073365558017 1.4845469 1.6014956 3.8335059 -12.738232 1.0586942 46.756557 1.5276008 3.3493575529305 
Car -1 -1 0 411.9438628176058 181.177272026852 459.2311100789432 214.85048660612102 1.6542965 1.60805 3.7305837 -8.817062 1.4558969 37.19342 1.5553515 4.726024705839553 
Car -1 -1 0 515.5570105806048 180.52186864170122 544.9207099230787 203.26607763712445 1.4518831 1.556527 3.516491 -5.145799 1.1522511 47.77364 1.3519821 2.958704187983446 
Car -1 -1 0 226.17111716152291 185.77887646156438 346.8071039860819 251.91581229120897 1.540134 1.6384745 3.9535303 -8.219595 1.5564592 18.806305 1.4971738 5.5933021429669445 
Car -1 -1 0 309.8389294935994 172.7272922546236 373.8931072961974 211.49841359207414 1.7168963 1.6741174 3.9611905 -12.401457 1.1638739 33.842064 1.5352912 0.5887994907829152 

