Car -1 -1 0 729.6159170741275 173.67739591842096 935.0977072261364 318.19268563650996 1.6896539 1.6237195 3.936313 2.9542751 1.7038715 10.4588995 1.5295154 137.8399525874187 
Car -1 -1 0 699.025517680782 176.85678385076037 769.3286185702303 208.04326655939835 1.4397917 1.4511911 3.6296918 6.1141787 1.648819 35.743633 1.0506375 46.17201296665446 
Car -1 -1 0 619.5275477330814 175.86486647703094 654.0257554693417 200.47202885066898 1.5592139 1.589384 3.3852 1.77321 1.7669392 47.97133 1.3877718 29.148855038368847 
Car -1 -1 0 261.2646507284635 185.351551015603 458.52652159612126 249.14182482210927 1.4229952 1.5891197 4.165786 -5.8675604 1.7363169 17.25584 0.018804088 30.080864595715262 
Car -1 -1 0 287.85560283230325 181.00161766777347 444.30592893026744 238.75472289424314 1.4917274 1.598738 3.734273 -6.5884376 1.7246901 19.75707 0.040155925 13.965024170738495 
Car -1 -1 0 188.33616294723035 174.20985705777562 389.456468010067 261.442903685753 1.6779113 1.575078 3.4045148 -6.4399705 1.7071302 14.726748 0.02065974 25.084332823872 
Car -1 -1 0 85.05259497843028 174.4689128701348 354.13186432907537 274.85924430526893 1.5763875 1.5844842 3.6877139 -6.434356 1.6054506 12.170772 0.01213535 16.379275302142425 
Car -1 -1 0 359.2453357604763 175.60713491475727 473.964470956963 219.69158309101505 1.5856366 1.6186651 3.8361344 -7.1255813 1.6913565 26.881245 0.008561067 12.352729849286797 
Car -1 -1 0 378.6210016436223 178.72596647780898 485.09631639831053 217.96856616382905 1.5071983 1.5851806 3.8677182 -7.0277824 1.748137 28.782461 -0.016146567 1.5363879521717902 
Car -1 -1 0 605.5412408246203 174.21619364897094 630.8553300551112 193.89733514129554 1.5016935 1.5647297 3.832399 0.6543304 1.6136606 57.31865 1.4631739 0.6649290202260384 

