Car -1 -1 0 414.69979237047437 182.7450443136553 505.1295586266862 244.3088588460604 1.4393601 1.5860736 3.5893197 -3.6994078 1.3815963 18.606121 1.5766726 84.0150376213725 
Car -1 -1 0 281.91771222710946 175.02182035754495 387.936287943281 236.39334447787084 1.6537434 1.6308161 3.9199226 -7.9379067 1.3790548 21.338297 1.580391 81.40745765136226 
Car -1 -1 0 573.3822514207295 178.17546914217994 615.4142558925295 216.62673985398843 1.5490541 1.6648567 3.478892 -0.4963433 1.2654303 30.715828 1.5909617 33.06163352575643 
Car -1 -1 0 371.6531285806823 183.84908644176488 438.60434155581817 222.1950531662376 1.4016182 1.5479314 3.8138728 -7.833418 1.351666 28.183622 1.5722551 25.90871543896523 
Car -1 -1 0 0.0 186.44942767769888 149.1485396547047 256.8618583640091 1.3873415 1.5792046 3.606596 -12.158809 1.4179571 16.032852 1.5740956 26.175187333381448 
Car -1 -1 0 99.79054347980892 188.21916627685934 285.44456892663237 264.9774228348772 1.3859181 1.5416678 3.888084 -8.465807 1.457284 15.107338 1.6110716 21.287967839136332 
Car -1 -1 0 166.984957625786 185.97191825274396 280.2252686314306 233.31952220612317 1.4072181 1.6369908 4.037189 -12.364011 1.4340577 23.471916 1.5416602 16.015469130012377 
Car -1 -1 0 494.7318810824015 178.49654771768166 545.1808130280357 217.81632052115853 1.5802456 1.652802 4.159528 -3.6859343 1.3102057 30.973648 1.5748763 38.57157528942696 
Car -1 -1 0 464.4243657858911 177.481452943086 498.2908395470902 202.845440816436 1.5569675 1.5681708 3.4963462 -7.9899116 1.0822011 45.879646 1.5649915 1.2873835423502307 

