Car -1 -1 0 710.6635777200261 184.18191966312259 835.303538190212 228.2817967640828 1.5574956 1.7632107 4.227211 6.027398 1.995071 26.921337 -0.03271524 69.23163540835249 
Car -1 -1 0 835.0456898938262 192.514629237465 1047.3175507761632 268.40689630784834 1.4104793 1.5581614 3.6668372 6.716347 1.8393483 14.814299 -0.08109376 104.2191856198212 
Car -1 -1 0 0.0 183.5278453702712 311.0477210574608 304.48530490178626 1.4308465 1.6077824 4.050431 -6.321274 1.5857524 9.581874 -0.042677112 127.31426522966314 
Car -1 -1 0 798.3861951947295 185.5742075755682 979.6048923817049 254.92251518893397 1.5269947 1.6080972 3.6779873 6.5498886 1.845214 17.13676 -0.060536057 49.85681570830093 
Car -1 -1 0 98.08242818227926 185.60834260051672 395.99925369789383 279.66119258294106 1.4172423 1.5854005 4.1374483 -5.842388 1.6447037 11.98938 -0.04184985 77.62020114727481 
Car -1 -1 0 643.6866183939189 181.74443899141633 674.6377868858875 209.60341215248258 1.466459 1.6032037 4.1683035 2.8029935 2.002882 41.43003 1.5983627 14.28584215856323 
Car -1 -1 0 262.58929308622083 180.4922881988398 456.66611666747025 250.7108852893578 1.5225244 1.5995134 3.934346 -5.6900315 1.7086459 16.70826 0.03773638 82.71446998457817 
Car -1 -1 0 431.9390047323059 179.61726095130453 527.1938656928992 213.77673196146787 1.599069 1.6571828 4.3162594 -6.239863 1.9343941 34.94041 -0.0023831872 26.050498412071004 
Car -1 -1 0 318.07269798771927 172.330700250536 474.3177321794992 233.21808364202425 1.7490082 1.6887798 4.21733 -6.305075 1.7339761 21.666058 -0.045618486 30.813528745445343 
Car -1 -1 0 297.6797070629792 182.91747212173505 468.0843169104881 242.6124179691432 1.4742057 1.5903764 3.9732733 -5.8776956 1.7510415 18.980228 0.037209317 22.82309489224142 
Car -1 -1 0 376.70420732118635 180.51830608260084 498.97725181111986 221.79991426798222 1.4612098 1.6126059 4.12996 -6.284403 1.7535039 26.68334 0.013451076 12.46633347169892 
Car -1 -1 0 569.825707492084 181.53747327446717 590.1263491468849 198.7847184170016 1.471119 1.5914495 3.9239864 -2.6589572 2.283446 65.51858 1.5945214 1.2618652837960962 
Car -1 -1 0 446.9380396591425 176.30307228401978 518.5509043609121 203.75693735707782 1.564887 1.5897036 3.8628519 -7.401861 1.7715476 42.297974 0.073727325 1.3033831863775467 
Car -1 -1 0 357.37093974532763 180.90227583393408 487.89365995293394 229.70391147244376 1.5522168 1.6130824 3.9272814 -6.152876 1.829311 24.02971 0.0028516022 0.5552535971883774 

