Car -1 -1 0 663.4724966806206 178.68285549147413 722.331055250298 226.60589696640977 1.4752136 1.5773611 3.4066145 2.7412932 1.6855724 24.332996 1.5664217 69.81057752426464 
Car -1 -1 0 720.3590325989456 174.7234459668009 903.0235565315127 305.5311859454585 1.5948068 1.5672085 3.4177608 2.7577038 1.6267908 10.5958185 1.5165555 129.60979596121456 
Car -1 -1 0 712.2352382193066 173.86693411883877 818.1742827212008 215.8059786570579 1.6624006 1.7171439 3.9948635 6.309079 1.7051787 29.558414 0.027724791 43.16587833403329 
Car -1 -1 0 294.0009867602808 180.08794544121918 461.34166731648475 236.26631921102916 1.4557827 1.6052344 4.0576024 -6.2505493 1.6618494 19.73158 0.00967574 52.20360666246476 
Car -1 -1 0 0.0 182.45267734939577 322.6074151127401 316.68067126716755 1.5280612 1.6283228 4.125307 -6.0728583 1.6639344 9.280577 0.058362536 103.10802122852266 
Car -1 -1 0 77.53165732072519 182.42028938475988 373.9150560506304 279.3050328937895 1.4728997 1.6032228 4.0559535 -6.1908283 1.6420157 11.942682 0.0055749817 64.51895776637032 
Car -1 -1 0 343.38309642709254 177.5055344900428 486.1360601835777 229.312465398725 1.5011398 1.5663165 3.8958373 -5.825961 1.6472472 21.85786 0.011796977 42.04127824592657 
Car -1 -1 0 356.05697429357014 175.09642843072018 479.816806501639 224.5476551675017 1.5941246 1.5515636 3.7309718 -6.429129 1.6730539 24.37462 0.13638145 5.930693113398351 
Car -1 -1 0 625.8563969760339 175.51237965586088 653.5519416670347 195.41966240204894 1.536679 1.6158606 3.6885962 2.3963103 1.7580439 58.14824 1.4385576 2.2296256625747692 
Car -1 -1 0 438.8057101805884 165.17681572919344 518.9616216914415 197.68019364228758 1.8141723 1.6236143 4.289679 -7.4002705 1.3856709 41.121716 -0.01747925 5.381922279685843 
Car -1 -1 0 197.9426852410224 178.45474313249986 395.56825809315 245.57201735989355 1.4726636 1.5915598 3.947227 -7.207361 1.6112332 16.919548 -0.07019085 2.5035188415819882 
Car -1 -1 0 386.17821152282744 174.67722315441117 489.13414000934665 214.54473369311927 1.5697876 1.6313821 3.8296008 -6.9349327 1.6462327 29.372149 -0.03433735 3.267822453719781 
Car -1 -1 0 469.7724846637281 175.57908071405376 507.1787412463464 209.77795563027712 1.4396893 1.5408132 3.6476903 -5.419287 1.5699786 32.58843 1.4391569 5.490204909169338 
Car -1 -1 0 389.43671085417833 177.24951934911417 507.26795430799376 218.8587949968688 1.4672803 1.5850352 3.966404 -5.9513 1.6373522 26.799015 0.17121841 2.262360996576206 
Car -1 -1 0 134.29447085108487 159.002194889234 371.89275058793544 255.20703748545813 1.7804918 1.668259 3.866276 -6.896291 1.5241323 14.261678 -0.038523328 4.604426123240444 
Car -1 -1 0 670.0869709508567 169.75990698807382 734.4022284987894 196.74876242862518 1.6538962 1.6545706 3.7413657 5.771763 1.4642878 45.17288 -0.070240386 0.8469313571592324 

