Car -1 -1 0 674.0029299027184 179.67717935025655 749.8811928761974 243.55061616206925 1.4929478 1.5494783 3.2592485 2.5888844 1.686698 18.85167 1.5804626 90.30103465982229 
Car -1 -1 0 753.3898969258325 177.4412465083613 998.4234713343806 346.7370268939609 1.5835354 1.5824535 3.4363346 2.877857 1.6491042 8.578259 1.548732 136.27588547772496 
Car -1 -1 0 338.25237653894806 194.5620936305761 459.1608531711777 282.0708569421799 1.4824407 1.5383868 3.402352 -4.1780586 1.9789772 14.789014 1.5525013 92.91975058383323 
Car -1 -1 0 493.1211388843299 182.58427410202376 533.9447904749081 214.3521738853758 1.5394056 1.545574 3.674499 -5.0015717 2.076508 37.966476 1.6038415 39.59769072275992 
Car -1 -1 0 433.8528853745989 179.55434891772168 507.2055677126737 238.3032304077975 1.7462182 1.6273786 4.051037 -4.5104237 1.9874007 23.941004 1.5777484 96.18847390464693 
Car -1 -1 0 642.4324643661728 176.64007596782466 683.0867989827483 211.37904685032385 1.557955 1.5572215 3.5388734 2.498355 1.7486725 34.54866 1.5328885 36.14756148658752 
Car -1 -1 0 626.6314581456547 176.05489684429534 647.510006423558 191.91575711770824 1.5801053 1.640639 3.695264 2.8701162 1.9199536 74.641556 1.754174 4.972780622304037 
Car -1 -1 0 566.31050065998 177.07349920349046 587.6067204551408 194.68572697235138 1.5768566 1.6074922 3.4281065 -3.0635011 1.9810121 67.29168 1.4125515 0.35837140679359436 
Car -1 -1 0 523.2477432459796 181.79544864636395 545.7208199729531 204.01605687238 1.5360069 1.5614135 4.0673103 -5.5493107 2.2266898 53.64643 1.4919486 0.29094091057777405 

