Car -1 -1 0 223.04926031354512 185.06002034274462 419.8750030833643 305.8396236165353 1.5058596 1.5767632 3.4931042 -4.019718 1.5039186 10.717432 1.5601361 125.90270980225608 
Car -1 -1 0 437.73958899280717 185.33967100854716 508.17521117560176 233.1425657158891 1.3658264 1.5580102 3.4951503 -4.078638 1.369975 22.301975 1.5628711 58.9479967623383 
Car -1 -1 0 489.0320095697382 181.93306888677697 538.8604257200185 218.6528855337474 1.429942 1.5654598 3.8881288 -3.816193 1.30211 29.938889 1.5722739 26.311946878415903 
Car -1 -1 0 593.9780905530249 179.25555599088543 632.1744207863388 213.57480402085588 1.4856981 1.6457021 3.449654 0.22360058 1.2276804 32.86146 1.5496879 31.407291215509908 
Car -1 -1 0 414.32018207514005 180.75823959853318 462.6232315225843 213.7866266753181 1.4525084 1.5724808 3.7527223 -7.805826 1.2564802 33.532295 1.5128455 13.632269477039998 
Car -1 -1 0 177.67615225009092 167.20705289785928 323.13749823429765 248.47269497544957 1.7192961 1.629783 3.687873 -8.27798 1.3382963 17.054964 1.5676506 47.813759410262904 
Car -1 -1 0 579.3016793863522 179.71605648277023 616.5235774836943 206.16816995485922 1.4574478 1.5866867 3.6994238 -0.49203283 1.1544307 41.552578 1.7165878 6.116493235597576 
Car -1 -1 0 530.5102144943684 179.28272019825334 554.5896031337817 201.62236835257409 1.5030752 1.5905199 3.7212734 -4.4890666 1.1038876 50.27588 1.5045562 4.8553118413352845 
Car -1 -1 0 440.2194345299262 169.6667116552259 481.8570060904 203.0624857683298 1.9710251 1.7677901 4.1393332 -8.988201 1.0533209 44.50399 1.5624547 8.213083848416815 
Car -1 -1 0 637.6487157815294 179.2072826305741 665.9478860066196 201.75578033476998 1.4485955 1.5651989 3.6042128 2.943789 1.0625936 48.005917 1.5417776 4.340359569298351 
Car -1 -1 0 312.78677487353093 168.49465355840442 410.5160696996111 231.75037447498482 1.971416 1.7686379 4.318113 -8.252751 1.450291 24.58583 1.5977417 1.933290293088575 

