Car -1 -1 0 721.1199072280426 176.04220638550242 808.5729164173807 214.1941630281932 1.4422843 1.5194708 3.5219188 6.279637 1.5810435 29.49914 1.0437294 75.64421814654861 
Car -1 -1 0 624.6313229697023 175.79969239623503 661.7656448018861 201.74280001342936 1.4219339 1.5038085 3.4749072 1.9070587 1.6000204 41.792248 1.4224168 44.11229161117851 
Car -1 -1 0 55.16963375229707 184.0457540414864 383.87055248643884 291.82264343882315 1.5045011 1.6455847 4.1911516 -5.834405 1.6904567 11.120586 0.021698924 83.88045183724435 
Car -1 -1 0 123.93181494742441 182.97870426738058 373.1593291625344 268.27675151382186 1.489052 1.5924716 3.902061 -6.6675777 1.6911896 13.59663 0.006409337 25.791147434533244 
Car -1 -1 0 293.19199699394846 174.68925898758533 435.56747475073803 230.97704660974608 1.5419533 1.6234365 3.5405107 -6.9419174 1.5967262 20.677937 -0.02529097 32.445263580496245 
Car -1 -1 0 480.07115859219135 175.58309959199448 514.218632661106 205.01138496217635 1.474856 1.533487 3.4838557 -5.923289 1.6264867 38.291904 1.4913535 8.17174509536382 
Car -1 -1 0 608.2340331238466 174.30995572014962 635.174385006124 195.79650732633678 1.4587082 1.5501909 3.9038908 0.82766175 1.5661983 51.263218 1.4925593 1.2139823673020462 
Car -1 -1 0 323.0391448510423 176.4331121481268 455.5782027163396 226.83780076306186 1.5124846 1.5990734 3.6832118 -6.827876 1.6289389 22.624481 -0.028877348 4.64844918123138 
Car -1 -1 0 445.17876939837157 175.09302310041835 516.4019060974406 201.1608089233914 1.5567067 1.6349779 4.014264 -7.8620157 1.6970034 44.233963 0.081156574 0.5256267611093994 

