Car -1 -1 0 859.3248925667503 184.97453461432582 1227.585454080812 302.7941741738686 1.4468453 1.650182 4.133608 5.8036366 1.6295563 9.9627495 -0.043444127 114.54183463247335 
Car -1 -1 0 651.2229956560673 181.89476037870153 712.3269720879198 227.0013870207951 1.3552742 1.5749232 3.919128 2.3654814 1.6864966 24.453993 1.5430133 64.4056249137469 
Car -1 -1 0 255.64394889507508 183.46954451992235 446.1839373459932 246.1658893939151 1.4711242 1.6119635 4.1930184 -6.377516 1.7495275 18.070978 0.022082573 101.31318186054025 
Car -1 -1 0 550.9420933582031 177.71980625015584 579.0038440658644 200.7903576550713 1.469039 1.5607345 3.8134265 -2.9716773 1.8103378 48.6838 1.5970654 12.441242486477718 
Car -1 -1 0 0.0 189.17878025417104 311.2191413179321 305.1701198356157 1.4043558 1.5725727 4.0601954 -6.395915 1.6437154 9.771421 -0.010727508 48.19563923866746 
Car -1 -1 0 643.6921295027079 177.96768073814567 685.6910824972647 212.06697331909282 1.465785 1.604304 4.226494 2.519267 1.7201681 33.77264 1.5613757 8.340379159952144 
Car -1 -1 0 356.76722546894894 172.34246275510048 486.8638191202549 222.89567898622064 1.7208354 1.6649337 4.141282 -6.5514045 1.7034225 25.447842 0.026305128 17.75271300518255 
Car -1 -1 0 493.80469246005885 177.92562432503865 548.0258674270955 198.46120324838887 1.5332305 1.6828302 4.0727787 -6.7846212 1.9301823 55.43061 -0.101584196 11.136408308936632 
Car -1 -1 0 622.7716405248452 175.21936511058743 651.817520263116 196.85167319881162 1.4947312 1.5628736 3.7401218 1.9718621 1.6723168 52.22642 1.4601948 7.9205744592123475 
Car -1 -1 0 469.46532251556016 180.92154184261966 512.345590343807 217.05185836159558 1.4477001 1.5611674 3.941076 -5.1767087 1.8264621 31.846357 1.4868605 2.8662370013890492 
Car -1 -1 0 45.29007074705386 185.8078194897522 337.6167591500161 278.533756931673 1.4406147 1.5785761 4.0391636 -6.932035 1.6750009 12.245855 -0.0100977635 0.7696525658376117 

