Car -1 -1 0 1094.959650914238 184.54520519353724 1183.3578075052 213.32519080682863 1.4302464 1.5989163 3.9281123 28.952423 2.105279 39.597168 1.4169874 46.8004733457723 
Car -1 -1 0 858.3063273849617 194.9141391868352 1242.0 360.17832866170994 1.4360527 1.5454855 3.7500477 4.678397 1.6867833 7.349004 -0.042568102 75.66012180535552 
Car -1 -1 0 465.84242599377046 177.61818407817404 505.65101666768396 205.30515918660677 1.5935065 1.5612924 3.6794262 -7.624668 1.8986359 44.21369 1.1567717 28.22241747559713 
Car -1 -1 0 0.0 168.64378701518208 251.78431556116664 287.7420803266729 1.7165694 1.6624305 3.9268532 -8.091475 1.6558874 11.546688 -0.16761677 58.29438772752897 
Car -1 -1 0 55.84968317859656 173.4600750882582 311.77430963369625 260.0311435915762 1.5439347 1.6111403 3.9614084 -8.061895 1.5566282 13.997786 -0.16176394 17.830669745636445 
Car -1 -1 0 218.8030753141236 177.827413053717 357.67309311159124 227.89793993447853 1.5148838 1.5915511 3.7767932 -10.189776 1.6815703 23.11271 -0.15056244 6.839934325510688 
Car -1 -1 0 192.79717954060501 165.5964595463068 344.8266538904801 232.82535561755446 1.7699616 1.6730926 3.5946517 -9.426358 1.5788894 20.237326 -0.24085358 23.94446793867592 
Car -1 -1 0 240.1595758728379 174.88768876115844 358.29563054143097 219.8657511279122 1.5502045 1.5806087 3.6764765 -11.133974 1.6269655 26.102503 -0.19516447 2.2639511882545755 
Car -1 -1 0 300.5533662261076 165.84528445618508 354.405950894648 184.51884819750862 1.5280695 1.6227894 4.148411 -23.595497 0.95454156 60.493843 -0.3360241 0.5518941972602963 

