Car -1 -1 0 654.1775262767338 180.3612287713478 705.7126205280811 221.33192588385262 1.4315925 1.6230624 4.344447 2.6720145 1.747551 28.188908 1.5787829 45.95829028762177 
Car -1 -1 0 397.6943478441978 179.70030919723578 517.2488539663406 217.5895513054587 1.4757407 1.6844952 4.5744123 -6.1233273 1.7643172 29.434954 -0.060213275 41.43239925987978 
Car -1 -1 0 179.75380693618982 182.6520331172379 415.35089802750593 261.4547653954438 1.4716129 1.6323318 4.0801754 -6.20518 1.6825836 14.619281 0.04986123 56.48765792010362 
Car -1 -1 0 70.89730621828063 180.98431037107912 364.4666092935376 279.58100093894353 1.5255443 1.61712 4.0741405 -6.4390407 1.6718988 12.145754 0.016829785 96.0806423461616 
Car -1 -1 0 305.8877199051888 180.478220565232 474.0604458129795 238.297836228207 1.5280985 1.6352313 4.2076483 -6.0771866 1.7517511 20.239763 0.052158676 38.1177218460024 
Car -1 -1 0 0.0 182.5720351243712 251.88357577582875 308.73463574301206 1.5219827 1.5915893 3.5140743 -6.937752 1.6632061 9.658613 0.017745525 76.29718217864966 
Car -1 -1 0 348.4422927055553 179.8412910800311 476.4955131652428 225.86174491601483 1.496546 1.5743301 3.9348083 -6.7105565 1.745846 24.75407 0.105377026 9.076758598997337 
Car -1 -1 0 689.9681153495593 178.18870747082815 770.0423803979045 208.11361020596533 1.505682 1.6607568 3.8370452 6.2377696 1.7907505 37.60085 -0.066314414 4.158258530310849 
Car -1 -1 0 482.8445892277562 176.98012301779815 549.5984803396937 201.15722039709757 1.5167229 1.6220225 4.003534 -6.0132174 1.7897171 46.682102 0.12624702 6.159720095422259 
Car -1 -1 0 362.08509042293366 175.75070171503356 469.16989930658167 220.74901592598812 1.6261537 1.5709163 3.689124 -7.230063 1.7391036 27.16711 -0.10105637 0.36947688460350037 
Car -1 -1 0 545.5725548011093 176.7387021816351 563.937970153761 194.10741540109933 1.5248612 1.5739465 4.1472034 -5.0165005 1.8937085 66.39956 1.5219607 0.6380623705223903 

