Car -1 -1 0 365.5651216342646 181.67861169517374 487.26941608541546 262.11863968075215 1.4901364 1.5971292 4.1377316 -3.6950877 1.4246125 15.392225 1.5623296 78.20324472901036 
Car -1 -1 0 696.8732415070527 185.43819603974728 795.9680168178631 255.0669180485629 1.3787173 1.5182558 3.3805351 2.9713962 1.3841764 15.941155 1.5628355 90.23263616369427 
Car -1 -1 0 106.95412541327266 179.85370966614622 406.22225583463694 367.365927669799 1.5877683 1.5741043 3.3377001 -3.4418879 1.5423654 7.7651606 1.5828483 108.53587685923138 
Car -1 -1 0 462.2536977368503 177.64652212980343 516.7384836010614 220.16974424588884 1.4942318 1.5592966 3.5597022 -4.3623257 1.2282571 27.060514 1.5434654 74.91182354775391 
Car -1 -1 0 349.6263319459906 182.2526532416449 416.6754207342411 222.4090178969043 1.4389203 1.5831332 3.7117517 -8.529622 1.3327457 27.651129 1.5218095 16.58754681965747 
Car -1 -1 0 638.9833534504029 177.4199245749689 672.3484606812619 204.3647977295351 1.4361995 1.5496068 3.9791515 2.6726317 1.0206739 40.316116 1.5569913 21.47237940805808 
Car -1 -1 0 587.6398382792547 176.53734045987284 614.450390448665 200.10342531613654 1.4278864 1.5880202 3.7700746 -0.42343193 0.9020583 45.469357 1.5334862 17.781486093994637 
Car -1 -1 0 509.45724197755646 179.68122530114655 539.0793115818623 205.55532088197108 1.3531343 1.5422359 3.4239333 -4.5078573 1.0636986 39.37194 1.4747605 11.867162635989219 
Car -1 -1 0 223.7382376448513 184.63487955996175 350.21031440830694 249.32789755825917 1.4760294 1.6412877 3.970488 -8.029709 1.4627775 18.425568 1.5201811 4.257177793815111 
Car -1 -1 0 574.8640687269477 176.40891126614255 600.630680077387 197.30445177634633 1.4953587 1.5364132 3.619379 -1.4107713 0.8651139 53.308403 1.6495653 1.9118912576183529 
Car -1 -1 0 295.0063214368409 184.8903470663501 367.35510664790576 220.57919807788954 1.4431577 1.506938 3.898999 -11.823216 1.4300014 31.044504 1.607698 0.3458532989025116 
Car -1 -1 0 497.3247320210095 174.75859007323808 561.4632121968799 198.32715078911392 1.568299 1.6734601 4.048903 -5.276911 0.8724622 48.971233 0.15387034 0.5414162874221802 
Car -1 -1 0 454.3162599088296 170.30693910419836 490.95191836386374 195.19146752976545 1.5492073 1.6377674 3.7448769 -8.681754 0.62104994 46.634377 1.5818658 0.5161942547196622 

