Car -1 -1 0 78.66190874577904 190.7498468092083 279.9805670801564 274.95385169379387 1.419513 1.5896095 4.116049 -8.312288 1.5466067 14.449011 1.5730002 94.83667189510294 
Car -1 -1 0 577.2484371926844 174.18281664280892 653.1225810979372 244.56197636396936 1.5623059 1.6843276 3.3105261 0.17680584 1.3173934 17.613054 1.5704095 58.31604814244296 
Car -1 -1 0 276.85471232457763 178.462228473498 440.98571520611273 286.61772543533675 1.6173704 1.6356453 3.4761126 -4.116634 1.5163782 12.492426 1.5763435 132.73891934851716 
Car -1 -1 0 435.7248660589613 184.16814926968974 502.03422065942505 228.08509390836036 1.3891383 1.5566773 3.4532213 -4.6297064 1.3560033 24.473679 1.5823922 63.57108062229434 
Car -1 -1 0 486.4142545018323 177.8317355209989 531.4031112756924 212.57616207869907 1.4724381 1.5915527 4.1418815 -4.3859835 1.1595123 32.55864 1.540417 20.244644693314537 
Car -1 -1 0 240.41813738799158 185.22720474035006 326.0294015707961 225.7616014395549 1.5063255 1.6488569 3.9793344 -12.820212 1.506817 28.71047 1.5637165 18.954503089133144 
Car -1 -1 0 357.2122228857204 182.7018247825325 427.59438902282983 222.44640148262735 1.4572974 1.626624 3.597575 -8.330119 1.3651223 28.171402 1.5891551 20.602505554888882 
Car -1 -1 0 122.45905855761791 186.96390654826996 256.03006448954557 241.49735686360626 1.4727571 1.6672053 4.186989 -12.398006 1.5305742 21.661686 1.547344 5.223659765732823 
Car -1 -1 0 639.924031408483 178.74374438811034 661.5934120972557 193.97857870050063 1.5465045 1.7179612 4.156987 4.584318 0.88952947 75.17765 1.7663792 1.0358870119907904 

