Car -1 -1 0 690.4661380828452 182.73553693394283 778.8696561315729 250.31757196566187 1.4232099 1.5534034 3.482591 2.9189525 1.6861169 17.451283 1.5767308 90.29355933868614 
Car -1 -1 0 749.6287770299241 173.37428949208885 892.5100060551879 229.88263599366627 1.6914122 1.7074844 4.0164733 6.5263615 1.708411 22.594618 0.06349988 78.26078022685239 
Car -1 -1 0 132.47027007656334 188.19378699797812 398.60354915841435 275.77000646312615 1.4292845 1.5809858 4.0058584 -6.0051365 1.7207851 12.887821 0.01653571 106.34945290517831 
Car -1 -1 0 365.74452136628815 178.83803886581507 491.76193557173184 224.01036797543165 1.4870884 1.5915604 3.9437518 -6.1426063 1.6996593 24.802063 -0.016969241 18.4934079964387 
Car -1 -1 0 222.06694923192563 183.3253052839586 440.910411321987 259.29556534620656 1.4784614 1.5814972 3.9648438 -5.696639 1.7091925 15.082818 0.012765587 80.25025170316175 
Car -1 -1 0 304.46383319790584 177.9446305914199 472.15946173409054 237.45154175421422 1.5460236 1.614291 4.119542 -6.033593 1.6935 19.909521 0.09230439 53.60973480121769 
Car -1 -1 0 687.2350449584583 179.35088390135348 766.5824962357458 210.6174554671645 1.4891514 1.5359117 3.5907912 5.7961383 1.8207461 35.8076 -0.14481832 13.016128682668876 
Car -1 -1 0 388.45457645632973 178.78897888466327 498.7128662306669 221.01059295234023 1.5340042 1.6191083 3.7805882 -6.2330513 1.7661387 27.341906 0.037348647 9.390266739584938 
Car -1 -1 0 264.50710283798026 177.5964888152676 444.33703658419813 247.57203576083725 1.6055692 1.5837063 3.8183966 -6.1371565 1.727191 17.591547 0.06403095 24.99895107046153 
Car -1 -1 0 633.7087420565371 176.95045076535692 664.0197298852885 199.7768114209676 1.534812 1.6713581 4.0231967 2.754662 1.8378961 51.320263 1.5021167 7.935706492013993 
Car -1 -1 0 686.4285094863742 173.4931659494692 765.5827327754236 207.45054233966388 1.7469133 1.6867923 3.8473816 6.114449 1.7815504 38.128384 -0.06832604 5.40275901480403 
Car -1 -1 0 320.82072772461237 178.19150001908565 458.5133503895063 231.72232079248874 1.5737376 1.625915 3.8222353 -6.7241488 1.7462897 22.36501 -0.0789056 12.87011316214614 
Car -1 -1 0 403.83252413799175 174.6909602423955 507.79489550179187 212.97154329842328 1.6377565 1.6742625 4.235161 -6.716474 1.7209327 31.81139 -0.010535936 6.354095962261794 
Car -1 -1 0 0.0 186.92297211908848 282.5644501220853 301.5061416674167 1.4594944 1.5730289 3.8575258 -6.9063816 1.6741729 10.199724 0.012325471 21.216468129267735 
Car -1 -1 0 527.8848256560071 178.45718449626023 557.1075880614367 202.11497477936325 1.5284398 1.6568593 3.9708414 -4.564916 1.9286587 49.54779 1.5657703 0.27750518918037415 

