Car -1 -1 0 726.1403130434958 187.47990037389297 911.9409867232977 306.2238994145766 1.3772664 1.5877378 4.171739 2.9187703 1.6421509 10.975817 1.5633805 105.5861670362491 
Car -1 -1 0 650.336863594008 172.97640843990482 704.6685562658238 216.97138326198072 1.6759126 1.6448978 4.135556 2.7113795 1.6812919 29.603456 1.5212075 86.13520386143021 
Car -1 -1 0 509.9212251630555 179.13676326762013 566.0264658001234 222.49847255849252 1.41176 1.5889379 3.5866716 -2.4928472 1.6523557 25.823248 1.58932 62.27750088106957 
Car -1 -1 0 416.0966710130429 176.08982431541017 511.225376313834 210.0421692162439 1.4835961 1.6868045 4.068534 -6.553342 1.6349983 32.741577 -0.08792201 51.307411464638555 
Car -1 -1 0 0.0 182.8155667390788 312.5113801888833 337.62415572599457 1.5381465 1.6641687 4.338485 -5.8499928 1.6615859 8.1085825 0.0001476728 100.76077329892271 
Car -1 -1 0 66.28984496783973 186.64788330440453 368.23475433898244 294.98858739035086 1.4616697 1.5428934 3.7207968 -5.7427945 1.6851254 10.82195 0.051773988 87.91825523963496 
Car -1 -1 0 238.8017412477892 174.93531995219996 435.0835950486227 243.47627841264907 1.5209662 1.6609544 4.0624685 -6.3226357 1.5732836 17.10554 -0.1012449 50.59772726226859 
Car -1 -1 0 167.26819876026175 181.06511886839775 392.5901599371641 262.4295429300896 1.5123496 1.5741085 3.8773177 -6.570244 1.6894137 14.583778 0.09932933 14.087958686007333 
Car -1 -1 0 25.59735490146691 202.3522508131949 190.57666548511224 285.06793554333177 1.5230867 1.5665462 3.6390052 -11.275192 2.2766159 16.53514 1.4573846 0.5878235024761226 

