Car -1 -1 0 660.0917332250772 184.50055261831642 733.1583894707179 234.09414306081152 1.409635 1.5336044 3.486456 2.715579 1.8134178 23.190702 1.446537 82.73950861170847 
Car -1 -1 0 923.3044049130851 183.05176954812617 1236.64075482741 304.77965669787875 1.4296407 1.5839517 3.6067896 6.7515945 1.6096368 10.769541 1.0961889 126.9346939522114 
Car -1 -1 0 638.2397712073346 181.90773213684275 682.4845375833003 217.24181664991713 1.4532071 1.5500628 4.0791087 2.248632 1.8908865 32.808926 1.5263501 24.720898508463538 
Car -1 -1 0 136.5518068426736 192.1558339492395 370.18296779540157 274.8596773726225 1.4789274 1.6038008 3.7880788 -6.8523645 1.8807651 14.162516 -0.030300042 40.92224503623658 
Car -1 -1 0 273.6480496427666 191.42993644216028 448.1753733336884 250.25881095121534 1.437259 1.6063106 4.0435553 -6.443018 1.9476273 18.989534 -0.015554576 71.44397941643828 
Car -1 -1 0 356.661695693915 188.60422712493556 480.5757073211591 230.6712093258734 1.4263806 1.5982441 4.0283403 -6.833314 2.0146809 26.046633 0.052718922 26.241340565015232 
Car -1 -1 0 51.34302134555622 190.58977836469361 333.21048862152844 293.71547541476014 1.5452788 1.6163806 3.71971 -6.73085 1.8580661 11.90879 0.0043193535 37.210573746482034 
Car -1 -1 0 397.486991148983 186.8653621641572 493.40529875460743 223.2156425108973 1.4662926 1.552616 3.6964328 -6.9945583 2.0861597 30.904873 0.13395563 8.297333036562794 
Car -1 -1 0 486.24341032757445 185.3465851802806 528.6058861468343 216.16386653501766 1.4509931 1.6466177 4.035701 -5.267272 2.137479 37.629875 1.5685428 13.22918363851359 
Car -1 -1 0 291.49227676172717 189.69396369496278 437.56998954180153 243.83326465048663 1.501976 1.5545573 3.7820282 -7.1543236 2.0173943 21.295885 0.0057392735 4.658951484336694 
Car -1 -1 0 336.40198893774465 189.013610902916 463.9957703802321 236.1797056309614 1.4501071 1.547245 3.7117944 -6.7930965 1.9982821 23.622484 0.043672483 11.318750905542815 
Car -1 -1 0 514.5982631884244 181.7955816263577 549.2181490904779 206.49535614949107 1.5962763 1.5990146 3.944537 -5.352742 2.2431784 50.156555 1.6754544 0.5948070012448724 

