Car -1 -1 0 729.4638790130255 180.1625853660728 916.1435272607546 313.5992562307082 1.5573568 1.6029377 3.4568665 2.8386831 1.6798985 10.354989 1.5523745 138.2272840176411 
Car -1 -1 0 667.5487266600318 181.9129230964319 735.4808389605857 240.13697811659432 1.4925251 1.5617067 3.3137038 2.557162 1.7730842 20.680397 1.582624 99.76732507575025 
Car -1 -1 0 365.8101347947579 194.1284023171709 471.96187460011697 269.20461632592514 1.4335089 1.5349566 3.5832992 -4.253938 1.9760296 16.59892 1.5583115 86.48507878108967 
Car -1 -1 0 495.6389490337763 183.46536639648627 534.115356698733 214.66753035446465 1.5749285 1.5525726 4.0723753 -5.175604 2.1910949 39.8535 1.58071 32.11462718086787 
Car -1 -1 0 444.89019168619694 180.41736992641762 513.2007866828582 235.79590168931276 1.7731011 1.6120924 4.077622 -4.5567675 2.0642679 25.720434 1.5935104 58.70907375348242 
Car -1 -1 0 640.4132539029731 178.62713765922868 677.6730853929686 211.14868093585963 1.5287043 1.5080981 3.5424218 2.448134 1.833954 36.352783 1.5337423 26.808768084919326 
Car -1 -1 0 524.87779897504 183.45253278863237 547.0918529214571 204.49514187567212 1.4952104 1.5670425 3.994269 -5.6153135 2.3387036 55.377754 1.5017089 1.354888085065374 
Car -1 -1 0 622.3763934939052 178.15404845504463 646.8445372011226 193.53283370609932 1.5547154 1.6740708 4.063855 2.68986 2.1336484 76.63165 1.846917 1.795034871360905 
Car -1 -1 0 548.8935990390676 183.01003642988823 570.7171458445392 198.37035450011044 1.4740245 1.5239908 4.182886 -5.090592 2.5497355 74.2621 1.6800181 0.7954610990449298 

