Car -1 -1 0 670.2277200312813 182.78658892691678 734.807563868068 233.7921569109338 1.4148849 1.5601441 3.373567 2.805477 1.7459501 22.36132 1.5687039 85.492266168059 
Car -1 -1 0 743.2520334415105 175.97404860558402 989.9057818595952 350.08623266257297 1.6403947 1.5735966 3.4357624 2.7837992 1.6852593 8.618138 1.5177143 133.80631796105644 
Car -1 -1 0 719.5909482507134 173.73843945536913 832.1484029911579 220.49989791896294 1.7199237 1.6964961 3.9671047 6.2743235 1.7548912 27.551332 0.065205164 51.60483542238684 
Car -1 -1 0 262.4887363224544 184.8702176586944 446.6829914939554 247.35123428310342 1.4421515 1.5966045 3.9717112 -6.179223 1.7515507 17.771507 0.004376472 60.17060628729543 
Car -1 -1 0 0.0 186.84069627508507 330.9383103516328 307.16532381761544 1.4870408 1.6078309 4.0361633 -6.1900024 1.6979853 10.001943 0.038072057 74.81562273224061 
Car -1 -1 0 318.6945305674467 181.526048292404 479.17692307246085 238.4131035957069 1.4824649 1.5815151 3.961182 -5.7463484 1.7328441 19.951881 0.045667645 55.417028382520996 
Car -1 -1 0 362.89093334701306 180.4186015015182 495.8770901549259 225.47365070443226 1.4677372 1.6138229 4.143473 -6.153097 1.7389901 24.859322 0.10202801 16.142582329282966 
Car -1 -1 0 333.8661181951442 177.88988633277822 473.68892052574023 231.53800614083158 1.5760152 1.5653716 3.8829982 -6.3544583 1.7400529 22.448845 0.14464536 9.040307394779376 
Car -1 -1 0 156.85765957203816 182.90659926122123 375.30576931715893 258.5951544372685 1.4687738 1.5812694 3.806191 -7.0476274 1.6905981 15.0743065 -0.030025844 9.42946626119613 
Car -1 -1 0 370.2225000035193 179.16890294911008 482.5547719833433 222.63367371868233 1.5848483 1.640048 3.8440518 -6.8846445 1.8315907 27.370451 0.0011473023 7.117129699917253 
Car -1 -1 0 443.0957202258198 171.21920592587102 520.333798055232 204.1660436597523 1.7438111 1.6054676 3.9520288 -6.878186 1.6572845 39.092247 -0.05113231 3.751024094590457 
Car -1 -1 0 632.2902767895449 177.42782956567675 653.4437587151152 197.57499593507063 1.4908501 1.59136 3.8794127 2.6155238 1.8601203 56.27276 1.6264554 3.6309684840997623 
Car -1 -1 0 399.40525755845493 179.47430341175422 506.8436524828185 216.66114820236805 1.4659944 1.59077 4.040085 -6.3979726 1.7474599 29.72929 0.076410905 3.032367545416399 
Car -1 -1 0 673.4303175289818 173.249088889999 743.4448281438027 203.21917496814703 1.7437093 1.6662433 3.8651996 5.8588467 1.7677901 42.992287 -0.08060663 1.9697822362406678 
Car -1 -1 0 417.20571729189896 179.49334173407686 509.69654305368914 213.71236426346968 1.478535 1.5927159 3.7882557 -6.5411997 1.7864074 32.50271 0.08575829 1.848681082314101 
Car -1 -1 0 53.991185924680146 164.99040945809864 334.55329523808234 275.74948034534304 1.7295005 1.6469852 3.7867336 -6.859007 1.6067107 12.248874 -0.085449025 0.32540276646614075 
Car -1 -1 0 659.6909883468493 177.1873340895953 686.6293131618654 194.7934699844186 1.5284173 1.60055 4.4177513 5.7827144 1.9388154 66.048996 1.4562029 0.2610313892364502 

