Car -1 -1 0 552.0281315654928 176.58228347940593 581.3024224255616 202.4593662875077 1.5211455 1.5466713 3.470705 -2.6204534 1.760982 44.66711 1.5884107 21.132545638919176 
Car -1 -1 0 664.5395544912176 182.6719488652994 739.5500348243853 237.17298303500613 1.3560772 1.5535367 3.8313587 2.540207 1.6625278 20.586006 1.5443114 73.83697166888447 
Car -1 -1 0 652.7736779221669 178.24127816329954 701.7400900726288 216.69353518503468 1.4495666 1.5678053 4.0729756 2.7298203 1.6875732 29.826109 1.5518131 30.642441527596958 
Car -1 -1 0 164.7816964186118 183.11173494059364 414.1513288467897 263.7503932181922 1.4820074 1.6391268 4.245387 -6.240238 1.6986794 14.36253 0.02785791 145.67537571268065 
Car -1 -1 0 319.3762756461798 169.85246661288485 477.1936409713061 229.24351558447336 1.7121933 1.6426314 4.2562294 -6.280207 1.6256615 21.718344 0.045387782 37.515297078854815 
Car -1 -1 0 631.9733200582616 172.31321897224777 661.4254015135286 198.79712260194148 1.7073658 1.6392747 4.0350776 2.4590144 1.6725024 48.56075 1.5362887 19.505560947678585 
Car -1 -1 0 406.9559395901268 181.24177820984553 510.54999173607894 218.8536318612371 1.4642749 1.5722805 3.8770223 -6.1930056 1.8237051 29.762623 0.20050812 1.9225467203128772 
Car -1 -1 0 430.83663038119033 174.76588042176996 523.5198573872925 206.14804773051105 1.523113 1.6745206 4.363606 -6.5559998 1.621105 36.056995 -0.040510215 2.7074886199258135 
Car -1 -1 0 497.09635424566943 175.8282430769999 551.4551909921323 197.53068144022959 1.5169153 1.639307 3.8074846 -6.076995 1.7340022 51.683 -0.08666508 1.7731613305831662 

