Car -1 -1 0 679.6679138273728 183.04674023730394 767.116271829625 248.0206737542588 1.4637406 1.6466709 3.6641314 2.8356209 1.7535462 18.67388 1.55945 94.74455963275797 
Car -1 -1 0 790.9971294331538 190.12903308232805 1191.463602303086 375.0 1.545535 1.6336583 3.731736 2.9528363 1.7473917 6.556361 1.5598162 126.39712027503842 
Car -1 -1 0 233.94167474954344 176.54285477463628 434.7409799842971 245.66215877191317 1.547781 1.6749218 4.16891 -6.485413 1.6410333 17.251476 0.07368159 116.87739228559288 
Car -1 -1 0 654.6866154342961 176.26716998966344 702.3807530231142 220.46514785360517 1.6705072 1.677628 4.176901 2.7701592 1.8210263 29.7084 1.598773 45.878918503621335 
Car -1 -1 0 0.0 168.7691950268016 316.0610147566276 309.7327824862873 1.6839347 1.6853231 4.048317 -6.2470756 1.635138 9.541675 0.03966632 74.33287743474342 
Car -1 -1 0 62.330502115561686 179.7318019642185 330.8325544079151 277.79717886168805 1.5180638 1.6105164 3.6548626 -6.8554134 1.6430596 12.204982 0.057030037 9.769083606737404 
Car -1 -1 0 410.84732128021597 178.3911472764331 511.5617937364486 216.94183560339746 1.5219842 1.6352322 3.8734603 -6.0408 1.7571404 29.700048 -0.06561151 10.443590595043169 
Car -1 -1 0 640.0009196972811 177.96506406277453 682.2927824910478 213.03091535548876 1.6070945 1.578268 3.895432 2.4928136 1.8736913 35.642803 1.5083677 3.5230665090576734 
Car -1 -1 0 381.4246076994638 180.31760614691325 499.06032089127007 221.20155620327964 1.468061 1.5874428 4.0242586 -6.2933946 1.7569402 27.073853 0.029798277 4.649872924336977 
Car -1 -1 0 327.4638148835017 169.06393810768384 480.12167072941565 232.37605521972785 1.8662944 1.7059084 4.195537 -6.2550163 1.754572 22.215065 0.044683054 0.9166171765821692 
Car -1 -1 0 509.018757990076 176.3842948000598 563.8032086872694 196.66391520466414 1.5404712 1.6487505 4.032132 -5.6553726 1.8192573 56.055283 0.050121006 0.49860968029684927 

