Car -1 -1 0 700.7604977076007 179.2080454735849 845.1085443203201 278.0428817628635 1.4516214 1.6691434 4.3573728 2.7397008 1.5859461 13.066025 1.5812713 130.63601754517094 
Car -1 -1 0 789.5747485149942 177.50831136925277 959.6205831261848 240.65036977279001 1.4703135 1.6232145 3.7004468 6.482168 1.5928595 17.97507 0.117385946 58.29037206819891 
Car -1 -1 0 677.1233985583168 172.23298610456112 745.9622644119163 199.93270972757617 1.57161 1.6937164 3.7127862 5.878633 1.536375 41.85379 -0.03737019 22.016983421597725 
Car -1 -1 0 191.28873843844625 176.37176539406602 433.01520907102037 254.6372038784895 1.4437337 1.6133357 4.145812 -5.753663 1.5182989 14.34478 -0.06990555 82.55548273573906 
Car -1 -1 0 0.0 174.60565645293204 290.2570366991197 299.01312061748547 1.5106025 1.6261909 4.0784607 -6.6724005 1.5362062 9.666318 0.03320313 84.83857841108312 
Car -1 -1 0 386.82223119188336 173.09129750050198 505.2159859443567 213.49275754033005 1.450314 1.6180472 4.1065283 -6.0120974 1.4594675 26.872847 -0.07475901 31.12356832200305 
Car -1 -1 0 428.75744433398376 170.78545738602332 524.9967432356667 207.4928156680919 1.5665114 1.5886056 3.9194472 -5.7565775 1.4782348 31.591133 0.0024092272 23.538677552637395 
Car -1 -1 0 710.326288877136 171.54696079794 802.1338224500533 208.71253636996445 1.6116185 1.6239634 3.7378027 6.4879026 1.5549409 32.15393 -0.0289517 15.382006028884422 
Car -1 -1 0 351.10728475539105 172.6434215879553 483.0499168634131 217.31047488773325 1.4574189 1.5984205 4.0908546 -6.4433503 1.4505479 24.472313 -0.064617075 15.713815032021104 
Car -1 -1 0 720.5238491873914 174.1398491069839 819.0697525024975 210.61759479405524 1.4650868 1.5468822 3.7058585 6.6050267 1.520043 29.940535 -0.06798235 10.462018413178921 
Car -1 -1 0 631.2798790153721 172.2633479854472 654.4890514235616 192.18563739843677 1.5023679 1.6518027 3.993603 2.5733418 1.4578257 56.4135 1.5763136 6.680987118387791 
Car -1 -1 0 40.05083211836481 166.8506783585189 309.5817229201095 268.90997253607054 1.5781841 1.580641 3.5323682 -7.107689 1.4853523 12.083668 -0.07841082 16.32745731793672 
Car -1 -1 0 525.7867049726661 171.8281431916963 551.1492213493809 193.88824667113417 1.5009408 1.5880096 4.12182 -5.006722 1.4311426 51.189503 1.5222497 8.390161729700374 
Car -1 -1 0 759.6035177343675 174.78996642214648 898.9767565575968 226.10405326950075 1.5166601 1.5920467 3.8378818 6.6966343 1.5787556 22.267635 0.041796606 2.2597852713396964 
Car -1 -1 0 492.2737288432428 169.28283072360688 525.1181336717982 200.77954081197004 1.5603225 1.548169 3.813413 -5.227671 1.3834094 37.718082 1.472165 1.2945499308548463 

