Car -1 -1 0 232.07773658842888 194.9769594477714 405.9153344883389 284.0470646264498 1.439635 1.7223511 4.4235244 -5.7816358 1.9684656 15.010613 1.6014725 126.30722867550143 
Car -1 -1 0 715.3252425431816 178.08075142852996 840.827538202374 266.1752438409583 1.514275 1.6074104 3.9510124 3.2419422 1.6344788 14.6156025 1.5674312 95.87081268204365 
Car -1 -1 0 768.5606108066472 182.76373999230142 1027.2284372106633 332.9537178252 1.4373919 1.6398456 4.008934 3.3149898 1.591295 9.1887455 1.5550942 91.74383638336377 
Car -1 -1 0 361.75620291268785 189.31688394926988 452.5850479169537 249.4419033136737 1.5047436 1.5537081 3.6572487 -5.7500963 2.0237756 20.907145 1.5871348 65.69037500999495 
Car -1 -1 0 680.5345385831215 182.99554465935057 746.5403256745259 230.39760962707587 1.4334452 1.5379142 3.6127954 3.4433212 1.803086 24.453796 1.5172718 61.63002769522787 
Car -1 -1 0 436.09839246016816 185.89233771376078 506.80507453405403 225.7183997627389 1.4496088 1.6450316 4.1700153 -5.6196795 2.028507 29.861416 1.7019113 31.89001711732065 
Car -1 -1 0 997.1024089720365 154.77482507106183 1242.0 264.1910622585169 1.5117209 1.6136382 3.8964436 8.21129 1.2619346 10.88718 -0.057919268 114.53652622516472 
Car -1 -1 0 650.9242665685698 178.96450894480412 689.9433141588543 209.63190102255297 1.5401926 1.5523642 3.6530826 3.2308316 1.8851871 38.861282 1.5010418 11.800416217969664 
Car -1 -1 0 668.8681916149495 180.6764805116041 719.6362443067858 220.61672835899856 1.5246513 1.5978875 3.9886272 3.4914653 1.8753397 30.338692 1.5526605 8.579721530530367 
Car -1 -1 0 503.7384602630825 180.73123318595847 530.4103924289193 206.26134932931294 1.480512 1.5484116 3.6433525 -5.7201185 1.9913232 44.899094 1.4703248 0.8709830133770147 

