Car -1 -1 0 412.0620566304834 185.66805159939585 486.98204573878644 232.6053628162814 1.3985653 1.6312162 4.2747607 -5.0681458 1.4147868 23.619677 1.5436778 74.13619785860095 
Car -1 -1 0 334.5426255276167 186.21450539616848 403.7380218188995 226.1364209210192 1.3940256 1.5181882 3.432319 -8.831429 1.4338363 26.920328 1.5493183 52.21819250303882 
Car -1 -1 0 0.0 196.41976404158356 212.8809461077376 316.48885851970107 1.3979254 1.5555844 3.7236443 -7.5840344 1.5923028 10.595406 1.5522792 88.15374890464767 
Car -1 -1 0 161.43350069855052 182.440763468043 276.83988194995254 234.04456482344085 1.5726831 1.6475074 4.248431 -12.81123 1.4881139 24.05086 1.5473747 30.270858381806786 
Car -1 -1 0 103.0415057632441 193.35848253337682 425.0146648544129 375.0 1.4678845 1.6238439 4.175718 -3.3559046 1.5823714 8.012499 1.5624635 88.81422798183806 
Car -1 -1 0 249.97207138276053 185.41216932279676 368.39665631596273 245.12252792872044 1.4427687 1.6443273 3.8411198 -7.8485556 1.4485768 19.316626 1.5537043 25.001759953248243 
Car -1 -1 0 571.6964857931355 180.0402421247213 604.82534615298 208.22699020999394 1.4583645 1.6438583 3.5154235 -0.9860079 1.1905897 38.9647 1.5879402 14.200734743548065 
Car -1 -1 0 380.6417318567668 179.42824670006377 417.9855254398498 202.9330182243566 1.4573176 1.5362457 3.5383842 -13.363473 1.0984902 46.37354 1.5231035 5.871897534093974 
Car -1 -1 0 0.0 189.10929223071196 127.58364596575208 258.93458953270533 1.3924503 1.5138054 3.5003693 -12.673384 1.4910527 16.372112 1.4429791 2.0613893182007548 

