Car -1 -1 0 217.17284651015015 191.2305173980089 443.846257904057 324.1076624388534 1.4338264 1.7655249 4.53224 -3.7848434 1.7653846 10.719949 1.5323322 129.2208257029815 
Car -1 -1 0 404.0406098998759 187.45181856512178 493.190433679588 251.98810704230368 1.4230587 1.5032642 3.3852367 -3.9937885 1.829071 18.372799 1.5746357 87.76700119361887 
Car -1 -1 0 643.811096421655 176.6646060164542 686.5857287740864 213.38768508645651 1.5080502 1.582592 3.7205982 2.4034786 1.686275 31.88208 1.5650748 64.67332921678405 
Car -1 -1 0 0.0 205.46453205484727 265.22988259766464 337.5208627856886 1.3572866 1.6306138 4.0065985 -6.7489357 1.9186938 10.414493 1.5755529 87.39550447569206 
Car -1 -1 0 764.3148030207709 161.53108862337442 914.332819941819 211.356899949697 1.6546035 1.7521052 4.6138234 7.846177 1.2785949 24.90356 -0.029147064 39.379307064523076 
Car -1 -1 0 750.963279645496 163.35350923822838 869.2693179341805 204.21353871155253 1.5381188 1.6685578 4.1228786 7.736227 1.180486 28.05939 -0.03116479 16.677905236808733 
Car -1 -1 0 719.7335330667686 166.73842571838625 815.038291981585 199.91596829779778 1.5340598 1.6723428 4.1509194 7.4257507 1.2512883 34.200325 -0.00085180457 10.069208921306785 
Car -1 -1 0 485.1664544428705 181.33257584125167 521.7812184339982 206.20394944717088 1.5190104 1.5908693 3.9954305 -6.9351864 2.1012425 47.50492 1.6337564 3.627639350737798 
Car -1 -1 0 450.0806946266383 179.97000755479183 499.5322745839321 215.8091901165329 1.6593938 1.6361017 3.95674 -6.6945105 2.0361912 36.20438 1.6001852 0.7468157947611713 
Car -1 -1 0 917.8961957576115 153.99910427953617 968.453117131526 178.79920202219833 1.4686452 1.5036205 3.5314977 20.513107 0.35207066 44.49957 1.5772816 0.26082199811935425 

