Car -1 -1 0 767.1776953034756 164.9254567462288 809.1201414390623 186.57423140005167 1.5518515 1.6181662 4.1964436 13.28569 0.9835086 53.908577 1.4386994 16.3269014906414 
Car -1 -1 0 635.7315449354943 168.85035652962392 706.0166845277474 195.55510330439768 1.4597104 1.5986468 3.699032 3.4028907 1.2408667 40.404236 -0.09106409 43.49972381485678 
Car -1 -1 0 109.16146964787832 171.84296094847986 225.8452238059619 210.8549221143447 1.6393018 1.7070824 4.2977276 -19.741642 1.5968173 32.306713 -0.65622085 27.86709355873006 
Car -1 -1 0 1047.2308527155387 162.82393705528722 1104.5685477546976 182.841014823266 1.4760945 1.6099501 3.6405478 35.577274 0.73645973 55.146927 1.3809657 27.34594442991204 
Car -1 -1 0 801.7986419428875 165.24635803228733 840.194862926097 186.26890920828274 1.5454003 1.6489234 3.8703618 16.069626 0.98615044 55.010468 1.5274174 12.938577279962702 
Car -1 -1 0 296.2297985548859 166.5264795994591 327.9178217612899 185.55091362059665 1.5782166 1.5797482 3.1424937 -25.311405 1.0533019 61.478016 1.5029781 3.8248326484863613 
Car -1 -1 0 843.6453245324142 165.9076773763189 888.4133218667918 186.13564999718048 1.4608742 1.6812997 3.9104176 19.183533 0.95920706 54.13313 1.4800915 2.2453318675799117 
Car -1 -1 0 1000.6982646136415 164.8390952948448 1054.4973716616082 184.67664091767008 1.4564192 1.6079041 3.8856416 31.78324 0.8679862 54.978214 1.4845427 0.8623250945781422 
Car -1 -1 0 974.2918936265797 165.6358140999528 1027.134420435253 187.0314014246714 1.5251784 1.6276087 3.4588745 28.826843 1.0106318 53.280426 1.3935893 0.5340001025105722 

