Car -1 -1 0 517.4401141721844 178.01752881010387 751.5382635176229 334.082364490916 1.5311314 1.5771643 3.6803215 0.5260554 1.6113267 9.208691 2.0420969 135.13276041563947 
Car -1 -1 0 734.5781635987731 181.24446014233297 851.7779626862916 263.89648790581873 1.4710982 1.5819817 3.6642356 3.9787555 1.671402 15.235737 2.0570621 134.12592734164036 
Car -1 -1 0 80.4357597588984 179.53397917003454 594.700225867246 375.0 1.5206834 1.5591172 3.4334702 -1.5915881 1.5876963 5.353831 2.02746 105.30799933306744 
Car -1 -1 0 1018.2605623107205 187.9153351325366 1102.0642709412714 255.5097230889735 1.6061374 1.6441193 3.2056627 12.228506 2.0559678 19.74865 2.0324817 54.975594346469734 
Car -1 -1 0 873.6087120755714 177.8891150090055 926.1596495521779 216.51181581848147 1.6090221 1.64641 3.8525105 13.193766 1.851554 32.677986 2.1045594 25.560225928731004 
Car -1 -1 0 907.1418120595679 181.2242336114279 941.1924364921545 210.5948990621365 1.4828293 1.5271189 3.7859535 17.308575 1.9660852 39.623016 2.0318599 8.495201673633677 
Car -1 -1 0 726.8282395317872 170.9907429782047 837.4049947466815 216.80868125592087 1.7368274 1.6311011 4.0498543 6.9211946 1.6661965 29.006912 0.47790086 10.102808278587904 
Car -1 -1 0 1009.7516572789817 183.88879554527603 1043.895342257235 206.25415058975685 1.4795282 1.5912468 3.919046 29.964577 2.3024006 51.77198 2.2346249 1.5664741356212368 
Car -1 -1 0 1017.4773376403081 190.69902974340238 1078.9964452419135 243.87580028625325 1.5107263 1.6190957 3.5263796 14.43194 2.1447496 23.712574 2.1333792 0.3178984522819519 

