Car -1 -1 0 335.49762556759487 187.03730780799071 458.6955157261064 263.42242625320887 1.4347813 1.571138 3.5344515 -4.3388996 1.4782052 15.361756 1.5801241 90.69117921454949 
Car -1 -1 0 436.55373608147926 183.59693107193866 501.30963831931797 226.90954072678844 1.4095796 1.5486507 3.9457078 -4.790885 1.356898 25.372158 1.5647832 60.87533065729295 
Car -1 -1 0 25.99303979811341 195.90207991397912 249.8731594407412 286.59540827579303 1.3552389 1.644944 3.856677 -8.279778 1.5796491 13.148291 1.5469164 82.63405044353442 
Car -1 -1 0 485.6482532199977 181.4460926978857 524.6612280507944 212.9067592889579 1.4373081 1.5337353 3.577527 -4.8709793 1.2650903 34.664417 1.5237471 27.741453505093357 
Car -1 -1 0 299.0471258243577 178.6823476460666 383.9672403915011 230.0444141123973 1.554486 1.6561401 3.651784 -8.624221 1.3567525 23.634375 1.5026875 34.585032109385054 
Car -1 -1 0 577.2714881267308 177.28883749718827 608.7417364564052 207.4554825461874 1.5208387 1.586859 3.1760607 -0.7427908 1.1212094 37.84242 1.5533969 16.04095508920799 
Car -1 -1 0 467.0166877468008 174.46119479942354 497.7204066310191 195.75339211916383 1.5439892 1.6575447 3.8268857 -9.343426 0.7641337 54.043995 1.5669206 3.868735520861887 
Car -1 -1 0 423.5894845245906 175.35772046108508 467.73309482527117 202.11841093117374 1.5219836 1.6363162 3.8624837 -9.569012 0.9613224 42.844116 1.607553 1.4609693616171744 
Car -1 -1 0 482.0724753796453 167.3404991592569 523.6788524519419 183.0453922747539 1.4783525 1.6033082 3.7618532 -9.949477 -0.21000445 68.72806 -0.01529056 0.9494880058992853 
Car -1 -1 0 104.6759554518732 171.03912005260867 248.7295384062714 241.6382096419731 1.8236208 1.6475528 4.393972 -12.228107 1.4574305 20.791021 1.5384226 2.5449551443616523 

