Car -1 -1 0 785.5126191616749 183.4982784911248 993.3106003053347 258.5720177234533 1.4851515 1.5895454 3.859029 5.9254913 1.7281221 15.508356 -0.088261805 75.61095957684283 
Car -1 -1 0 742.5438944373939 184.15145504920278 927.408698258874 244.41764433468956 1.4153669 1.6012402 4.225895 5.6913996 1.720746 18.42655 -0.13473555 55.326361904113426 
Car -1 -1 0 884.3362269091649 186.59557338848586 1209.7707290413825 299.7130263404036 1.478653 1.5838914 3.7745817 6.174816 1.6937517 10.463953 -0.020453665 68.7474859027722 
Car -1 -1 0 632.1508417709749 178.23888603889293 679.5011980643621 211.75990828023055 1.4439116 1.6370778 4.225367 2.1098654 1.7134708 33.948326 1.4916465 45.26715204496066 
Car -1 -1 0 0.0 183.94927905474182 291.3422679536471 312.14815502977086 1.5594476 1.6220212 3.8987808 -6.61998 1.723084 9.783474 0.024215158 56.60954332493831 
Car -1 -1 0 846.8977749018227 183.95247862204064 1106.9819936312097 273.4790623335407 1.4617645 1.5828521 3.9129753 6.484434 1.6756334 12.959673 -0.07957656 25.81067597798274 
Car -1 -1 0 128.5310130553093 179.28837091369928 378.9407265209248 267.05633535611514 1.6075001 1.6836966 4.1249523 -6.892085 1.7436664 14.312477 -0.056492344 66.88690017918935 
Car -1 -1 0 405.6776100662795 178.66655544464987 506.72679852060196 214.6508865480239 1.4743135 1.5945408 3.936817 -6.478098 1.7287891 30.716595 0.038572907 15.474672390798405 
Car -1 -1 0 374.3658294891153 177.86897948640978 488.78409473063834 219.7123721557495 1.5686913 1.6219015 4.045945 -6.867814 1.7697914 28.092663 0.014869609 36.22909880506218 
Car -1 -1 0 739.4992465091584 170.51236869479345 894.3733010996896 236.2634555265967 1.7962916 1.6729835 3.9324915 5.8731365 1.7323191 20.691862 -0.07409904 23.26188267656183 
Car -1 -1 0 403.825865123836 151.18522471205972 437.44011712286897 177.06275525157554 1.9551297 1.7018211 4.086857 -14.768564 0.31798455 56.587784 1.5340445 6.665413603841057 
Car -1 -1 0 196.61511436896583 162.05339470981576 417.02764393469323 247.31565922514895 1.8986953 1.6948968 4.4672074 -6.9797215 1.6581779 16.960096 -0.020139713 4.676628825981908 

