Car -1 -1 0 668.7911154791157 176.3794976885877 736.5198027914344 227.1546603007821 1.4490551 1.621123 3.7403355 2.8451948 1.5692835 22.72933 1.5623304 91.7488630058133 
Car -1 -1 0 731.1193773133784 181.23629803680655 921.7150312486477 310.1502567905179 1.5134864 1.6517835 3.873357 2.947955 1.6598215 10.659634 1.5708424 98.25659475842933 
Car -1 -1 0 311.9580047057329 172.91019089747522 467.07143864706774 227.64150341593066 1.5280802 1.6558851 4.039521 -6.410313 1.5298163 21.220552 0.12497765 70.07939856280878 
Car -1 -1 0 647.0407618593506 170.46366083494928 690.8198966421643 207.58948837659023 1.6275215 1.6426058 3.872111 2.7051578 1.5227337 33.583298 1.5502286 32.96712406566486 
Car -1 -1 0 139.2361131657989 169.83419669698293 394.13546152120796 263.4708472252689 1.6383138 1.6703161 3.9967804 -6.2940507 1.5854777 13.529246 0.035144717 75.23227291207436 
Car -1 -1 0 365.289271929622 163.29179996057724 495.00637969369797 217.06004146526402 1.8801702 1.7242026 4.256628 -6.42819 1.5457987 26.144867 0.02455851 24.6530502270133 
Car -1 -1 0 640.6733088527623 171.8339979356436 665.3387908659785 195.40555030542137 1.535578 1.5940546 3.6377654 2.9100986 1.4691293 48.85415 1.610784 5.781070481449661 
Car -1 -1 0 22.92070825072323 178.45882336376235 349.91978850874017 287.0695674073584 1.5005951 1.6326374 4.095366 -6.305249 1.5935221 11.014893 0.065242626 13.24457105201946 
Car -1 -1 0 423.50922871568605 172.4171142231136 520.4030153805396 206.4190170366287 1.5380614 1.6575937 4.290364 -6.349014 1.5182989 33.646767 -0.08519066 3.952503065129726 
Car -1 -1 0 0.0 154.69178614520382 271.009958564405 316.6340023390017 1.7848327 1.6782935 3.9946585 -6.537345 1.5846593 8.833544 -0.02113796 10.879747371916093 

