Car -1 -1 0 698.6331370030297 173.34580846196874 835.301355010195 267.96009465754906 1.4843874 1.6088768 4.2168455 2.7358997 1.494998 13.454535 1.5657053 94.31374578928515 
Car -1 -1 0 358.79727677442725 179.34751487750813 502.5639858797042 274.19536989525426 1.4523599 1.5990703 4.1191387 -3.1184998 1.5916047 13.4022255 1.58433 79.8632671389691 
Car -1 -1 0 678.3857532970592 174.03979530227565 763.4404559931377 236.27194221360088 1.4475706 1.5623763 3.9372098 2.791876 1.4817822 18.838144 1.5570403 54.53758869656978 
Car -1 -1 0 503.3831225836423 173.91929924066383 553.353627502558 217.8262097265241 1.4682987 1.599884 4.047101 -2.8874722 1.5101769 26.29702 1.5111767 50.355534015834046 
Car -1 -1 0 176.1668028892924 187.82303760213995 456.5690564005022 375.0 1.4812919 1.6521643 3.7092872 -2.838202 1.6838317 7.8834524 1.5397716 80.98239651070612 
Car -1 -1 0 651.4987529956073 161.19254257873632 708.3042452046169 211.43836958787648 1.8468583 1.6311398 3.8847187 2.705355 1.4182243 28.511837 1.506611 29.75316179360742 
Car -1 -1 0 631.5998723249503 165.32593842193867 660.516970340339 191.82487871500962 1.6533957 1.5909212 3.8021443 2.3368933 1.1836836 46.94168 1.5442843 15.276172506401126 
Car -1 -1 0 657.6876826892684 171.34895380646853 726.4732750278584 219.72705294556653 1.4686849 1.5638481 3.815111 2.641868 1.4229939 23.867073 1.4934133 34.98488444769086 
Car -1 -1 0 536.6192670307021 171.5007084088378 570.5463380235085 200.99882693760748 1.4344164 1.5236533 4.38541 -2.8415678 1.3686092 37.298023 1.5451361 10.793559769647327 

