Car -1 -1 0 768.2192064903127 183.2618182384384 977.6661334379966 257.1392094449208 1.4845703 1.6656398 3.9384253 5.6167717 1.724081 15.6818695 -0.046047796 125.46292683902244 
Car -1 -1 0 638.5621897815784 181.1930009824812 686.5158593147803 218.07629114312888 1.3960415 1.5697962 3.8785527 2.1519527 1.7674886 30.170319 1.5303786 27.57967409584436 
Car -1 -1 0 334.9270566046406 179.8214080875499 479.53387639468565 228.13319576599687 1.5148535 1.6274718 4.2882 -6.558001 1.7513691 23.676636 0.0013819076 68.01902870355583 
Car -1 -1 0 194.37552808733676 185.6166351998592 407.0172675545689 258.49425346371146 1.4336462 1.5650558 3.8527577 -6.4434843 1.7201929 15.346485 -0.037123315 33.54942954210765 
Car -1 -1 0 0.0 174.34230485825978 325.25768291711864 306.17077749517796 1.7084427 1.6663463 4.0618267 -6.434905 1.7318931 10.371125 -0.082533285 83.86159135036957 
Car -1 -1 0 77.69024737559008 186.01801650248362 364.5483154958994 275.21722597005504 1.4338276 1.5997562 4.205127 -6.718696 1.6853123 12.831823 -0.07363691 20.045448757299983 
Car -1 -1 0 375.69878238986684 174.19873563672604 483.6182219205676 215.83997203077115 1.7393198 1.6837436 4.2126412 -7.710759 1.7991322 31.146265 0.050473057 6.366074809090165 
Car -1 -1 0 620.8711585298478 176.14881976447802 641.4151442147577 195.51874431680736 1.4821575 1.5920043 4.121722 1.7233264 1.7564957 57.998158 1.5952041 4.467525364519518 
Car -1 -1 0 229.88830729121761 180.8828313801015 410.1602450871372 242.7715161999413 1.4568853 1.567757 3.8797727 -7.1340394 1.6669186 18.038845 -0.02728354 2.9188282521750297 
Car -1 -1 0 485.03301230947517 179.53131864443216 523.3449457160261 210.72176286395378 1.4970602 1.6012468 4.062088 -5.4341507 1.8640537 37.58728 1.5196304 0.371815025806427 
Car -1 -1 0 548.8234834160043 177.5764245036529 575.3425827198738 198.00444004019204 1.4460973 1.5896293 3.9159064 -3.5924222 1.8136541 54.095314 1.4020717 0.3654715418815613 

