Car -1 -1 0 718.4339287780906 186.2992713051898 852.3448782310614 286.1914294483637 1.4231061 1.5579016 3.5582016 2.894832 1.6908036 12.565034 1.59975 80.39742778471528 
Car -1 -1 0 782.4856128419955 173.3674564482868 967.8234272104359 243.56301017425127 1.6244938 1.6709188 3.943366 6.379721 1.6377407 17.663729 0.059740935 78.69194571579615 
Car -1 -1 0 289.03508772904155 181.424317387869 461.1309549552345 238.01326353810967 1.4754759 1.631981 4.210667 -6.362625 1.7212957 19.878168 0.00071151654 28.951662867975955 
Car -1 -1 0 638.0185127338266 178.00778761233798 666.8749077700833 203.01634088987618 1.5130248 1.6698782 3.9742455 2.7224004 1.8592407 46.47358 1.5830152 17.855698712489495 
Car -1 -1 0 193.11183290386367 181.19164587107 426.2359896524784 260.56029142196394 1.5284725 1.6237652 4.1761274 -6.1117153 1.7120452 14.985453 0.042996727 62.63394866644868 
Car -1 -1 0 25.542622982500745 182.0007800657125 370.78703396840564 304.4297377709663 1.5567951 1.5970287 4.001897 -5.6422567 1.6972489 10.19351 0.04417645 80.33756142223125 
Car -1 -1 0 123.2266487832964 180.48321515435674 385.2357745972321 276.9140391486002 1.5485919 1.5854763 3.8320098 -6.0978513 1.6917158 12.633083 0.058263242 43.57105884562183 
Car -1 -1 0 374.1103715457175 177.42415535862713 488.8061550739072 222.90309514920614 1.6353947 1.6551038 3.8950963 -6.592047 1.8117913 26.984726 -0.019234072 18.978351962631095 
Car -1 -1 0 696.738679480086 181.21464929269786 797.1718540683778 216.80647357844418 1.448451 1.5851924 3.9335976 5.8737936 1.8207147 31.008205 -0.17269312 15.605024395613842 
Car -1 -1 0 235.44263669551142 180.01756311407695 416.3371735854831 248.89131461515194 1.5684289 1.6069604 3.7657852 -6.769514 1.750979 17.501274 -0.044140115 19.828331725573214 
Car -1 -1 0 713.9769156886441 182.2398648233232 824.2307152732325 221.2671838687877 1.435374 1.5744476 3.8880196 6.177189 1.8148043 28.108036 -0.14544034 16.375729720249215 
Car -1 -1 0 335.6524259068471 180.97891687599358 473.38332012225703 232.10704363416306 1.5041914 1.6185025 3.7959259 -6.2885733 1.7660329 22.379189 0.034268882 13.440677151691311 
Car -1 -1 0 623.5689307734671 177.66660460329072 644.0385469930849 195.9158210233396 1.4786998 1.5735272 3.8855505 2.093635 1.9023398 61.516853 1.6487259 1.2761407567718785 
Car -1 -1 0 392.0706759544705 175.87274545773644 501.5542981622714 216.46607137358401 1.6046956 1.6285412 4.113818 -6.5866504 1.7315409 29.482946 -0.010367888 3.0138801505817288 
Car -1 -1 0 698.6672059422341 174.84706718276243 788.652480952377 212.82273669762583 1.6742525 1.619432 3.7279503 6.0821066 1.7679926 32.9265 -0.110152796 1.9646257551718378 
Car -1 -1 0 475.5587835693236 179.12340904285003 546.0173704813625 205.30811955179107 1.5308251 1.645576 4.0014315 -5.908101 1.9156964 43.442574 0.014524542 0.2623552680015564 

