Car -1 -1 0 5.789398222033184 193.2318322308492 236.54362151871194 287.86754901452247 1.3821255 1.5490878 3.8411217 -8.316946 1.5459841 12.760258 1.5531149 94.5500228959657 
Car -1 -1 0 576.4286768196694 174.2707094131093 653.4581575705098 247.13195153131417 1.5785742 1.6696677 3.3086953 0.15680413 1.3414457 17.23447 1.5638511 62.591213687708766 
Car -1 -1 0 211.66090554161596 182.51047326651502 417.1187975945757 307.79368887493206 1.5551786 1.6067798 3.4313087 -4.0945983 1.5215979 10.650403 1.5851704 109.64764039181252 
Car -1 -1 0 478.9787489558464 179.10944078492508 526.7793981854621 216.1902458509395 1.4855111 1.5914822 4.2401505 -4.4192324 1.2408855 30.946333 1.5340003 22.169032622780428 
Car -1 -1 0 423.7116164750751 184.60120064754253 495.20518121412397 231.68630158119257 1.3811185 1.5159823 3.4029343 -4.601718 1.3630939 22.79987 1.5877936 70.39705404846195 
Car -1 -1 0 339.6808374983751 181.54988850183946 418.85052009770556 224.63582738631112 1.465769 1.6228329 3.907045 -8.270086 1.3410594 26.420134 1.5850576 50.86125629506883 
Car -1 -1 0 83.38903457376125 187.13996352177782 232.20219600810273 244.18364986264547 1.4173298 1.624955 4.1155934 -12.332354 1.4765903 20.069374 1.5569869 21.908378639535243 
Car -1 -1 0 215.9921479992054 184.2237019302739 299.94499605402586 226.8906318035952 1.4861931 1.5313485 3.7295077 -12.980482 1.4516394 26.949024 1.5073962 8.699253194803575 
Car -1 -1 0 152.6246965171183 187.5715183627457 229.18905691424118 222.606583522876 1.463357 1.6177548 3.6596272 -18.537716 1.575082 32.18672 1.4648567 0.5068255940700506 

