Car -1 -1 0 167.1247980177437 180.48896306892593 362.17761906787064 287.73750757579774 1.631114 1.7243125 4.2710567 -6.1356754 1.7963357 13.44813 1.5336705 125.39612587464225 
Car -1 -1 0 319.0982143049289 179.13675535854756 428.2264907210449 246.70665522299248 1.6441946 1.6868541 4.3715286 -6.4267597 1.8389479 20.166372 1.5536324 51.128852856268175 
Car -1 -1 0 424.81546323995104 183.03976201521633 481.2239878831519 220.39226313120355 1.4439528 1.563294 3.8666573 -6.6250706 1.9072757 30.884766 1.5742986 41.65129309314669 
Car -1 -1 0 515.6717885259301 179.6872426884125 555.5495325761343 208.79632169369629 1.4165068 1.6718923 4.549483 -3.8785152 1.8022819 38.457745 1.5679008 32.006764792402045 
Car -1 -1 0 630.8298822076318 173.16832562952533 655.594799921513 195.5019526767439 1.5621865 1.6181383 3.8221838 2.4128454 1.5858617 52.435543 1.5699135 9.704759800507043 
Car -1 -1 0 1079.6807340518899 144.54249577481727 1242.0 202.30295573891556 1.4507961 1.5921818 3.8534522 15.397587 0.7396829 19.962452 0.6888181 35.80830864241168 
Car -1 -1 0 697.9311215550625 168.4031787504882 770.0812189093078 193.9301322419418 1.5769026 1.6951027 4.258302 7.7933373 1.3019572 45.435757 0.007487063 3.6337763834552956 
Car -1 -1 0 856.0846663138312 152.95259614038076 894.7805827788482 178.92897093885446 1.9363389 1.639734 3.5158179 20.424313 0.45284206 55.555325 1.5555067 0.2673545777797699 
Car -1 -1 0 487.1751560266423 182.4305290250753 525.6412812319035 207.54488868230632 1.4630415 1.6846726 3.992308 -6.4695764 2.0955076 45.618687 1.6185697 0.25418034195899963 

