Car -1 -1 0 663.4112894287952 188.91719650931088 720.1880833211228 235.8860406423853 1.4753679 1.6087778 3.6744037 2.8636768 2.089725 25.758768 1.570986 69.86744706765316 
Car -1 -1 0 759.2189482846712 200.2099094767332 1031.5659805677737 375.0 1.4556264 1.5967131 3.65491 2.9381444 1.8395035 8.277004 1.5440973 96.25758056125542 
Car -1 -1 0 705.8989524254426 190.15656112232733 842.9866043367343 288.8185270184996 1.5176799 1.6601429 3.828233 2.952025 1.892664 13.706776 1.5505674 82.4103078840761 
Car -1 -1 0 344.5976223408244 187.12038647224014 484.6488148686009 235.4667162261486 1.5167141 1.6800185 4.224885 -6.4888573 2.0163789 24.253738 0.08550663 52.850333429259656 
Car -1 -1 0 230.8972339599573 185.25261867637786 432.31092828291935 261.20896614494825 1.6160859 1.6778188 3.974821 -6.2738066 1.9163804 16.562742 0.03753852 58.48817701899333 
Car -1 -1 0 647.121773735727 184.56677224071703 685.9151642018908 218.85422024349037 1.5891508 1.6321205 3.6559792 2.835291 2.2120688 36.53544 1.5583942 19.634319240812633 
Car -1 -1 0 384.3585394217376 176.5628901233732 506.1806758681835 225.2853682409609 1.9012989 1.7569821 4.521867 -6.5759373 2.0560217 29.197157 0.010897617 15.024564427146762 
Car -1 -1 0 149.12026083192342 191.75748576295217 401.0522696937415 276.96160868873693 1.4905617 1.6430758 4.1416073 -6.3557916 1.8812671 13.975768 0.056559738 15.437061539961036 
Car -1 -1 0 0.0 175.76893336726974 341.24209160487317 321.2285587479896 1.7445712 1.6690198 4.21044 -5.9838166 1.7869859 9.594499 0.03346444 35.387604572179676 
Car -1 -1 0 449.7636013473172 186.68841965793416 530.7928488190496 217.68296810163224 1.5027227 1.6286244 3.9211738 -6.0213575 2.2249203 36.738636 -0.05861769 0.30316680669784546 
Car -1 -1 0 629.9064227671703 183.42300028548487 659.80929009651 207.85834944852544 1.6416013 1.5732932 3.6063817 2.5080812 2.4306867 51.98678 1.4523593 0.2941209673881531 

