Car -1 -1 0 88.43061785583426 195.42161925106097 322.57825839208107 321.3551044000817 1.4662797 1.5355679 3.5365334 -5.7642827 1.8596673 10.806624 1.5673978 125.09135307824911 
Car -1 -1 0 723.6168543256605 180.9063182616921 857.6941507571416 265.34229920747623 1.4261482 1.5910614 3.7075067 3.4555707 1.6083868 14.438688 1.5210365 125.07862989353804 
Car -1 -1 0 339.84447521355014 184.36072249642115 458.7425064168171 245.20602897407537 1.4296086 1.6769782 4.228467 -5.6547365 1.7830875 19.973593 1.6776108 80.09023932846829 
Car -1 -1 0 664.3946111717908 175.576347588868 715.108180409046 215.49709822419354 1.4797692 1.5514047 3.7045817 3.1436954 1.595725 28.866776 1.5520749 55.330247607676064 
Car -1 -1 0 689.3220907878177 177.43480470580056 777.807554396726 236.3674559712998 1.4521891 1.6272316 3.9648821 3.3366988 1.5926518 20.108961 1.5274824 48.09177844327217 
Car -1 -1 0 467.2374417964681 175.81016585342266 511.24127229542427 210.25886765343498 1.5624006 1.6130157 3.6215796 -5.7590504 1.7127724 34.870956 1.5440989 23.02343004428669 
Car -1 -1 0 491.8860226068023 178.06748936540905 529.3511740289998 206.7140269348056 1.4998801 1.5892825 3.5989516 -5.470523 1.803611 40.23489 1.5726814 1.870895228330149 
Car -1 -1 0 69.53192317826553 187.09194018855513 216.6949530980608 234.89551674804514 1.4909424 1.5576386 3.8305502 -15.314963 1.9772716 23.820637 -0.024302253 4.516672611982198 
Car -1 -1 0 503.3142027342934 171.9990668761944 552.0605187834018 192.07442978147824 1.6220112 1.6205921 3.6640868 -6.7638354 1.5529356 59.66016 0.33169138 1.4706753600897648 

