Car -1 -1 0 685.9374964171544 186.2673228447103 772.489925160029 249.98624589315952 1.4537416 1.5570564 3.362779 3.036437 1.8370988 18.903519 1.5206808 83.57238666191634 
Car -1 -1 0 752.3295857397043 187.1304633542086 865.8746372423874 229.14126311116402 1.4363707 1.5948617 3.7035098 7.161949 1.9711409 26.14762 0.044968683 65.00262601866159 
Car -1 -1 0 0.0 188.13305295016522 276.81805490756767 320.1763567100356 1.4958804 1.5963395 3.7526054 -6.5276012 1.7117019 9.287661 -0.057288907 82.12757296331556 
Car -1 -1 0 51.440834831288115 191.8342593557649 371.05087658874027 296.7944886497185 1.4681911 1.6100368 4.120242 -6.0752864 1.7927008 11.38638 -0.07138727 57.19715017567293 
Car -1 -1 0 344.4125851230872 179.37483057810903 479.20316589125633 231.72104201813085 1.624485 1.6537875 3.9820065 -6.3683157 1.8457427 23.552925 -0.05213173 32.474555938438655 
Car -1 -1 0 298.02034145691493 177.3677982589669 461.77130498328376 247.51703993404197 1.7207276 1.596245 3.7194545 -5.866905 1.8431205 18.688242 0.04252966 50.30954364302945 
Car -1 -1 0 459.09855932297916 178.26382643927576 535.7461521765092 207.69027128198417 1.6811805 1.7093282 4.2281833 -6.550143 2.005912 42.4291 0.013028398 16.9530990084938 
Car -1 -1 0 166.54211353395877 184.22908419347084 399.01034441145185 269.90563390868914 1.531121 1.612668 3.7583556 -6.180963 1.7636304 13.930124 0.006365818 47.63813078591026 
Car -1 -1 0 237.82861408143478 187.31887446737332 443.69784398852704 257.77957977534595 1.47729 1.6124115 4.0798626 -6.0090265 1.8241887 16.401274 0.047797296 26.943105835974432 
Car -1 -1 0 719.8526365399248 182.720221864969 828.1110062333246 223.46992761969608 1.5642426 1.6699369 3.9621344 6.531847 1.9713955 28.939255 0.0008797813 4.667336935958601 
Car -1 -1 0 481.4124409624248 177.35362433534334 552.251341106839 204.16205473066782 1.7204447 1.7258964 4.504345 -6.0684643 2.0231898 47.586998 -0.04336249 3.9049435242254664 
Car -1 -1 0 693.958950006437 183.47316133555563 778.4165805985764 214.7337773454892 1.5137866 1.6034852 4.034374 6.3444533 2.0634937 36.451168 0.049045593 1.61043303282978 

