Car -1 -1 0 409.74080523700655 185.431099192768 493.98502324433605 239.0763735854658 1.410775 1.5720246 3.5200362 -4.371455 1.4175122 20.70153 1.6004994 69.54179523237772 
Car -1 -1 0 465.41730252361333 182.1528316956647 518.8041453547166 218.66049514847663 1.4601908 1.5800455 4.0225706 -4.852746 1.3376858 30.775948 1.5872171 40.252829043089314 
Car -1 -1 0 136.68812556082884 196.58664756779393 397.2239136076986 336.3791777010001 1.3888059 1.6006879 3.9804792 -4.1194 1.5702906 9.470357 1.554705 87.28391234067885 
Car -1 -1 0 359.1375441671541 179.3513475090076 425.02054292065714 221.50688706518827 1.5999935 1.6394538 3.988449 -8.678056 1.3774148 29.31018 1.5295329 33.57402319633382 
Car -1 -1 0 501.57133351680574 180.52855944997657 536.9914841491754 208.3777633791979 1.4843996 1.5658598 3.7215145 -4.8683815 1.2345688 40.185658 1.5592448 19.188330167401386 
Car -1 -1 0 580.4670930730376 178.1879988173445 609.839940341021 206.93348160772277 1.4926245 1.5254658 2.7723777 -0.64634013 1.1277075 38.724693 1.5554757 14.83894560610104 
Car -1 -1 0 213.94735566293357 189.03187867599672 334.5256971508512 248.79608877193525 1.3737134 1.5194728 3.4765368 -8.41864 1.4811497 18.492044 1.5607802 17.790541027064197 
Car -1 -1 0 0.0 189.5131289442344 144.39596489423576 252.27729469128045 1.4496356 1.5942935 4.0529594 -13.882921 1.5612074 17.699184 0.08385246 13.731144060453593 
Car -1 -1 0 212.43874256821056 170.33493599211164 317.1109004576058 228.18780374302142 1.9282905 1.8167571 4.4167066 -12.314681 1.4323007 26.194334 1.5412949 15.280695387215514 
Car -1 -1 0 347.1404942432996 181.00447041511833 434.1512165329863 209.90145619579584 1.4830843 1.5995464 4.0801215 -11.309658 1.2669508 37.702755 0.00442868 0.5023355450599862 

