Car -1 -1 0 479.64113935175226 167.71970791611295 566.0042555422722 198.69014452456142 1.4924971 1.6510668 4.158032 -4.350562 1.2450701 35.994198 -0.20023547 40.61180378205742 
Car -1 -1 0 745.6945488822931 164.39657972890961 791.1157808899787 186.0623485097053 1.5101788 1.5998161 3.9237614 11.481537 0.9206672 52.395184 1.3110436 20.222888505680647 
Car -1 -1 0 996.6190731253049 159.39859563133354 1051.986675094693 180.59533697225336 1.5330074 1.6439772 3.415675 31.01484 0.5598748 54.051655 1.2922082 30.828781388505302 
Car -1 -1 0 713.8123839733888 161.74144912227342 759.395432955426 186.80486382575705 1.6992613 1.6700561 4.29751 8.954029 0.94584703 51.197575 1.3530209 16.76907873735754 
Car -1 -1 0 789.0642747466738 164.77758122575148 838.157072064784 185.82837863966503 1.4576731 1.7069639 4.329124 14.706911 0.8984171 52.24312 1.3962798 6.693319082629585 
Car -1 -1 0 1144.9797714742215 163.02700621008918 1198.298409033761 182.87076503570276 1.4609215 1.619963 4.0336533 42.96972 0.73744607 55.261463 1.7797666 1.3731237421746567 
Car -1 -1 0 926.3288079280621 163.39999162333234 979.8877586888523 185.2492060581809 1.508548 1.5575228 3.7925744 24.609592 0.85580915 51.82109 1.3943508 2.4486886553791227 
Car -1 -1 0 1067.3785615692166 163.4974641254905 1129.5799131628503 183.2433287285495 1.474551 1.6326631 4.040762 37.350494 0.77583784 55.141975 -0.23262323 1.8183466516780424 
Car -1 -1 0 135.6329401144145 169.41105714624294 183.82397097552385 191.60110358007577 1.4964987 1.5635989 3.654562 -31.473404 1.2643061 50.58717 1.4147075 0.27283015847206116 

