Car -1 -1 0 707.5805823658934 189.03379632456858 857.0000020064228 286.5812577209455 1.4090736 1.5393884 3.3896077 2.8909936 1.7350286 12.771889 1.4692923 113.9157053574331 
Car -1 -1 0 652.8489353772435 182.73954404048013 727.2984677174309 236.1590406975435 1.4489269 1.641885 4.328145 2.411217 1.7885822 22.58853 1.5204569 79.1918739886583 
Car -1 -1 0 0.0 196.403397545947 283.55336284434617 330.35421684104426 1.4170188 1.6044959 4.2096353 -6.4112096 1.7284696 8.730543 0.0046863 96.41784718142054 
Car -1 -1 0 645.4873580031757 180.7186529694245 689.3675014422448 215.99798919198497 1.4870732 1.5642602 4.0670795 2.617192 1.8735058 33.392727 1.5348781 17.950606058662522 
Car -1 -1 0 368.2866441950011 185.9392302778048 498.7717670217044 228.15521809680175 1.4466105 1.6448947 4.3166766 -6.3267717 1.9383788 26.203812 0.042301282 39.317178727085185 
Car -1 -1 0 25.962604887271603 193.80627329722955 330.52666233032994 299.6532870901809 1.4639502 1.54093 3.7618356 -6.4635134 1.8085237 11.07868 0.009057804 55.41836245496258 
Car -1 -1 0 246.09608568563723 186.56270125418246 426.5159416941734 249.7372268331512 1.4873455 1.6106479 3.941975 -6.8017015 1.8495283 18.210264 0.024165183 28.494402235911707 
Car -1 -1 0 201.54019204506298 189.97201522854405 408.0000972044646 262.020476908687 1.4324858 1.5715497 3.835489 -6.529497 1.8260176 15.681932 0.0634239 51.70550480199031 
Car -1 -1 0 292.84536125498846 183.55559387020318 439.5083815954192 240.28410457082506 1.5088545 1.5433619 3.6569552 -6.8867116 1.8289124 20.574862 0.13136059 15.924998101252312 
Car -1 -1 0 123.08699310400813 193.07275332846677 368.0153967160181 277.84002422589947 1.429986 1.5426499 3.7886696 -6.6444664 1.8291438 13.407866 0.03476599 32.35047489966031 
Car -1 -1 0 628.9351520444985 177.505018270384 656.9240472877848 201.01995201722428 1.6263133 1.6028261 3.52606 2.3926039 1.9761024 52.443638 1.4913397 6.008497952288017 
Car -1 -1 0 385.4831937110058 183.99729770343762 491.88936110645085 224.13047185109565 1.5314298 1.6026422 3.8604758 -6.7733903 1.9897852 28.8391 0.020020654 6.74537296671115 
Car -1 -1 0 400.15751234697126 174.88326825858016 496.7213333959463 216.60314131476625 1.7491388 1.6713225 3.797969 -6.903978 1.8391476 31.168207 0.00010084186 2.891586000740548 

