Car -1 -1 0 727.0853707956761 185.48143969955444 924.6081580547874 265.75510780711784 1.4927039 1.5843143 3.5162985 4.3260126 1.7671611 14.703839 -0.10903747 128.94495413895376 
Car -1 -1 0 0.0 183.82391909531663 248.63555693436462 294.6015368823623 1.461228 1.6034213 4.099006 -7.702428 1.6334544 10.504371 0.010747018 63.45779820188279 
Car -1 -1 0 132.9728897319938 180.433138071249 356.2485448404434 254.53577707827125 1.4942245 1.6337221 4.0182667 -7.7962027 1.6693304 15.7081175 -0.07342669 124.78515748315179 
Car -1 -1 0 694.2978349167494 185.1539335871274 865.927046819693 253.01503739305724 1.4798888 1.5448701 3.630915 3.934713 1.784522 16.966522 -0.073608205 20.3649983339306 
Car -1 -1 0 224.23442964981558 173.46261325838316 377.13503201509906 236.79545862874826 1.7042481 1.6388355 3.7861912 -8.711963 1.7226894 20.651281 -0.21943378 33.93118612568082 
Car -1 -1 0 458.10890010625036 178.4381601664837 490.8000287438204 202.4654165996568 1.6786902 1.6833767 3.5186193 -10.002932 2.105983 53.26371 1.1782349 15.054031358140312 
Car -1 -1 0 176.62503873680924 176.30629853881385 357.6832873148375 246.63521948305805 1.6396816 1.6364535 3.797841 -8.431998 1.7315621 18.068466 -0.17409743 8.576642909399167 
Car -1 -1 0 263.38371799871544 172.96866959003768 391.67825360255006 227.81034713915184 1.6627402 1.5531962 3.620053 -8.900632 1.6665838 23.033352 -0.21963069 7.252117365156636 
Car -1 -1 0 1018.9077560386311 188.33308369075044 1091.1439091357263 223.5275064364265 1.4961216 1.6272327 3.9846509 21.132444 2.2694657 34.181637 -0.66236585 4.0363293380629806 
Car -1 -1 0 962.9482375028238 187.529468730434 1019.1810500327103 210.1749585535824 1.4465756 1.6635474 3.728841 26.66707 2.5146415 50.56458 1.4546889 0.2655041813850403 

