Car -1 -1 0 918.7313720530213 190.26776690592538 1242.0 318.1100259774341 1.4940878 1.567126 3.8281105 6.290977 1.7406405 9.431131 0.00062442024 44.18906462917059 
Car -1 -1 0 630.5286039961537 182.35644273644274 677.5363079899039 215.68081036109152 1.4965649 1.6206298 4.3208466 2.146663 1.9990144 35.915462 1.4605577 36.73495416443759 
Car -1 -1 0 768.1301920309103 188.88281877905558 948.7585675942067 254.1752487292218 1.449697 1.560199 3.8029969 5.9095044 1.8556337 17.368855 -0.066321604 53.29724697587878 
Car -1 -1 0 842.6303660110601 189.55381089483902 1102.6419231137045 285.6347339876468 1.4969735 1.5817585 3.6688366 6.0892634 1.8025723 12.368065 -0.024588535 61.28636807306408 
Car -1 -1 0 732.4105303976992 188.61543366144866 894.8976209288213 243.68433224088037 1.4292231 1.6072133 4.0953074 5.6755247 1.8946073 20.30238 -0.09912577 46.322060709727445 
Car -1 -1 0 0.0 193.85082180826714 289.9756288692793 324.3094293025715 1.4692274 1.6212815 4.1107655 -6.496425 1.7615087 9.217936 0.0075134537 77.96620776007283 
Car -1 -1 0 44.13529323911002 189.5034491162001 342.6379369311607 292.86514773841753 1.5063106 1.630372 3.965282 -6.629795 1.7987736 11.744586 0.058597576 55.31724521228444 
Car -1 -1 0 194.82628731704983 182.40998493196273 407.8087798952481 259.85589789435215 1.62445 1.6727405 4.086444 -6.814228 1.8518428 16.263802 -0.034231655 52.98913026924769 
Car -1 -1 0 817.8727467123308 186.85353134513957 1034.7639348487717 265.2731282141663 1.4851964 1.5860074 3.8097255 6.4558754 1.7929056 14.928506 -0.07356991 22.740725920581912 
Car -1 -1 0 420.4773051740602 183.7395193054514 515.070677800369 217.38729641580022 1.4595432 1.5930347 3.9566135 -6.367716 1.9647535 32.660404 0.015486117 17.5549704691638 
Car -1 -1 0 730.8305336668508 175.8433503966685 871.3636759663942 235.59446041664947 1.7869881 1.6777996 3.9340048 5.9535627 1.8850615 22.675411 -0.08164815 19.783980307470866 
Car -1 -1 0 399.19418222223214 181.85536638202905 501.6014638876342 222.23737265309975 1.6118152 1.627837 3.8893178 -6.5685225 1.9970179 30.027836 0.018377148 18.660909686058837 
Car -1 -1 0 245.6221769282485 170.93832664664174 435.6445460001036 246.49114334419482 1.8774726 1.6780384 4.3314147 -6.8955536 1.8298684 18.81292 -0.020319546 18.24160225186213 

