Car -1 -1 0 680.6191359482359 181.32607999528597 768.5011066876664 252.5605833145685 1.4875287 1.5504181 3.2022688 2.6209598 1.7066283 17.054544 1.5652335 104.20030443179292 
Car -1 -1 0 783.049210340865 179.61809662659547 1133.746823117113 375.0 1.5532324 1.5852118 3.4647312 2.8798575 1.6335473 6.8192215 1.5504823 146.49732774983957 
Car -1 -1 0 296.3270366277819 197.36299073789786 442.9106331296799 298.63040501250697 1.4630044 1.5466281 3.5833943 -4.1757364 1.9697945 13.109911 1.5466446 82.14007638190381 
Car -1 -1 0 647.2363273023373 177.21089741086993 689.477253906615 214.26447279575981 1.5718098 1.6091359 3.8235142 2.630917 1.7824593 32.971474 1.568212 45.5839074369747 
Car -1 -1 0 420.0765198057014 180.65147018270847 500.03020891746274 245.68641856684894 1.7754554 1.6245596 4.029723 -4.487482 2.0370958 22.196007 1.5707978 95.47731581376779 
Car -1 -1 0 488.7566479231525 183.88755449397405 529.6443334773894 217.93524178763988 1.5576653 1.5765469 3.9033477 -4.986201 2.1420276 36.249023 1.553153 40.993042971354456 
Car -1 -1 0 523.3875735866922 183.0554489322392 550.4962103516563 205.90715691483223 1.5316876 1.5619856 3.816892 -5.1953564 2.2935772 51.97779 1.5726311 9.755382442710314 
Car -1 -1 0 548.6783068573961 182.7417572785418 571.5974075378429 198.64887196206317 1.455451 1.5410777 4.212038 -4.8241906 2.4568357 70.89844 1.676347 0.4318673610687256 
Car -1 -1 0 627.1650777403698 176.41854321514901 654.5769967630752 193.12991325372099 1.6168759 1.7064507 4.231688 3.2036362 1.989038 73.05763 1.884046 0.84568453063898 

