Car -1 -1 0 755.1040025396841 206.44079426944919 921.3375032267733 322.9619272199571 1.4305481 1.6003264 4.231897 3.6302986 2.0996637 12.233558 1.6034015 89.73275440188834 
Car -1 -1 0 514.7659563109277 189.76081658076248 565.742041473859 230.80959302135872 1.4853354 1.7138314 4.2366514 -2.8041303 2.2373056 29.973091 1.5700117 65.71087416697256 
Car -1 -1 0 724.168967900887 200.72747378319494 821.0321345017255 277.2305891964967 1.5363861 1.5731385 3.3387241 3.814993 2.2722797 17.378681 1.5689713 58.96729397249956 
Car -1 -1 0 694.55500140227 195.45973865800127 758.3745810859435 248.53935204618665 1.5418328 1.5177414 3.3584661 3.8311548 2.3499975 24.09936 1.5482376 56.921701390879335 
Car -1 -1 0 389.5649036807398 192.18487251895598 515.6767908478798 294.64707530425324 1.5765119 1.5603886 3.6497989 -2.8043709 1.9905748 13.623963 1.5789717 44.1072713347277 
Car -1 -1 0 674.2079665590974 194.9522735462844 726.051889481934 239.34557966837855 1.5396024 1.5788229 3.7248702 3.541923 2.477253 28.748802 1.5653225 29.39690546505429 
Car -1 -1 0 665.1772943659201 191.37250848086626 709.0716629633798 228.81284382812868 1.5720395 1.615074 4.3174477 3.653973 2.5155892 34.5999 1.5645924 5.177694739726097 
Car -1 -1 0 209.60493893519222 162.0699384492437 481.5818451608078 375.0 1.9636111 1.6564263 4.276892 -2.5899756 1.8734983 8.195639 1.5354319 32.318035667077034 
Car -1 -1 0 640.128625772036 191.98222615558123 662.6041911637096 210.3964054705646 1.5820168 1.6150262 3.790522 3.9115114 3.4364505 67.99869 1.4925194 1.788614780445 
Car -1 -1 0 535.7546487140808 187.51087204955255 572.4711306378025 223.4718395719158 1.5996864 1.6011324 3.8193903 -2.6862545 2.3618872 35.59495 1.5483787 0.8557300422016346 

