Car -1 -1 0 418.4077120000016 191.95968786081542 548.4131261631813 269.8280322666624 1.4012687 1.5784467 3.82764 -2.9150167 1.8801057 16.036272 1.0308923 106.0419508734968 
Car -1 -1 0 944.8336459684966 164.61022877094157 1100.985978367472 241.343867581633 1.3980756 1.7217605 4.1770253 8.565218 1.2478752 15.3716345 1.7889328 89.28334921147005 
Car -1 -1 0 847.389373420103 164.30373911659106 932.0478137898774 230.82654236361742 1.4065298 1.505095 3.3354247 6.5184803 1.2257466 17.060753 1.8299316 57.040154579220335 
Car -1 -1 0 314.1233508571532 184.18653195331737 374.37807393879257 225.63504780664013 1.4878112 1.632982 4.0115223 -10.799176 1.980418 29.21859 1.0479034 34.79233904536296 
Car -1 -1 0 110.41083760338906 189.3270342099478 156.0337021087375 221.58329950914575 1.5464499 1.6922357 3.8501506 -25.568863 2.480858 38.83119 1.0820973 23.450480003533162 
Car -1 -1 0 300.287106502154 182.63867204926586 348.8331442323979 218.77290562234083 1.5485737 1.650635 4.2409873 -13.63783 2.0457046 34.40202 1.0730462 19.043153455341034 
Car -1 -1 0 1053.1956123867883 152.88972465401542 1242.0 229.6511077658091 1.5934649 1.6666366 3.9918995 13.048454 1.1790328 17.132395 1.0855833 33.63441415156602 
Car -1 -1 0 500.2010853419159 172.17469696515744 587.5308266543943 209.17099468531262 1.5977428 1.6339417 3.5867672 -2.9092746 1.5684059 32.27943 0.17620975 47.296425431525776 
Car -1 -1 0 559.7919925527716 149.5832635263707 885.8954953435118 351.51664891317836 1.946999 1.7823308 4.5432444 1.1189761 1.7226274 9.377214 1.069233 2.3085096389944044 
Car -1 -1 0 442.38539882629937 180.64697749761964 527.2721294792104 210.58978071301004 1.4961951 1.6055821 4.073608 -6.4756293 1.9140983 37.645992 0.12315966 0.8535914713421532 

