Car -1 -1 0 420.62460055273783 186.88136052916673 481.6947004059053 228.56388123121803 1.4886022 1.5321221 3.5948677 -6.252136 2.084364 28.820396 1.6075028 60.57885358827 
Car -1 -1 0 649.462023283068 175.50548254547613 697.1690190646499 212.52560252498864 1.5439818 1.6277877 3.9575162 2.7981553 1.6704149 32.393463 1.5272009 45.93353410128098 
Car -1 -1 0 102.40211303993593 201.2410773112375 183.6399034668836 234.39190272518687 1.4326451 1.621368 3.863071 -23.449192 2.9422536 36.434586 1.5647745 21.389884747422066 
Car -1 -1 0 145.8333453799583 196.9535970959445 224.61887239014902 231.5610241241627 1.4824888 1.6417685 3.9116192 -20.841805 2.7380848 35.62236 1.5531733 43.54300918520331 
Car -1 -1 0 451.6255691181244 185.90682983774965 501.88424085411793 220.1945191909206 1.4654168 1.5795654 4.0007443 -6.2607336 2.1240344 34.390297 1.5923778 17.53570988456908 
Car -1 -1 0 202.7767169422204 195.6922332139124 278.50122058922886 229.87439858790694 1.4709959 1.6951443 3.8648345 -18.106024 2.6598215 35.60826 1.5930551 5.987826681737502 
Car -1 -1 0 52.105587373432144 203.2608415500986 139.1256721924389 237.58506998325984 1.4759786 1.6859648 3.866819 -25.82822 3.0931067 36.42575 1.5533513 22.387883553390594 
Car -1 -1 0 826.1086755473561 161.96675573533108 856.0587396463426 181.2458983159727 1.4792857 1.5875338 3.6988635 18.344143 0.6439088 57.293736 1.6892109 1.4901007359459169 
Car -1 -1 0 482.61228675141865 181.1961020647158 526.3018275014397 209.9986356348964 1.5693614 1.5938976 4.003636 -6.1470094 2.0858455 42.595135 1.6811411 0.8925533372722531 

