Car -1 -1 0 727.9721698961274 189.02093750387178 921.598610145999 310.9074114038794 1.4136668 1.5796454 4.2762585 3.029478 1.710972 11.105639 1.5375175 108.85131237075312 
Car -1 -1 0 651.8666978882154 172.25346222641858 707.4798791259734 218.80834579820322 1.8255689 1.7207946 4.350969 2.8826756 1.8020197 30.509905 1.5204116 48.52464720865439 
Car -1 -1 0 363.72253231820116 177.20903753240822 486.3626860255155 224.31258926231848 1.5814766 1.613559 3.8626404 -6.390522 1.7389976 25.24083 0.026200097 18.804314714525585 
Car -1 -1 0 386.7200213148652 179.5790729007946 507.4685720997976 220.34619288100666 1.4847134 1.6066915 4.220231 -6.176629 1.7519348 27.643557 0.10835132 10.555674863763192 
Car -1 -1 0 437.0811200782731 174.5198048383822 517.8528568672267 209.34119795133634 1.6271195 1.5971847 3.6345682 -6.2993402 1.7092068 34.67782 -0.044189498 6.311449699435524 
Car -1 -1 0 516.85729333765 172.27066593402063 543.3744840143835 197.63870498837122 1.5186524 1.5814168 3.7076201 -4.9849105 1.483731 45.129383 1.4516125 0.7444193380840173 
Car -1 -1 0 353.34186504894427 174.56104357894566 493.6828909245642 226.88598631803882 1.5645704 1.5753818 3.9526072 -5.706721 1.6195135 22.425182 0.005404353 2.705187896556088 
Car -1 -1 0 639.2639727962999 177.99182068439944 676.96209309511 205.56245248180045 1.4876785 1.5501509 3.4119012 2.7430825 1.7950897 41.385445 1.4510056 0.5200023381571021 
Car -1 -1 0 0.0 153.68420214938257 268.33828846525495 317.25194644662423 1.8499095 1.7093166 3.971958 -6.6911435 1.633104 9.09164 -0.03889267 0.2603831887245178 

