Car -1 -1 0 702.1201275952784 173.59016673173147 850.1465114859936 287.9758987896128 1.6584208 1.6739776 4.0849257 2.684448 1.6733088 12.539949 1.5827513 113.15819075886003 
Car -1 -1 0 673.7344873214977 179.87513146762046 766.3612694754078 246.41495271242655 1.4777446 1.6544157 4.1769705 2.7117572 1.6790086 18.576065 1.5475314 52.22086343346845 
Car -1 -1 0 651.7982582490733 175.30225654043113 705.6560264980495 220.8651994452202 1.6186519 1.6043797 3.5703835 2.5840154 1.7185831 27.639526 1.5363665 62.852131031678425 
Car -1 -1 0 0.0 191.37629485917049 330.76280445786244 310.5412067790563 1.47829 1.5751449 3.8447976 -6.1226597 1.7592876 10.082842 0.039804954 82.39189261385778 
Car -1 -1 0 104.53530587536915 184.63054538224074 379.7179651636235 280.9049415398472 1.5394576 1.6541704 3.9809098 -6.281399 1.7613375 12.67808 -0.045261655 78.82981060259846 
Car -1 -1 0 634.878353697192 178.60592638211628 670.0230400690307 205.7314242632311 1.457438 1.5313928 3.5790823 2.4187417 1.8021353 41.395016 1.4911101 18.016074529494546 
Car -1 -1 0 368.5402555945462 183.03021558824514 487.34959981924555 228.8965647514934 1.5739868 1.6058224 3.8600717 -6.4965925 1.9538407 26.044321 0.04503081 8.079758052656242 
Car -1 -1 0 173.03780147532237 187.1598206847483 399.6840236221807 260.5019062714275 1.4368756 1.5676458 4.0889616 -6.709254 1.7555507 15.262506 -0.013036052 8.08757735407633 
Car -1 -1 0 449.83987803810066 180.19300193558055 531.4832192986187 209.27595610269344 1.4690349 1.6053042 3.9839041 -6.172396 1.861279 37.7183 0.021555327 1.3776808004168137 
Car -1 -1 0 399.40600581463445 169.9981820003642 495.63074559071214 211.1514977026532 1.728684 1.694999 3.8028307 -6.94792 1.6087224 31.20336 -0.024851121 2.4033994872704416 
Car -1 -1 0 620.6655137112549 174.04341620119519 640.0604830826102 188.59069442832975 1.4656699 1.672115 4.0212064 2.138681 1.5928392 75.08899 1.5120087 0.49832926157698787 

