Car -1 -1 0 437.4006272801695 169.81293661882142 519.2404096787237 202.0142445392065 1.4937861 1.6337395 3.7892303 -6.331141 1.3527141 34.70323 -0.23273942 41.51196640958155 
Car -1 -1 0 698.849763748504 168.8498617139139 741.2649477782395 190.34949729039536 1.4370166 1.6180027 4.0333195 7.6600246 1.1693833 50.36621 1.3654037 19.880267310412165 
Car -1 -1 0 979.0041165467111 162.62744298521946 1033.2540195334225 182.9953914269694 1.4700269 1.5175027 3.490549 29.606142 0.7319398 53.966072 1.2773317 41.41185300087251 
Car -1 -1 0 908.9518938122554 162.4336756410734 963.2779327491476 187.01864794360463 1.6888425 1.6329535 3.8077314 23.284718 0.97302747 51.590843 1.3770185 8.446076955555988 
Car -1 -1 0 775.5735112625478 166.69822740345984 825.332281284452 187.50102914390033 1.4210109 1.768318 4.2689776 13.571438 1.0005182 51.549057 1.3834733 3.6628397798930195 
Car -1 -1 0 59.04614010190608 174.29262121026582 114.54028269098703 196.64678707374875 1.4640791 1.6562761 3.681596 -35.765892 1.5666199 49.469208 1.3893057 3.148147047900039 
Car -1 -1 0 730.450540932372 166.73572755192967 774.3691408646736 187.8713775839527 1.4531555 1.6563182 3.6450584 10.164785 1.032501 51.58117 1.3150915 5.7762230258846845 
Car -1 -1 0 98.37893436749862 172.5797403859356 152.24333919305295 195.63053982522072 1.4985144 1.5838869 3.8961885 -32.782745 1.4806848 48.96109 1.3996997 1.6075525187073465 
Car -1 -1 0 605.0021051067453 164.71476263262005 659.8905478502697 188.33523319241561 1.5678027 1.5685647 3.6007543 1.5527157 1.0275626 49.669304 0.72078264 4.805774718886911 
Car -1 -1 0 294.6143561858127 149.05621816943054 329.3096069633433 189.81323184692505 2.8803167 1.843099 4.9709644 -22.058023 1.1985164 53.634724 1.2909847 1.029903290198565 

