Car -1 -1 0 642.566085922144 185.21701606366958 723.8902133446346 247.24257124511587 1.544284 1.5286424 3.2451553 1.9953693 1.9226849 20.36685 1.4226593 107.41517080061728 
Car -1 -1 0 561.0265756550539 187.9264926862175 600.1069826302353 219.87725944826335 1.5748421 1.6067107 3.415811 -1.6132004 2.4303834 39.12412 1.3748122 59.31593720480961 
Car -1 -1 0 385.4892019668861 192.4671796171757 444.3205264036354 248.45324613042257 1.5193157 1.6639376 3.5846813 -6.095565 2.193533 22.869501 1.3430943 38.90976199158458 
Car -1 -1 0 719.9475683031118 186.2488186067427 901.1730673453591 307.51543874925466 1.4905732 1.574527 3.9732354 2.9139125 1.7385869 11.337686 1.5228652 96.50973428339731 
Car -1 -1 0 601.8096852100575 182.5207100570748 666.4269171383703 231.78348795610137 1.6775633 1.5834868 3.6164932 0.8568404 2.0688438 27.26844 1.351083 61.07374817706095 
Car -1 -1 0 777.3635155578203 141.4307983783699 1242.0 375.0 1.7918345 1.7331166 4.393841 2.8867946 1.6203531 6.166003 1.532537 95.54719163925809 
Car -1 -1 0 537.958741390248 187.93767177959637 568.3002044080017 212.02903263725537 1.4994882 1.5780842 3.8553848 -3.9095833 2.5777164 49.52748 1.3594866 12.648973636289467 
Car -1 -1 0 435.3346722189553 192.2449537059772 465.60741894678023 219.0113842586237 1.4643053 1.4864783 3.4396486 -9.636741 2.6918502 43.87815 1.4462619 4.782582174037928 
Car -1 -1 0 524.2130010118486 187.17317880413972 544.4237778482956 205.6357747701351 1.5218257 1.5724207 3.9508944 -6.7799835 2.848496 64.77338 1.4073972 0.8616074886626016 

