Car -1 -1 0 388.8279590590062 184.37022891213374 505.29460414629864 262.1779111276844 1.4478704 1.6304408 4.246158 -3.2825522 1.4321376 15.512663 1.5546572 85.90888621310009 
Car -1 -1 0 173.95427991921838 197.49994795322095 448.46214553274973 353.0562238221968 1.3482518 1.629569 4.326468 -3.1879544 1.5350404 8.752561 1.5521781 98.13856770843807 
Car -1 -1 0 556.5814709738299 177.137136382866 623.3172372576965 239.7495959956866 1.5713861 1.6769708 3.282389 -0.48537573 1.3686383 19.708668 1.5383592 51.47456372960937 
Car -1 -1 0 251.76692755132984 180.39933319267402 369.44514469964497 241.11410739540116 1.4695096 1.603814 3.7821474 -7.804397 1.3529367 19.291489 1.5688108 92.75695819496933 
Car -1 -1 0 338.18187423515315 179.81083938158213 392.4634472344608 207.99628895830844 1.4098257 1.5942936 3.8138628 -12.669174 1.1394767 37.868195 1.5652994 37.24537406660841 
Car -1 -1 0 511.55854668422785 178.24944234552945 557.2156454262793 213.58284315309737 1.5076908 1.6019633 4.159235 -3.252763 1.2104378 32.764908 1.5853124 20.462885074160482 
Car -1 -1 0 447.79499748464065 172.52335780601243 485.8716064673721 198.88568561095926 1.5633373 1.6487495 3.8857183 -8.653248 0.81065685 44.582848 1.5579519 7.410769994096924 
Car -1 -1 0 386.1807339540478 177.1525770272096 450.96113684626357 214.85111012838348 1.5347776 1.6394581 3.814119 -8.106173 1.2065129 31.21311 1.6228677 7.305475882525625 
Car -1 -1 0 457.344386675996 174.68006019620816 532.6619009312304 230.69768218762692 1.607669 1.6719139 4.2277946 -3.4412324 1.3053031 22.755505 1.5840719 18.17221199056172 
Car -1 -1 0 241.59392183543872 181.78378764953362 311.52611121649863 222.7197858583946 1.4670551 1.5367069 3.1277041 -12.525385 1.344063 27.40635 1.4515564 2.817942412126908 

