Car -1 -1 0 722.1648947640797 181.13787370109597 864.5490615030153 232.69265689597378 1.5704353 1.7286642 4.119974 5.8372774 1.8478161 23.22068 -0.036837578 94.3510297784888 
Car -1 -1 0 898.7557367139066 192.27333249432374 1193.4960339159793 294.87102106652077 1.403631 1.5573782 3.6469064 6.5857544 1.7266744 11.106719 -0.06538685 118.05363064511407 
Car -1 -1 0 844.9392579065741 183.96730390012507 1084.2088361218841 272.6354655107579 1.5199406 1.5849369 3.6855352 6.4893875 1.7400165 13.435465 -0.033140548 55.00526260641013 
Car -1 -1 0 637.3779173615984 180.3547173506784 673.9104815582778 209.5881648541047 1.4026929 1.5505259 4.098192 2.3597386 1.8166171 37.75003 1.5458821 20.09464654446822 
Car -1 -1 0 152.8973205051656 181.4229875187989 412.40966600560716 274.19864393514575 1.5304757 1.5938468 3.9311266 -5.719308 1.694029 12.916312 0.029951967 93.00468058025068 
Car -1 -1 0 0.0 189.5179724799227 301.88020070708416 328.6495434715186 1.4127645 1.5712302 4.113474 -5.9326906 1.6227405 8.303612 -0.0012544289 67.5499825265285 
Car -1 -1 0 408.6912337401075 178.7570096210377 513.6440261942164 214.47607479242393 1.484765 1.6266167 4.172569 -6.368498 1.7476629 31.215569 0.051207643 27.898293185188365 
Car -1 -1 0 336.3775982229517 179.1801064027649 472.94807027418096 227.75420657405346 1.4608264 1.5804693 3.8915815 -6.3921676 1.6683965 22.801064 -0.043343853 19.991415826601507 
Car -1 -1 0 252.49426859215637 172.31610713363895 440.6636076136451 246.13109528833422 1.7346551 1.6817602 4.0734572 -6.4019957 1.7220145 17.904339 -0.053290784 51.400060349442235 
Car -1 -1 0 203.7417457504384 183.24547206066995 429.8984458217625 257.9116491634535 1.4590874 1.6000094 4.1423707 -6.0801897 1.6917919 15.254661 0.050391417 25.636088723195577 
Car -1 -1 0 5.033048492780527 188.44187880821033 330.8814821577289 295.43804539287953 1.431171 1.557497 3.8918858 -6.3785753 1.679784 10.697611 0.01626329 22.241965351358015 
Car -1 -1 0 428.16562427229775 171.66525645372198 509.0499972131175 203.5510707707961 1.6645736 1.6080996 3.959475 -7.516449 1.6025159 38.65348 0.09392446 2.6311075421853545 
Car -1 -1 0 621.7176981069395 174.7902471205158 640.4606419066203 192.28359135039162 1.5248253 1.5962754 4.0997543 1.9788785 1.7060628 65.44711 1.6258883 1.3017202412253404 
Car -1 -1 0 559.1499292330951 177.3478505043346 582.9375261683668 195.18054003271405 1.4520767 1.6029029 3.8097286 -3.326554 1.8493907 61.780464 1.4012423 1.0701566734954298 
Car -1 -1 0 293.15243826107144 179.02951570078642 455.6398119693406 234.27121966457452 1.4814007 1.5871072 4.0810533 -6.54821 1.663094 20.383516 -0.025470387 1.4518912454604977 

