Car -1 -1 0 735.3080035136082 182.78642230897555 964.4419050727176 322.87484945063954 1.4232554 1.6402504 4.3101115 2.9231658 1.5879357 9.800229 1.5610825 98.04607171453945 
Car -1 -1 0 341.4077031271017 179.7959535883304 493.8377272983385 232.54804097102829 1.4848504 1.6543146 4.088527 -5.677676 1.70239 21.594017 0.09471163 51.712206950999686 
Car -1 -1 0 106.96941425641198 182.56119492739322 369.9285300821503 281.3466502802401 1.5367788 1.5949987 3.6998272 -6.2142987 1.7148753 12.321425 0.065309614 97.59002859475314 
Car -1 -1 0 680.4452208301127 172.95602717789927 738.7425266080559 220.77032509283615 1.5285094 1.6139171 3.706945 3.3834968 1.5323031 24.952053 1.6025975 46.154807271441484 
Car -1 -1 0 393.3491992909682 176.2592674525119 507.72025614537233 214.11507101839396 1.4379584 1.6107701 4.1771574 -6.198283 1.5762823 28.436981 -0.032256912 33.747682276667 
Car -1 -1 0 0.0 193.6775009426944 311.6554595166848 314.8082454993241 1.4185607 1.5587957 3.9751108 -6.3055544 1.72556 9.704203 0.07876642 42.3048830656385 
Car -1 -1 0 487.78868864849005 176.09594327115673 525.3340956126984 208.38255636794648 1.4672589 1.5530008 3.2814827 -4.9263115 1.6312909 34.81845 1.503718 9.158438972213442 
Car -1 -1 0 471.8552409381444 174.30198566768107 545.7018078147289 204.0712434757815 1.5538182 1.637105 3.7139964 -5.3454237 1.6328735 38.56752 0.004121725 2.144249121942455 
Car -1 -1 0 672.3127516150879 170.45071297667678 720.9820172334738 210.46302660058686 1.5593998 1.5814558 3.551558 3.5487633 1.4657364 29.897806 1.5688462 4.6428309787786395 
Car -1 -1 0 663.6185029725137 175.92285041912888 691.8608851846489 201.59565342400566 1.4634578 1.5217443 3.4971986 4.1336703 1.6559116 43.40978 1.7141254 0.988469065403063 
Car -1 -1 0 528.8435598515102 172.42293035660109 558.7445025918084 197.34763793200298 1.6380962 1.668288 4.030308 -4.5546227 1.6097653 49.55559 1.3843653 0.5905004030922455 
Car -1 -1 0 547.1624775381581 176.32921905184307 578.1533978006826 197.95036483469633 1.4739649 1.6355759 3.7023425 -3.4029207 1.7331152 51.817024 1.3410522 0.2633762298422778 

