Car -1 -1 0 696.1228258422777 184.97238252017019 790.1557738131728 257.7638483101344 1.4298956 1.5466487 3.418521 2.935933 1.7352428 16.463085 1.5816138 84.272442888871 
Car -1 -1 0 758.3041902380628 176.03822123945514 902.6834052810159 234.02412793958644 1.6489642 1.6485993 3.854592 6.511387 1.7483916 21.576694 0.06801792 76.12714897532528 
Car -1 -1 0 87.19823671697864 189.4079036118279 382.3211336405407 285.7553280653393 1.4375172 1.5872202 4.041173 -6.0124626 1.728889 11.87459 0.015824737 111.61688318983353 
Car -1 -1 0 688.0727868722629 181.69309604724788 778.4695516459428 212.6032222921855 1.4232748 1.5708064 4.020105 5.948307 1.8634188 34.877167 -0.13666204 17.71663836689127 
Car -1 -1 0 193.82667734302078 182.63002143031747 430.97723288264194 266.23376232979933 1.5086409 1.5822234 3.9858327 -5.686428 1.7113342 14.091755 0.039102927 77.9675247934333 
Car -1 -1 0 637.0265004517058 179.0262305952386 664.6832629939416 201.95670750626272 1.5011353 1.6371661 4.0967174 2.845799 1.9499394 50.40499 1.5556519 9.519452077683004 
Car -1 -1 0 286.4602599985686 179.74608586955796 466.25255044761997 241.83774550884078 1.5284529 1.6215134 4.1937747 -6.0477595 1.7188851 18.957619 0.08155482 36.70420157609683 
Car -1 -1 0 246.68187235462293 177.63601971324033 435.8730682293865 253.55871487623008 1.630767 1.5731006 3.778872 -6.101477 1.7474226 16.612215 0.11012698 25.314297225463402 
Car -1 -1 0 301.7191027103152 180.10256507351014 452.7703623661966 235.57114789121195 1.5567344 1.6407753 3.9765344 -6.796519 1.7810094 21.407343 -0.04935672 11.375002776242875 
Car -1 -1 0 0.0 185.9777710756851 250.71192611769183 314.9436388233996 1.4739903 1.5766864 3.8344784 -6.8838553 1.655658 9.19775 -0.000990776 25.03726741616879 
Car -1 -1 0 342.31995741368627 181.48726725640444 484.26646927884235 228.2412336146301 1.4669311 1.6209574 4.231183 -6.3813243 1.7608538 23.751963 0.0012192077 9.055684239156996 
Car -1 -1 0 372.31580938668986 177.12553979482882 493.87423016094596 221.83429128466204 1.5633168 1.6861207 4.0020885 -6.436602 1.7267423 26.5212 0.124083705 2.515430464389731 
Car -1 -1 0 415.3723386692133 166.82687707585788 513.614153821451 206.9144693879709 1.8016913 1.6265205 4.241318 -6.638302 1.5308089 33.319637 -0.036901444 1.0317199875277439 
Car -1 -1 0 410.23473462084735 177.48237283669755 507.90878550568283 215.10936937425038 1.5464139 1.6138282 3.7868962 -6.3867607 1.7503057 30.836613 0.076362535 1.3642095691704401 
Car -1 -1 0 691.0410018281812 176.2349942551571 772.8044053897415 210.24378544961604 1.6776946 1.6380177 3.8109283 6.209471 1.8550016 36.818214 -0.10870724 1.4450386835334 

