Car -1 -1 0 0.0 203.0504344657128 256.13957260635976 375.0 1.4715378 1.603081 4.129697 -6.066092 1.9208399 8.667451 1.5754209 121.88375705194197 
Car -1 -1 0 273.1888221390672 179.13443131903702 411.43273706308236 262.54984124458656 1.6629728 1.7372353 4.2984724 -6.045026 1.828815 16.882275 1.5451679 96.15759857831821 
Car -1 -1 0 789.1146226522379 178.42141925381935 1230.439050423941 375.0 1.5333314 1.6786162 3.9136834 3.0037732 1.598635 6.475788 1.5324732 117.21044947046192 
Car -1 -1 0 531.0197070675993 179.47886273011008 570.2630840487169 205.23470897464537 1.4413831 1.7205124 4.396597 -3.5181417 1.8641869 43.79435 1.6431875 25.75458298408287 
Car -1 -1 0 370.46257747336466 183.95199355039253 459.390917585647 237.22629066613015 1.5074363 1.6044737 4.1187105 -6.182971 1.899298 23.382927 1.6167414 19.34801887042181 
Car -1 -1 0 994.3833962368858 153.52634686156577 1153.112738976575 201.978648383595 1.4800596 1.6261188 4.271062 15.0945 0.8896628 23.75632 0.4855323 33.62224736351049 
Car -1 -1 0 504.1379515309465 181.05417276238063 531.476717168808 203.7027056130848 1.4339762 1.5760424 3.8392038 -6.201877 2.0138566 49.06363 1.5152392 5.96267006805507 
Car -1 -1 0 634.6721063031055 175.28231846233697 655.7617858783631 195.12062116913228 1.4659336 1.5721409 3.889723 2.7754626 1.66039 55.79195 1.6299137 7.080784106030364 
Car -1 -1 0 449.8614845611495 183.99086985738336 496.8669051020882 217.40998188330065 1.4441587 1.5083567 3.5260189 -6.3866262 1.9984553 34.137398 1.5863048 12.272092612892594 
Car -1 -1 0 697.8935482301615 169.2451414702088 763.3126046467277 193.2325287272014 1.5904732 1.6748196 4.102622 8.146608 1.3511891 48.76438 -0.042168204 0.4251582622528076 

