Car -1 -1 0 324.67657561102664 192.35057702001694 463.1316108357061 284.3441217060546 1.4409108 1.5631231 3.5436099 -3.9662032 1.8628743 13.836145 1.5814923 109.98304607592311 
Car -1 -1 0 649.1425451073956 179.64994596268772 698.2631606443821 219.60196912341482 1.4356775 1.5419585 3.4987679 2.4564323 1.7188127 28.295115 1.5488657 62.2488907913285 
Car -1 -1 0 437.3243680517805 183.12827524032454 490.541593064522 223.6605684722852 1.6703303 1.6406467 4.109477 -6.553113 2.1674418 32.846123 1.5582814 29.412726660627552 
Car -1 -1 0 737.4565456913363 166.67760346980705 847.3405460702696 206.08336682996776 1.628961 1.6678321 4.239151 7.7375607 1.3736401 30.756165 -0.045344565 34.89608987148032 
Car -1 -1 0 796.0824373446659 168.42285560442778 960.1375583004833 222.80580140595097 1.5489392 1.7014725 4.2712884 7.9420214 1.4227309 21.551315 -0.071157716 56.366615589388665 
Car -1 -1 0 989.7042291402767 153.79788599442927 1081.284372581439 185.04011478152177 1.5735519 1.6619294 3.7635715 21.927975 0.6137679 37.229286 -0.030618422 13.479220663285833 
Car -1 -1 0 775.2755956239962 162.111756439463 911.3501494754003 213.32791911789874 1.68201 1.675981 4.0936255 7.918675 1.3292197 24.651814 -0.058140706 25.172230527772367 
Car -1 -1 0 339.22877627250534 193.0153182029075 429.96705971706194 248.02519753404817 1.3991494 1.5500689 3.7986693 -6.6299314 2.0572002 21.64835 1.5671844 5.484227924439498 
Car -1 -1 0 475.7483503061722 183.44257704296197 521.2426078267462 210.58556183598742 1.5110552 1.5892694 4.2593284 -6.7281456 2.1910791 44.119373 1.7104287 1.4139509567971922 
Car -1 -1 0 0.0 193.85157342376817 185.09577401112526 263.1664360265058 1.6045496 1.5497072 3.6243122 -12.846792 2.1514363 17.9906 0.015040483 0.6518743592736035 
Car -1 -1 0 1029.5045685347668 152.42019242164395 1136.5932844633392 185.6264565031157 1.5191901 1.6797655 4.0536027 22.279133 0.58434105 34.02504 -0.08792387 1.031977044918915 
Car -1 -1 0 957.1378579231477 156.65058475089447 1041.6467602474515 183.98993186289567 1.5034893 1.6486578 3.8518946 21.842062 0.6124048 40.518085 0.0071744313 0.2827364206314087 

