Car -1 -1 0 640.6036322083309 173.45411402584676 817.5614737956096 237.2385722987668 1.4674275 1.6642481 3.9840143 2.9036984 1.4832728 17.837023 -0.20176987 133.12279629505375 
Car -1 -1 0 596.1009236486524 171.53758034141558 697.5529674254622 211.65192869192515 1.5214772 1.6282752 3.723155 1.4413853 1.4715472 28.517292 -0.18963197 52.961520072201225 
Car -1 -1 0 0.0 192.79835596963764 234.4963284073474 298.0383116910189 1.5113058 1.6128441 3.7619615 -8.480335 1.8709514 11.897446 -0.17036328 48.366436055006254 
Car -1 -1 0 108.26553392802808 180.61070878978208 314.5955939917109 253.0158491813945 1.6311543 1.6806126 4.1100354 -9.596729 1.8342462 17.700956 -0.17799523 85.3344709142221 
Car -1 -1 0 272.6295215816399 178.36812827581892 387.11180820584593 219.0896943355329 1.5055529 1.6126376 3.91038 -10.802179 1.7288022 28.095917 -0.16518539 36.34179248733686 
Car -1 -1 0 162.5136160132396 184.29507924155672 338.91316074853955 242.8364956943314 1.5073524 1.6319233 4.1147738 -9.887375 1.8450558 20.16023 -0.1620557 18.487762884719746 
Car -1 -1 0 582.193003527966 172.49871079643341 670.963704785984 208.8032315200837 1.4927609 1.6026287 3.5521944 0.6930406 1.478152 30.733387 -0.15467133 7.977591986335307 
Car -1 -1 0 210.25378748046379 183.00662833548225 357.059408927206 231.0142310650201 1.4575604 1.5688121 3.9903042 -10.344613 1.7937148 23.071533 0.017221717 6.181538783288128 
Car -1 -1 0 400.8498338476019 173.46544623727948 431.5767145692684 192.21513868721476 1.6370933 1.63683 3.4352784 -17.438976 1.6937718 65.00317 0.9745035 2.6180722486272825 

