Car -1 -1 0 330.1996739871468 177.67735824553043 473.1870487900844 280.168996826428 1.60101 1.5936913 3.2953677 -3.5201645 1.4832544 12.88441 1.5803785 108.17447891244842 
Car -1 -1 0 696.6342475305164 185.762140029401 801.1822437574317 257.54152899209055 1.3742148 1.529785 3.4062781 2.9337559 1.3873054 15.504797 1.5534028 81.96560061384554 
Car -1 -1 0 74.89956790706961 185.43115201792145 272.59121853854316 275.8403876904614 1.4531378 1.573117 3.5552216 -7.805376 1.4576766 13.353266 1.5539123 102.71512747882929 
Car -1 -1 0 432.3362642392442 179.553286041266 512.5718691379114 235.66861002878403 1.463787 1.5936574 4.0610723 -3.7829247 1.316081 20.789322 1.5616711 62.440375051397574 
Car -1 -1 0 309.5033206119113 181.08850003274677 396.2147352307237 229.0224380143102 1.4413238 1.5774496 3.6353428 -8.18368 1.3172232 23.441975 1.5591674 23.51377604585395 
Car -1 -1 0 641.7184679714587 176.75691248017824 683.1907844304671 207.63486688381008 1.4734094 1.6171024 4.033829 2.7374735 1.0697799 36.35231 1.5268116 36.65750950507091 
Car -1 -1 0 483.6914076753891 176.99915513604037 530.2558971499027 212.45108036767002 1.4856509 1.5611836 3.6081975 -4.393038 1.1413279 31.929459 1.5719875 40.4125000801597 
Car -1 -1 0 586.5588329364641 175.9390093630543 611.909781471044 198.548481465937 1.4902802 1.666431 4.068794 -0.58278084 0.8788167 49.441193 1.5407163 9.801071050086827 
Car -1 -1 0 516.0119505339923 177.67702285988415 545.3364027951309 202.85825203812067 1.47703 1.5564785 3.6817856 -4.7297473 1.0348415 44.11133 1.4005914 3.8113103752291617 
Car -1 -1 0 571.2935964542722 175.92039890072027 599.4617974454864 195.78518857995397 1.5060622 1.58974 3.7776945 -1.6796356 0.8013329 56.482605 1.7122824 0.32248005270957947 
Car -1 -1 0 537.3790916205228 173.5855100531031 560.1986020128294 194.24922318622885 1.4842393 1.6076516 3.9912262 -4.393278 0.6488627 53.70254 1.466696 0.2633104622364044 

