Car -1 -1 0 744.0276462940742 190.54371535798313 942.9354797690822 331.3256858496434 1.4500499 1.561776 3.4453034 2.8730764 1.7278073 9.598103 1.581905 84.8514024009499 
Car -1 -1 0 703.7844071922505 184.29752760635793 817.1288117624146 222.9504629498077 1.4131635 1.578553 4.0101113 5.8072762 1.8728677 27.980074 -0.11031566 31.270227150154437 
Car -1 -1 0 637.255310904313 179.29061123686682 669.1965749696716 206.41542100940583 1.5227282 1.6319486 4.1711197 2.5923123 1.930303 43.594193 1.5596036 21.011071921234713 
Car -1 -1 0 725.143556186402 186.1397379937491 854.1860428871676 229.78462381792227 1.4280396 1.5989541 4.0647745 6.2157397 1.9082704 25.133171 -0.07412 25.813915671560228 
Car -1 -1 0 88.16324709338278 183.53932876395262 384.8426551076814 284.8922954524565 1.5411811 1.6235615 4.1503563 -6.0910187 1.7332585 12.066292 0.04481569 98.54597891080512 
Car -1 -1 0 286.72605935029407 181.1645181467926 450.4431582601419 241.7605628516294 1.5389488 1.6372632 3.8704102 -6.4423785 1.7746838 19.525105 0.064651795 23.044855319026535 
Car -1 -1 0 233.35312111159874 184.51685022218842 432.4865039896343 252.05766081716715 1.4834839 1.6135736 4.0702167 -6.4084897 1.771826 16.98992 0.020708308 31.773642348037885 
Car -1 -1 0 341.32898000165017 177.85842580410358 474.32114592128136 229.77909956179286 1.6360811 1.6650743 4.0139914 -6.6004896 1.8091285 23.940536 -0.08994457 39.790690111494065 
Car -1 -1 0 813.1288126732993 174.6286062014026 1044.8418199343785 261.0043456561103 1.6453114 1.6307911 4.010141 6.369547 1.6838788 14.732121 0.06764209 48.861564850149406 
Car -1 -1 0 0.0 182.3099277143706 318.9860190482791 315.9237607335418 1.5893965 1.5799804 3.7777784 -6.082336 1.7276428 9.630941 0.06881013 60.811682744776725 
Car -1 -1 0 160.9780182816333 183.88706284529985 381.84155080837127 264.04426034148935 1.5154905 1.5979005 3.7392807 -6.7492394 1.7519205 14.6619835 0.0005681974 25.58927932695381 
Car -1 -1 0 705.5582653978605 175.49550611659564 806.7835934081761 218.72167693306756 1.740969 1.6674688 3.8350203 6.082727 1.8550286 30.168541 -0.08165363 9.433166982012247 
Car -1 -1 0 455.2244561573828 178.0344592983701 532.9574115207281 209.7876196361547 1.6142753 1.6488281 3.7871995 -6.013688 1.8922182 37.839302 0.025695367 5.246715002697269 
Car -1 -1 0 758.0912450525893 181.69468541840297 911.7564105210506 239.0097733916734 1.5084729 1.5997263 3.770746 6.1941204 1.7649273 20.090061 -0.021719137 3.160703074858205 
Car -1 -1 0 366.7865088888649 175.09421688538316 487.7733307902102 221.9060045398688 1.6571774 1.6061248 4.0686946 -6.6241817 1.7422602 26.515936 -0.04206388 1.5200962515815188 
Car -1 -1 0 465.4407802632677 181.74291340318499 539.3699699679565 209.51224011446288 1.5021994 1.6144049 3.885507 -5.959902 2.0101953 40.400887 0.014124349 1.3054637657403168 
Car -1 -1 0 788.0105923169363 179.6258880556453 972.7174679204874 248.13261317773518 1.5447164 1.5825965 3.8168173 6.363376 1.7139091 17.227486 0.0044815326 1.2185353282835527 

