Car -1 -1 0 711.7759976046436 180.57309357608912 887.0766414293726 291.7884001391628 1.4239023 1.6369588 4.257187 2.817439 1.5718231 11.68129 1.5495114 107.19177376696356 
Car -1 -1 0 670.4532438888882 172.5751624310109 723.530630240837 216.65598599463917 1.5251291 1.6161005 3.6249542 3.1796153 1.5154816 26.795742 1.5951811 28.739792796550038 
Car -1 -1 0 0.0 195.25348183692796 319.7041748404249 329.2381350452394 1.4325533 1.5777723 4.0272827 -5.911703 1.7379593 8.928276 0.060676128 87.45545698806234 
Car -1 -1 0 396.23749632728055 175.4530572002565 507.65865336176483 211.0416800209051 1.4449903 1.622116 4.343654 -6.550023 1.5572428 30.293194 -0.027208755 21.118161101957746 
Car -1 -1 0 41.87542458327222 192.38707318279594 344.72972348097966 292.66742762257735 1.424737 1.5463499 3.9553914 -6.4651175 1.7582319 11.453725 0.047052372 29.117926004808158 
Car -1 -1 0 361.36403179587427 178.86149169851413 496.22315179491466 227.35402821205872 1.4838407 1.6127669 3.9547148 -5.855792 1.6894436 23.530567 0.18907332 27.96397682942229 
Car -1 -1 0 166.32299485668506 182.7964559627876 392.97393227765497 266.85442673372563 1.5144567 1.5933775 3.7579706 -6.389735 1.7232373 14.1894455 0.08983666 81.28308849901023 
Car -1 -1 0 663.9557498959052 172.57663849214555 707.1992129683232 210.832598674427 1.5940602 1.5852906 3.6152802 3.3047585 1.5825028 31.885284 1.5867386 18.502562132586657 
Car -1 -1 0 499.49812774158187 176.47553001647557 533.9584301327068 206.89918258535928 1.4997405 1.6254413 3.9755943 -4.85343 1.7012693 38.103832 1.4884338 3.5790491966978335 
Car -1 -1 0 441.9333494824521 174.11238168247985 522.5590074967026 207.18181319921985 1.5976886 1.6389017 3.6779716 -6.27798 1.6617053 35.816906 0.038402405 3.8440724183298554 

