Car -1 -1 0 411.1768924684178 186.22290091294892 523.5998173709082 269.94624252886797 1.4721153 1.6306193 3.7601376 -2.8424304 1.7880559 15.169813 1.5685005 94.8842275817364 
Car -1 -1 0 669.3646620172718 180.90414176933265 745.4894616130676 239.724481314055 1.4707577 1.5703933 4.211353 2.7018423 1.7256877 20.734903 1.559257 71.79364123043769 
Car -1 -1 0 525.6036434302878 182.37165549494975 570.8009715389472 217.55016862047302 1.4813367 1.5933378 4.101141 -2.7933614 1.9518943 33.591476 1.6121006 39.89965094193869 
Car -1 -1 0 641.2626220145596 173.34122998771807 683.1050613680866 212.73980769791737 1.8472588 1.5959401 3.831934 2.559463 1.872779 35.835926 1.5154316 15.800209434831418 
Car -1 -1 0 646.6409497320215 180.64986720319695 694.080339891077 217.83144425916174 1.4679486 1.5140684 3.7433949 2.5696878 1.8257991 31.205166 1.5083289 20.457126822377667 
Car -1 -1 0 458.5500607569614 184.26800313296718 535.5314921671471 242.87356104338056 1.47552 1.6025628 3.8585088 -3.1492505 1.8359891 20.853308 1.5765113 17.90128361381171 
Car -1 -1 0 548.1087389065382 181.03156630301825 578.3292976295212 207.16019945315165 1.4826108 1.6083996 4.2349014 -2.8065898 2.0097675 44.391533 1.5656931 7.402236037414028 
Car -1 -1 0 630.3573134838683 177.2622167101864 652.0579437126382 199.365440322911 1.5793035 1.535551 3.5599327 2.3444111 1.920569 54.06441 1.5895187 2.434933753641128 
Car -1 -1 0 660.1560655562621 181.50744259130514 716.5912063307128 226.8264949356647 1.4682153 1.5503706 3.826592 2.770079 1.8036251 26.039494 1.5520173 0.8373653072547038 

