Car -1 -1 0 669.0515224258294 191.9815239603362 828.9522926447061 305.61185725712346 1.4675201 1.5718148 3.9642808 2.1192386 1.8413608 12.054991 1.4767036 101.40387023367762 
Car -1 -1 0 742.253352330074 198.12384710882802 1119.4519818053266 375.0 1.4998469 1.6535774 4.1311007 2.7560194 1.8320329 7.3424306 1.4628897 121.88221867741571 
Car -1 -1 0 263.1647298593082 199.54691122118842 393.45960715701824 301.35753090797454 1.5342262 1.566579 3.5152633 -5.172595 2.1096416 13.699785 1.4220505 80.7945187748829 
Car -1 -1 0 601.4038268007192 183.2442323357327 702.5098176302115 262.7091501752326 1.6255307 1.6260736 3.7294312 0.8940083 1.9023229 17.248596 1.4058132 93.48981959733744 
Car -1 -1 0 567.2039224904823 188.17622744940425 613.8772949746588 228.10602413965796 1.4360654 1.5537827 4.1424685 -0.8476594 2.1133547 29.74627 1.4535191 25.95708542967524 
Car -1 -1 0 446.9685751513323 187.77866524462564 478.25473333519113 213.14520679859 1.4772818 1.5912669 3.940677 -9.4183445 2.4805593 46.46291 1.4691932 9.739827525038931 
Car -1 -1 0 386.3009412640289 182.50161133805472 448.79382380375415 243.18185299857169 1.8509543 1.6525642 4.018104 -6.506058 2.2106721 24.79186 1.4184407 63.28519668915353 
Car -1 -1 0 567.7859562701587 187.763174710122 601.8300004933164 221.29315183080388 1.4647756 1.527644 3.6298013 -1.2435027 2.2273264 35.040894 1.5018911 0.6984181085560024 
Car -1 -1 0 543.26912827271 184.09195443205093 577.2708807961247 211.42615051536032 1.6058073 1.592545 3.8641498 -3.1923304 2.3565714 46.142807 1.347765 0.883605088724683 

