Car -1 -1 0 730.9461134823677 182.68842224817217 977.0112324863071 339.6126199623243 1.4824563 1.6689403 4.4073625 2.7744093 1.639255 9.2984495 1.5684218 126.69527109184116 
Car -1 -1 0 738.2353536335759 178.6315187980845 851.241723157843 219.8422143899189 1.4255099 1.5661591 3.6553783 6.64639 1.6416618 26.101748 -0.060892515 27.702228992762528 
Car -1 -1 0 31.868882907844995 176.85186494453708 381.41285860138584 288.3600627503609 1.4823526 1.6316419 4.1915936 -5.6925583 1.5463351 10.603596 -0.061957896 107.93500862946765 
Car -1 -1 0 824.8277568983858 179.30886392389516 1048.7897213260821 258.7009926464611 1.4371624 1.591502 3.7131898 6.297316 1.5734243 14.228081 0.11501722 57.96613727677402 
Car -1 -1 0 300.77672528780926 174.35889562708184 462.9978365906028 228.02441493750263 1.4700351 1.6340971 4.185541 -6.4471283 1.515348 20.772015 -0.06623478 31.94855627787768 
Car -1 -1 0 723.6153639248429 176.1928358516127 821.6529493275383 216.90117725054427 1.5402279 1.564589 3.4649534 6.341181 1.6749457 28.275248 -0.032352224 19.596929131658303 
Car -1 -1 0 683.016586613683 175.7095507233405 761.9584466084092 204.9285531425138 1.4990814 1.7149856 3.85817 5.9289427 1.6538093 38.150032 -0.046651825 22.575404072867418 
Car -1 -1 0 350.5320244235947 174.73705640792184 493.04491910243917 221.07452739234344 1.43135 1.6087468 4.190045 -5.9597855 1.4942636 23.233006 -0.033408888 26.08717794824369 
Car -1 -1 0 405.2003236465535 172.54189949139666 517.4478988864138 214.27924352961952 1.5625749 1.6145066 3.9871082 -5.6643863 1.5508902 27.861464 0.020689834 36.83381637519464 
Car -1 -1 0 480.7840945430537 173.12841197747645 549.6103178504851 198.06028202970484 1.5667303 1.6671779 4.127825 -6.031168 1.5847403 46.35992 0.08018419 9.000458817321753 
Car -1 -1 0 766.158863686703 179.38293311513235 939.3826726809358 241.03228699546506 1.5019072 1.6090231 3.9340038 6.1710095 1.6780262 18.611162 0.024491275 16.26234711798691 
Car -1 -1 0 633.4001598932535 175.417498783327 658.3428532771496 196.50384778010476 1.4666703 1.6073589 3.9910984 2.61627 1.6608993 52.670822 1.5675839 7.307434983347162 
Car -1 -1 0 420.2110541483411 175.6979949357974 520.5331216604734 211.9098956230877 1.4738361 1.5775467 3.8736794 -5.8448873 1.5979812 30.509132 0.104901776 1.9880404694511862 
Car -1 -1 0 423.30525447853057 169.91813691173795 514.3764887787488 206.9611266457625 1.6292992 1.6379004 3.9195716 -6.3222446 1.500168 32.743446 -0.09829567 1.0421955000217735 

