Car -1 -1 0 419.69985572497876 183.16160919178566 508.9139296602592 240.78981825353367 1.5177938 1.6802685 3.960896 -4.2605815 1.8575509 21.755993 1.6306814 73.25580440002291 
Car -1 -1 0 780.8608989626892 179.55102601636864 964.0082902842314 296.19461641763394 1.5629206 1.5981169 3.4780054 4.020758 1.6872551 11.633097 1.5400827 96.89294580172881 
Car -1 -1 0 737.6355227281405 180.15523633127827 842.4667811028636 255.01345439034773 1.5025113 1.6466551 3.8980944 4.07234 1.6931877 16.85664 1.619458 59.73104403960399 
Car -1 -1 0 715.4475933538372 177.83399629217698 784.1583840990155 231.586308116501 1.495636 1.5802319 3.7442887 4.2513905 1.6630168 22.34092 1.6224425 36.429698883780446 
Car -1 -1 0 472.94418632086035 182.11429936264383 534.6074682140832 224.72485596860693 1.4517936 1.5846715 4.0361395 -3.9514475 1.831454 27.529083 1.6177821 31.33363906843995 
Car -1 -1 0 550.2523985166202 177.46870578196337 582.2191556933634 201.93612982060512 1.5678288 1.6154852 3.6973782 -2.895427 1.8926606 48.87354 1.6641994 12.312713824585364 
Car -1 -1 0 502.28151168744813 181.6265913978935 549.2839345486202 216.6076629181879 1.4441969 1.5515716 3.8644705 -3.7382865 1.8659563 32.73033 1.6069459 15.705915547287002 
Car -1 -1 0 692.7951443921173 178.25480085824984 752.182161358287 221.24309608422422 1.5017452 1.576017 3.7633917 4.2416577 1.7225126 27.589417 1.5404384 25.889135654396394 
Car -1 -1 0 684.3953642813926 177.64310646155153 723.0064943820917 207.6789251629034 1.4990194 1.5605887 3.3931444 4.9470816 1.7643096 38.262005 1.5568826 2.224315407472065 

