Car -1 -1 0 798.5725318808516 179.27860126219397 1093.3476213402628 375.0 1.5020723 1.576628 3.345554 2.9753497 1.5810565 7.139989 1.651083 97.14766120973971 
Car -1 -1 0 97.5302656098841 200.83571079628803 326.8931683816421 326.5994105440409 1.5360587 1.606133 3.7780957 -6.0588408 2.0573466 11.548613 1.5654123 91.51908268761954 
Car -1 -1 0 451.41592620962103 186.27226403028618 500.4668629797915 220.78859400976086 1.4850847 1.5701345 3.5921698 -6.2871923 2.156322 34.276234 1.5997959 36.65470133446996 
Car -1 -1 0 645.7779587164576 174.9965507161913 683.5360001967243 207.90061814743214 1.6260066 1.636471 3.8295867 2.8391528 1.7440662 37.832626 1.5570133 28.61129987715031 
Car -1 -1 0 211.0916900235271 196.2728669046484 274.17595942799386 226.1452305612796 1.4947557 1.6189287 3.8887458 -20.815403 2.8918524 41.0995 1.5697724 12.089801950875056 
Car -1 -1 0 474.10855950591844 185.4425157603915 515.9930742107357 215.34058437053346 1.500741 1.6016961 3.8102093 -6.2566786 2.2282012 39.768433 1.5997834 12.598840972368265 
Car -1 -1 0 260.13598457220917 193.44534374549448 324.03248569310693 222.7657524587347 1.4679192 1.6886172 4.25166 -18.074627 2.707589 41.290348 1.5988946 6.317040984496869 
Car -1 -1 0 168.20180371457272 198.40610851336302 231.1508268086846 227.80522767795821 1.4758645 1.7033201 4.030698 -23.739004 3.0355163 41.949585 1.4686275 7.024652382520529 
Car -1 -1 0 530.4212002375156 181.8873737855829 554.0980230419808 199.81906974240795 1.498686 1.5775076 3.9634378 -6.0484686 2.3331108 64.53969 1.3395373 1.6587557778303479 
Car -1 -1 0 806.163190362321 163.3311194365654 834.0335404182545 181.47101766443802 1.5304652 1.6119146 3.727646 18.287235 0.7270184 62.799423 1.6522284 1.6813087352943732 
Car -1 -1 0 498.5764666085638 180.45625851800182 534.5750437558789 206.76534546369302 1.6377268 1.6111667 4.1736784 -6.171916 2.1689792 48.285732 1.6376176 0.6773545295110743 

