Car -1 -1 0 698.3430720462271 178.7305991432888 821.4162717981676 264.4676698428433 1.5401404 1.6774677 4.004698 3.0105731 1.6809139 15.261533 1.5455723 116.05032598093626 
Car -1 -1 0 115.12918098142397 198.75036955094842 327.0811782810575 312.29728071067217 1.4524975 1.5361401 3.443987 -6.0840473 1.937242 11.765149 1.5963418 96.48987375512854 
Car -1 -1 0 283.7146544589212 193.05054958055294 416.4932354943878 267.1158094530437 1.4540486 1.6187731 4.0299816 -6.0458384 1.9960529 17.321274 1.6060408 95.74361874757963 
Car -1 -1 0 400.648064896859 178.5255821004702 477.7879598725304 232.51801571006695 1.7243071 1.722261 4.297407 -5.9393797 1.9427814 25.644514 1.5720482 61.91643577493652 
Car -1 -1 0 522.1656696716981 180.43422424207796 550.3168718800723 199.5147868781959 1.4354501 1.6620955 3.8451266 -5.837772 2.0634394 57.810265 1.6268368 6.208183676053246 
Car -1 -1 0 558.5811229880138 180.79630670194925 585.9074401505789 199.95584344453889 1.4518228 1.6624154 3.8772674 -2.982426 2.1161838 58.347534 1.664572 4.3995895001563925 
Car -1 -1 0 444.48616024367476 182.53361664773902 500.0302764360813 219.97329327857614 1.5130541 1.607089 4.1561565 -6.074842 1.9750388 32.340515 1.5947721 5.556178007163736 
Car -1 -1 0 635.4648458462376 176.6931808835219 655.0017479367057 193.98661937298155 1.4732971 1.6857425 3.9876041 3.1562145 1.8266714 64.39102 1.606205 2.4191275519392432 
Car -1 -1 0 682.12885991742 174.22132947710085 705.2997360409801 193.35109338274916 1.5037228 1.6897191 3.8670073 6.8478603 1.6192642 58.98625 1.6367443 0.5548339177739331 
Car -1 -1 0 727.5605976990743 174.29896724372534 750.3803353566973 193.12820629502895 1.462835 1.6062418 3.7801487 10.430943 1.5836039 58.332184 1.69211 0.2682812213897705 
Car -1 -1 0 1074.9484577492055 150.99635155383723 1153.417955000484 172.96249478511362 1.4680421 1.628036 4.136808 34.33708 0.0072506666 49.170734 0.06611755 0.2564665377140045 

