Car -1 -1 0 1056.9096319820146 151.97802741738784 1242.0 265.28396678980914 1.6013901 1.6260481 4.054412 9.185114 1.3063431 12.375904 1.8781365 139.30809114491342 
Car -1 -1 0 1016.6160925650935 159.49837134168146 1127.3217115548348 231.96410105274643 1.5890912 1.6328745 4.0602674 11.374513 1.2962173 18.01056 1.9625642 68.30985671452343 
Car -1 -1 0 60.60259706249083 215.95005918118497 375.26437502412955 375.0 1.4766663 1.5825703 3.5353796 -4.7574015 2.087288 8.743291 0.44893834 131.76395082750412 
Car -1 -1 0 778.1687736898106 171.7914109831647 869.5439540666721 255.357035182308 1.5536516 1.6652455 4.2101383 4.7606096 1.5338959 15.6774 1.9151822 72.48852000797218 
Car -1 -1 0 984.4705013190659 152.78346556078944 1048.908811183352 208.60390821079628 1.9863799 1.5780151 3.8749797 15.57435 1.2721664 27.767166 1.9288485 57.30428425069342 
Car -1 -1 0 968.9883299226909 158.08206872264012 1010.8733875061401 197.63960238876152 1.9500921 1.5910081 3.7560139 19.76736 1.2218709 37.609566 1.9633985 12.831442238687512 
Car -1 -1 0 796.5257221380493 165.21738943786417 871.3196092609481 234.31682412218964 1.696497 1.6371031 3.9256322 6.2479734 1.5090064 19.841433 1.9571413 3.600696116747941 
Car -1 -1 0 647.4697892737994 171.02958245774894 711.0808097279364 194.8209174694609 1.578241 1.6065676 4.0450134 4.7688036 1.4572147 49.35215 0.37462056 1.096815886131244 
Car -1 -1 0 854.9707139085837 171.4904564116315 896.7945486803018 208.94382857307528 1.5567772 1.5895439 3.7722428 11.763498 1.5001004 32.030434 1.883672 0.5869793966388982 
Car -1 -1 0 846.7139206974368 172.53870404173412 890.7494003571447 213.87973969407128 1.5213765 1.5397117 3.1696515 10.139814 1.5097733 28.302626 1.9045722 0.8233835925523488 
Car -1 -1 0 943.1311548353356 166.0471578965985 972.1238536135645 184.95481809579027 1.5181601 1.5671821 4.1040897 28.960663 0.9716154 60.126087 1.8668271 0.27254369854927063 

