Car -1 -1 0 290.6733015893604 184.49261620775886 465.64009130109 292.2375608119757 1.4636817 1.6138256 3.7516525 -3.4835958 1.4538589 11.647668 1.5788091 100.17534677505415 
Car -1 -1 0 241.5191027158911 184.60706530948633 367.6802050843841 248.13550875093594 1.463451 1.6108193 3.6504962 -7.590104 1.4494305 18.407034 1.5991606 43.681969499898315 
Car -1 -1 0 0.0 176.1139905197146 246.7695977819356 297.91633369835023 1.6410774 1.630549 4.008853 -7.6762133 1.5184475 11.693258 1.5665033 124.23029756947291 
Car -1 -1 0 582.6038363728923 177.12001901985596 620.4646681724453 212.48834304188682 1.5312729 1.6392179 3.4964461 -0.24675527 1.1807702 32.871956 1.5697763 24.889448900287533 
Car -1 -1 0 115.6214026461074 186.02535876243286 264.68177905741595 242.35145260106088 1.4107959 1.692472 4.2281985 -11.495684 1.4359306 20.19101 1.58363 16.28108533514941 
Car -1 -1 0 438.88387517447563 179.74717032735063 484.4957516977883 210.32582389503764 1.524078 1.606161 3.5783634 -7.5607195 1.2515198 37.631813 1.5885255 23.19724642718748 
Car -1 -1 0 378.20644938281384 182.5641888469278 443.8487250705076 222.60660717408297 1.4332278 1.5362039 3.614379 -7.4323587 1.338323 27.538883 1.5683563 13.61978253652592 
Car -1 -1 0 472.7063498721313 180.86501025680732 541.6022573264828 229.53910690381454 1.4860595 1.6556312 4.277902 -3.2516522 1.3532295 24.098019 1.5853387 56.47075582317964 
Car -1 -1 0 492.2339481105842 177.2121388628597 518.470573494025 196.00546558120226 1.4361625 1.6115769 4.1179566 -8.0394335 0.8245405 57.015614 1.5417151 0.3534797132015228 

