Car -1 -1 0 713.8743202990953 180.71841245908058 808.9274308359846 252.07690421428057 1.4935224 1.6081173 3.6529684 3.5308225 1.7028363 17.356438 1.5978031 53.451349229390566 
Car -1 -1 0 199.50868266710208 183.05145079739975 439.2183549868756 266.83993254603257 1.5006984 1.6349268 4.0645995 -5.588955 1.7148421 14.158541 0.08833029 78.0458913183276 
Car -1 -1 0 311.3483587500406 182.0953692438335 480.11089888514124 234.05079278602236 1.4296609 1.6649795 4.433126 -6.131852 1.7102146 21.03449 -0.017109143 57.5555823675627 
Car -1 -1 0 698.0547891944871 177.4028482530473 769.9764685040509 233.42056168765572 1.5688409 1.6512921 3.8101745 3.7750187 1.7224298 22.440907 1.5909822 58.717285297584276 
Car -1 -1 0 389.61675319037874 179.95345191255763 507.53283621998173 224.64621702345198 1.5769129 1.6584723 3.967104 -5.860394 1.8465755 26.565987 0.005744078 21.95422096092227 
Car -1 -1 0 435.000213799069 179.2114123003437 531.516999690914 217.04803210228903 1.5685167 1.6317886 3.8939283 -5.3798757 1.8498226 31.064135 -0.02423836 8.724850635953802 
Car -1 -1 0 677.3635644226439 181.28164634741475 717.4472988556965 213.5283517644604 1.4849099 1.4817038 3.3142257 4.3114386 1.9225132 35.784935 1.537669 12.373283591038426 
Car -1 -1 0 423.2416342617835 182.38204738171828 532.9588142742351 222.05423855260463 1.5063071 1.629858 4.0497146 -5.1534986 1.8951762 28.62079 0.006169044 6.531972749957371 
Car -1 -1 0 508.00809353217574 180.57475411963273 556.5189672251007 214.77818201249514 1.4979787 1.5972893 3.8340132 -3.6310937 1.8880296 34.47298 1.6575141 0.7525918764302232 

