Car -1 -1 0 738.9451500750414 182.32122288800488 866.2128998531882 268.1832677150676 1.4085286 1.6140094 4.134859 3.6676977 1.6251209 14.403908 1.6184566 92.1238505532808 
Car -1 -1 0 711.2687181997452 177.77197663187602 790.5630076796283 238.1422099914259 1.4772336 1.6311264 4.270254 3.8360577 1.6297336 20.192535 1.6325767 71.95408805310701 
Car -1 -1 0 479.68500292539176 179.26511060496057 537.0159572357908 221.70063556317476 1.6249312 1.6479207 3.8012073 -4.157874 1.9102657 30.165216 1.6324189 72.05475832962908 
Car -1 -1 0 508.8481188729004 179.04079743521902 550.8862539707757 212.9383724029826 1.5274547 1.591212 4.20029 -3.8466687 1.8488507 35.381577 1.5723555 18.327517767916902 
Car -1 -1 0 973.7715647137435 168.53076797184448 1156.5060900140084 231.2300133219811 1.5070807 1.6478496 3.962417 11.998481 1.4031645 19.155943 0.611987 40.57623662569894 
Car -1 -1 0 249.16230051966983 180.768791023659 353.1917281179559 213.9605422080007 1.5428314 1.6581211 4.315599 -14.838957 1.9352502 34.87168 -0.034260478 10.19905047648729 
Car -1 -1 0 1061.9981600838298 170.48764512313593 1242.0 244.9254782230654 1.4475032 1.5401437 3.7317228 12.117851 1.4014875 15.737458 0.6160022 17.376487192318407 
Car -1 -1 0 217.99515164583633 184.80789280617475 261.98585263662005 205.5298799945298 1.4678775 1.5502535 3.601569 -28.122465 2.4093156 55.01349 1.5563534 2.8041410013437327 
Car -1 -1 0 598.7794814545541 177.23388087286432 620.4583071439472 192.67377358007087 1.4581939 1.5937539 4.1256475 0.034939602 1.9054003 71.519226 1.7095723 0.6744750699236493 

