Car -1 -1 0 711.7849566518006 187.40488425558533 870.8784618704062 299.20128792630675 1.4440715 1.5911325 3.7437465 2.740351 1.7178195 11.692218 1.5576359 102.0660492222503 
Car -1 -1 0 660.4612105095126 176.63788910988262 728.5822934043924 237.07583504583172 1.7032523 1.6848655 4.103754 2.569943 1.8328279 22.65018 1.5783763 77.56636453187214 
Car -1 -1 0 0.0 186.9193505624077 319.85007680028224 305.819613875422 1.4787209 1.6640372 4.266291 -6.5474877 1.6962124 10.180792 0.068608 144.01796575357835 
Car -1 -1 0 636.9415124336798 177.9751026744648 676.1217448380986 211.98801773076514 1.6701285 1.5954919 3.4630303 2.4120805 1.9507046 37.749065 1.5012968 32.99293034005533 
Car -1 -1 0 651.4197528133299 181.16234119114313 703.1595721343624 223.3445546286989 1.5117519 1.5671604 3.9712086 2.6198554 1.8648753 28.658552 1.5404587 14.219527645344039 
Car -1 -1 0 301.4362245353955 185.83664209937567 459.3349936793854 241.9210868449879 1.4615467 1.5691742 3.9051018 -6.2760186 1.8377703 20.054228 -0.03644094 20.612039601474898 
Car -1 -1 0 330.421123599003 179.65292114734325 476.66084596601326 233.42450971499105 1.6084733 1.6859075 4.1580725 -6.4026356 1.8317206 22.75616 -0.045205347 27.398314610648846 
Car -1 -1 0 174.3391505714982 168.9753124021425 410.71599464006243 263.07518812109885 1.8522856 1.7374154 4.1812444 -6.491112 1.7759365 15.090152 0.008872247 76.71778729715635 
Car -1 -1 0 243.9709864478277 184.22998999729268 432.6038434227889 251.04121585592085 1.5179762 1.5918994 3.9966855 -6.486548 1.8083887 17.554117 -0.0351584 3.608895414801273 
Car -1 -1 0 404.5375219591737 182.23475466469392 498.3720653762055 218.1836645945341 1.5177952 1.6248347 3.847659 -6.925466 1.9444106 31.882092 -0.06293986 1.0484430118391082 
Car -1 -1 0 485.19056043120287 180.55266361908636 549.1894886342595 203.59011009654787 1.5127231 1.6316435 4.066267 -6.2412014 2.0456274 48.983368 0.07290968 0.6073679719074442 

