Car -1 -1 0 721.4237003163095 173.15103561768157 910.7724149888713 316.93315589261556 1.6796346 1.6555128 4.138848 2.7387018 1.6848259 10.524024 1.5920407 124.13828597450949 
Car -1 -1 0 681.5047623402667 181.59445015833407 788.6104494618787 257.2468229463968 1.4659669 1.6357926 4.1337686 2.727237 1.6917688 16.552252 1.5440115 73.91803020234748 
Car -1 -1 0 655.5425055745751 175.02108384590653 715.8710994162142 224.80852487669173 1.6319962 1.6397514 3.59451 2.6317377 1.7144785 25.636637 1.5340273 75.09083586961049 
Car -1 -1 0 640.9261796859163 177.99891997354914 673.0652531294322 206.2844430682289 1.4493574 1.4769932 3.3942356 2.5462754 1.7417768 39.301476 1.5554359 18.85320590806553 
Car -1 -1 0 0.0 185.94880258697432 343.19792508216125 304.5048612090143 1.5566628 1.6716225 4.088744 -6.274704 1.7674352 10.650278 -0.06332597 74.0187365032559 
Car -1 -1 0 356.55655084556446 183.50439177983966 488.94408431434533 231.90402193505724 1.5257297 1.5947769 3.9808228 -6.184266 1.8956754 24.113178 0.0778353 19.674981216493304 
Car -1 -1 0 113.51615281499625 190.91217046143296 376.5319411516997 275.3554034616573 1.4310153 1.5746566 4.0751643 -6.609004 1.7856652 13.370164 -0.0063927416 12.87323333344627 
Car -1 -1 0 620.2045383098388 174.8936418149404 642.229081470807 190.42502183421746 1.5161762 1.6582508 3.8381252 2.1627567 1.728121 72.97041 1.4470813 1.6298880651882879 
Car -1 -1 0 445.66067942095754 179.19870314303847 531.4993200049386 209.1889096078963 1.4806244 1.6176968 4.091253 -6.131633 1.8120944 36.840134 0.02296257 4.22995729511113 
Car -1 -1 0 423.59457591079894 180.98950525024082 520.1065609600615 212.4106899598555 1.4456525 1.6345994 4.2866793 -6.535692 1.8445725 34.51317 0.023320585 0.5606163497824433 

