Car -1 -1 0 55.92432895345354 203.59844858214046 301.7996943999054 336.64015348651753 1.4494448 1.5148085 3.5688581 -5.9586782 1.9735408 10.497057 1.5456764 124.21111458509115 
Car -1 -1 0 266.02384732808594 195.2965487834361 405.75905807291895 273.7026496785472 1.4301908 1.6446563 4.143506 -6.0308414 2.0059552 16.431503 1.5611652 93.14654026840383 
Car -1 -1 0 690.7058906548423 176.28846939696257 789.2453645945147 241.64451187322186 1.4550952 1.6422695 4.1050415 3.180485 1.5523852 18.36112 1.5380758 62.582264446298225 
Car -1 -1 0 385.63082138693346 189.75404482168378 473.47496390186205 240.78697331226238 1.443258 1.6849921 4.385784 -5.881982 2.0599298 24.103813 1.6105483 76.75723557307164 
Car -1 -1 0 674.0630693898989 175.1354403310475 741.0198744190566 226.45665063066878 1.5393026 1.6406505 4.008072 3.1432881 1.6210049 23.829844 1.5638038 57.69027984411044 
Car -1 -1 0 819.673066281716 156.0146087386045 994.943464652405 213.9694592147228 1.5332222 1.6649773 4.2512765 8.246717 1.0877283 20.156826 -0.11366831 54.44962165238854 
Car -1 -1 0 660.2426329137343 176.48052642459635 705.5451368951096 211.98170130493622 1.5455682 1.5962245 3.6774104 3.3649416 1.7241708 33.664864 1.529425 27.663672663288022 
Car -1 -1 0 1001.8219703936871 136.9239599922239 1242.0 231.81422614523993 1.512244 1.6308516 4.051971 9.19898 0.9396353 12.408376 -0.04684196 108.24464052456618 
Car -1 -1 0 963.8289737843763 138.75967159488025 1184.6489549597222 222.8294613451393 1.6318921 1.5859033 3.567792 9.472007 0.97008157 14.877206 -0.044384584 46.846670192636715 
Car -1 -1 0 893.2913486861855 153.25515807393356 1081.3050203498037 218.40383282004535 1.4758674 1.5929366 3.741778 8.992744 1.0318784 17.32751 -0.101486094 59.852076145799835 
Car -1 -1 0 478.09309957307465 182.13563803390724 526.199353817686 213.84623673790244 1.563566 1.5841365 4.1670904 -5.738365 2.092868 38.99264 1.6745327 9.006134978067555 
Car -1 -1 0 436.6734897828956 188.61301569419444 497.10272913592996 228.87125821765406 1.4762449 1.6278927 3.8210185 -5.836132 2.1719122 29.913616 1.6060507 16.168634949772073 
Car -1 -1 0 518.9892502407528 180.28049384409226 544.7863745235898 201.1514307501917 1.4679105 1.499186 3.6931634 -5.7714067 2.0419564 53.919636 1.5796069 1.8855608438355707 
Car -1 -1 0 591.3583075767901 175.93122000193853 617.5677346909765 190.88072647756752 1.4899136 1.5885017 3.6768305 -0.554411 1.8171543 74.731995 1.226867 0.3318368196487427 

