Car -1 -1 0 709.969684077768 187.01733629988757 849.8004524929681 283.16301943866836 1.4479871 1.5852714 3.4535208 2.9407396 1.7407227 13.149654 1.5218327 98.15486570794349 
Car -1 -1 0 697.1047339429128 174.96336242231393 812.6645343980941 218.66969838352932 1.8083757 1.7341948 4.5733204 6.157749 1.9014282 30.887516 -0.033185296 45.88009051283269 
Car -1 -1 0 786.4704554960964 189.24352096008423 936.4715527667138 243.24147134174407 1.4228275 1.5909731 3.719615 7.048005 1.9078275 20.454416 0.055479378 62.063347465632354 
Car -1 -1 0 245.59361501816437 176.07642177262198 431.3187215545034 246.01511206838742 1.6145564 1.6806091 3.976808 -6.544469 1.6984338 17.765808 -0.08984513 59.246177026437834 
Car -1 -1 0 4.281066259726694 185.3341409667538 353.2252457421327 299.58630016559624 1.5049472 1.6226094 4.1167984 -6.079519 1.700897 10.506351 0.0054270634 61.35817545480991 
Car -1 -1 0 143.09789262234284 169.2363321416579 399.4559992197438 274.14789562416416 1.7580323 1.6183674 3.8274333 -5.9083567 1.69741 12.906439 0.0032662398 80.84264406102344 
Car -1 -1 0 741.8977225761274 180.2304273640299 874.1222517088406 233.39303612644431 1.619138 1.6372522 3.8215227 6.2798066 1.864928 23.134811 0.047038265 17.20939599932573 
Car -1 -1 0 457.40761465751325 171.88716733296562 535.9238459278627 203.780769980183 1.7901113 1.7432964 4.385267 -6.4721556 1.7358451 41.634754 -0.12420762 15.175571342520488 
Car -1 -1 0 438.66719400571304 175.31136245896084 515.7741705644064 207.03993623151084 1.5587995 1.6469254 3.641369 -6.644045 1.6861235 36.486538 -0.04175766 11.628958328229041 

