Car -1 -1 0 779.0756551594991 175.95743378858418 926.8682503266299 237.1432707112048 1.4256601 1.5392486 3.5390184 6.2664623 1.5153018 18.92405 1.0477052 100.00366549835645 
Car -1 -1 0 629.0486902500277 176.16017877448914 680.5057390460823 211.50977524794735 1.423026 1.5730214 3.4313679 1.8978822 1.5742238 31.190668 1.4344779 72.33811780220168 
Car -1 -1 0 352.99550623342145 177.08098932364027 473.2860624129827 218.86947585145816 1.4777637 1.6365373 4.039289 -7.1758013 1.6393998 26.64864 -0.0622435 36.37681991061796 
Car -1 -1 0 610.4799172129549 173.85094340577484 649.4408679135896 201.63774214851026 1.4866793 1.5685692 4.189024 1.1042153 1.5462549 40.939396 1.4406571 12.784469111962196 
Car -1 -1 0 0.0 171.2303049690179 261.5237584934496 298.8130856365058 1.6566516 1.6553081 3.438448 -7.043208 1.635568 10.21004 0.0077387607 93.00775708731041 
Car -1 -1 0 492.6014855986474 175.46958681909803 520.8308914230445 200.7310788989629 1.4965096 1.6227336 3.9305358 -6.4848537 1.6680717 45.250885 1.3959211 11.177585149573227 
Car -1 -1 0 287.80169529795893 176.3060047057045 433.62152653279 228.65237000030538 1.5092015 1.627124 3.8507133 -7.478466 1.6184376 21.880415 0.07316868 16.774891519309765 
Car -1 -1 0 57.96780129861715 181.00751591964595 339.0201722546575 275.4275497161048 1.466042 1.6054049 3.8601937 -6.81026 1.6137037 12.209269 0.028784784 28.53667791253286 
Car -1 -1 0 448.33718749561166 177.3864637498562 493.25965506583356 209.3352508314074 1.4302317 1.6501442 4.0843096 -6.6633325 1.6631554 34.98717 1.503881 0.3247067332267761 

