Car -1 -1 0 675.6966333328282 181.09206574690893 751.1943240777322 239.52880370640702 1.4481163 1.5641745 3.9759893 2.8373666 1.7040632 20.429132 1.5705409 110.91371457162363 
Car -1 -1 0 182.34761626793292 196.51938130068632 356.9086533808707 292.2334359418542 1.4557397 1.5866812 3.699365 -6.2495255 1.9671222 13.740526 1.5690049 108.33109132983546 
Car -1 -1 0 920.442765088905 164.01350897436308 1221.0126269047612 251.0376620616437 1.4936758 1.6835151 4.4853196 8.323145 1.3419383 13.279166 -0.023736648 124.06346115762493 
Car -1 -1 0 794.7336681174995 164.31751257418213 956.0426385353564 214.43641510680007 1.5022391 1.6837082 4.4346743 8.241956 1.2463706 22.589231 -0.0548823 82.88599834372607 
Car -1 -1 0 351.69170784433135 190.95019098466526 441.241463427116 247.717227005598 1.4354265 1.604162 4.002548 -6.2420316 2.026971 21.561195 1.5399139 37.2655911538492 
Car -1 -1 0 1106.794688327557 146.46996257864254 1225.9640958725931 186.3162638505088 1.5486566 1.5787821 3.5888467 22.22958 0.5232209 28.884352 -0.029086635 19.220624300969277 
Car -1 -1 0 458.80049463408693 183.25190782946763 510.13504737761195 216.6229946462281 1.5123299 1.5829191 4.172918 -6.198167 2.064318 36.167225 1.6407325 11.869343346785952 
Car -1 -1 0 861.3787820191511 151.2015804687807 1080.0824289137176 233.1183125486601 1.7670622 1.6856029 4.1529655 8.114666 1.2999882 16.452616 -0.021868221 54.841446355064726 
Car -1 -1 0 711.7313458500201 167.7445167433683 775.9083309427255 191.600067442565 1.5656469 1.6672764 4.023218 8.940912 1.2303097 48.268238 0.040044855 4.609239874452379 
Car -1 -1 0 1048.5788527502139 149.0242270600213 1164.5531391468292 183.85819964331503 1.5005176 1.6312461 3.964957 21.977694 0.4740197 32.015495 0.060678333 0.898476715564643 

