Car -1 -1 0 401.18770195109045 179.01553926685492 485.76513787992303 240.3150492060607 1.5172207 1.5610133 3.409225 -4.341863 1.363761 19.507565 1.5570245 91.54857899319074 
Car -1 -1 0 665.8946267636177 181.46125014517634 732.1164234285519 229.35786353356946 1.3720447 1.5313532 3.4997659 2.7762237 1.2644949 22.360704 1.5459287 64.48549868473506 
Car -1 -1 0 249.4155598293531 183.8994788436336 361.86614512330686 238.274744092011 1.4012212 1.598464 3.8579829 -8.430557 1.3673029 20.45766 1.5655851 70.51206370570593 
Car -1 -1 0 481.93127599461536 179.72794618704003 528.4237083168082 213.8857750432999 1.4470156 1.5940495 3.6599417 -4.5227914 1.21454 32.288387 1.5634813 33.70018203878417 
Car -1 -1 0 354.72671519228254 169.35088748130684 422.6451479237698 216.44512994907768 1.7699051 1.6254456 4.043462 -8.737073 1.1736706 29.061592 1.5405241 36.53398819626189 
Car -1 -1 0 585.2918001499592 176.8147547481262 614.931320407708 204.12825900552022 1.4733816 1.5994496 3.837098 -0.44014657 1.0202067 40.71964 1.5401614 15.649849384925975 
Car -1 -1 0 621.5361356016613 175.74620892062134 648.6024838788153 197.67131152878662 1.5039067 1.5919161 3.8750858 1.9530373 0.85436684 51.283394 1.5207098 10.114479619388446 
Car -1 -1 0 516.849180271518 175.91413352094187 545.4592106385935 201.84730543476843 1.492318 1.5858843 3.8088818 -4.5436096 0.95706177 43.322506 1.4994639 7.554458578754772 
Car -1 -1 0 569.8199524674941 177.03587979112686 597.8460243212302 199.7130274342683 1.4648775 1.547172 3.6117635 -1.6033796 0.9364851 48.325623 1.4432302 1.609821540798153 
Car -1 -1 0 430.27900077574265 175.7759002086022 499.5763021895514 200.31784630267205 1.5204223 1.6613874 4.1209583 -8.957629 0.9356081 45.496582 -0.06462374 0.2772356867790222 

