Car -1 -1 0 718.118906034601 179.08188904197178 900.1693905082578 251.34147684941732 1.4638846 1.5703462 3.4972706 4.2803283 1.6081204 15.747043 -0.10465253 128.32469542965185 
Car -1 -1 0 161.0841185054361 171.43342569714352 368.17612181245937 239.7751274237811 1.4899725 1.6226254 4.0025334 -7.8370275 1.4590013 16.67824 -0.06902834 100.4669258797321 
Car -1 -1 0 686.6437749515977 179.45300478907018 850.785027937485 241.85218902359932 1.462214 1.5710745 3.7103581 3.9143772 1.6361113 18.061691 -0.09181012 25.450174352208755 
Car -1 -1 0 0.0 171.19189278129667 271.51888915507135 272.561115635068 1.4966335 1.6130757 4.1199703 -7.833053 1.4720938 11.530908 0.034933824 62.80565483887292 
Car -1 -1 0 233.73737637764464 164.30715516230546 383.3093311763169 223.48541289599214 1.6731018 1.65495 3.9136078 -8.899489 1.4314632 21.63855 -0.22260523 29.43564705072588 
Car -1 -1 0 202.84935697065657 167.93521181580738 369.1430474361967 233.1066340332365 1.6214554 1.6168313 3.7230117 -8.420244 1.4990766 19.06232 -0.16933577 5.647730449274418 
Car -1 -1 0 1004.10682584591 181.82793513329514 1050.9044013547134 214.87388844434255 1.4916363 1.5583932 3.8490314 20.694296 1.9601915 35.666355 2.2140899 0.8487502923825347 
Car -1 -1 0 954.3555726413927 182.47810581289292 1012.8327343234716 204.38838346646727 1.4437879 1.6743551 3.8052008 26.557243 2.1559906 51.36321 1.3684791 0.25651299953460693 
Car -1 -1 0 457.26383727616843 170.07609555347307 491.0877218749068 193.32939328925124 1.6828766 1.7198594 3.5934927 -10.20185 1.4818351 54.209835 1.1540871 0.2522417902946472 

