Car -1 -1 0 678.8475102917803 178.90145328146676 779.219946777367 253.23790858267043 1.4787114 1.6076058 4.265928 2.6403925 1.6377742 16.839563 1.5636398 118.0710933722671 
Car -1 -1 0 761.2343311588751 183.75197682774444 970.4223877246568 333.0325970442202 1.5071305 1.4714227 3.2707443 3.0194585 1.6703733 9.166193 1.561892 97.61459814098004 
Car -1 -1 0 426.1505347828477 181.06819095861417 500.9185112173096 232.63859982048552 1.4859822 1.6839528 3.9861326 -4.6392393 1.7756467 23.43723 1.5538776 87.61975739856585 
Car -1 -1 0 143.66800234019772 180.12179974893445 331.9614968694788 239.5972453132387 1.4576037 1.5955071 4.080034 -9.554358 1.65482 18.734531 0.02319577 79.9335584040632 
Car -1 -1 0 465.7352409867897 172.56940373934447 518.216455335198 220.32393929824957 1.7910657 1.5833261 3.7277458 -4.648384 1.7803916 28.944433 1.546333 38.26883461002158 
Car -1 -1 0 668.8232686502422 176.32974039709634 730.1714831839462 231.0163180158555 1.5936953 1.5643666 3.5792742 2.7974653 1.7134402 23.057203 1.5855341 35.490602584802154 
Car -1 -1 0 648.0906407719003 176.81170800563217 697.584658714151 214.48146426002012 1.5267773 1.553499 3.7572749 2.7079418 1.7106398 31.585638 1.4907205 11.486428269799646 
Car -1 -1 0 604.6883386326143 172.81970891406746 625.0206258181677 187.78859902253112 1.4884222 1.490548 3.4677472 0.5176547 1.485012 73.579834 1.4025602 1.7582334196442344 
Car -1 -1 0 535.5365734716888 176.23232741140745 554.2207137919264 192.37104851646325 1.4920557 1.5797777 3.687985 -6.248691 1.8263586 69.45987 1.4232343 0.7350975053811102 

