Car -1 -1 0 820.9989405220864 198.2085664549255 1115.2971104591268 290.0733791842766 1.4668233 1.6985345 4.4190536 6.241678 1.9532249 12.932471 0.027407274 96.52975449324718 
Car -1 -1 0 179.2854541179345 188.94783648030878 415.60665304660336 266.34938472312103 1.4742789 1.667928 4.250605 -6.3974304 1.8351711 15.171312 -0.08365485 77.88396775494058 
Car -1 -1 0 777.6882420778237 196.88179162552822 924.8220942187536 251.8845331721471 1.4294033 1.5494616 3.6322124 6.773498 2.1390889 20.420473 -0.06490422 65.16093443739632 
Car -1 -1 0 269.6547966247531 191.06371115277693 461.11001662665365 255.50404109489875 1.4415637 1.6089432 4.143254 -5.829789 1.9088397 17.589743 -0.059137728 41.51284431940643 
Car -1 -1 0 699.0015681443219 191.43866980074918 794.9648433065132 228.18746875516825 1.5637411 1.7427869 3.983881 6.125062 2.4224072 32.46244 -0.001669611 34.27649678456273 
Car -1 -1 0 356.2042609319328 188.43604109001978 498.1114005048046 242.56358940087762 1.5534768 1.6183087 3.9387796 -5.58562 2.0576663 22.322498 0.112092346 58.66612445861159 
Car -1 -1 0 750.9608527860402 193.1778516630645 884.2917384073567 245.28878698348336 1.5164225 1.6016309 3.7016096 6.4850264 2.1825385 22.69459 -0.08433739 32.84122062117043 
Car -1 -1 0 643.0637378288545 190.71054708109202 668.429037272411 215.62135450487622 1.4578513 1.5805926 3.8060255 2.98066 2.667809 46.95027 1.6221311 15.48184287394719 
Car -1 -1 0 462.3512232173109 190.01974888402498 544.686531397736 219.37356599913673 1.5574155 1.6494253 4.309997 -5.9721375 2.5561981 40.815052 0.16494113 11.889036170074053 
Car -1 -1 0 971.1121395459652 197.86671819272635 1242.0 350.45554516182494 1.556452 1.6287861 3.8228421 6.6489053 1.8888791 8.631687 0.076331355 27.104918456470784 
Car -1 -1 0 386.35915885226876 182.9549839758357 504.6446457559595 229.0748827340731 1.6701546 1.6511608 4.118043 -6.1496196 2.0649981 27.353395 -0.012497242 20.397758378833142 
Car -1 -1 0 377.1027482693413 191.420243092691 505.17454593123347 237.9343128530428 1.4715341 1.5935444 3.981197 -5.7488627 2.1382391 24.808245 0.15896961 3.184473414867046 
Car -1 -1 0 680.1251566043752 189.14672955676687 707.0308215489872 211.40577040421647 1.5979693 1.5447723 3.5780501 6.520849 2.909904 56.281082 1.5299072 0.31794774532318115 
Car -1 -1 0 470.78583812242533 185.0277043916027 534.9070679302226 210.11755608905563 1.6074089 1.5861757 3.995541 -7.0516076 2.4299157 47.900417 0.028517054 0.2657184302806854 

