Car -1 -1 0 190.6149566424343 185.32150448246645 407.96404578979394 259.20687180786393 1.4671794 1.6129377 3.9941382 -6.5703063 1.7510266 15.529131 0.04633112 72.17154267871128 
Car -1 -1 0 663.0890802275055 174.4816826516285 749.8548811142558 244.02180914778458 1.7812954 1.7268058 4.439456 2.6685607 1.8334041 20.843706 1.526657 96.93858917599017 
Car -1 -1 0 306.1947789764594 186.40169805645843 459.9666406302352 241.656756524838 1.4446326 1.5738909 3.8086097 -6.29449 1.8428288 20.266695 0.08231828 30.526526101287253 
Car -1 -1 0 650.4503404350336 181.89008625999077 693.7429083475624 219.14468579898568 1.4937987 1.6082542 3.7473269 2.6931653 1.9146335 31.723778 1.5789835 15.813463275034962 
Car -1 -1 0 254.29366211751312 185.2230386782444 445.98337339244273 249.66102985676784 1.485672 1.6168258 4.1569796 -6.3156075 1.8064473 17.841114 0.030321222 24.727655410141715 
Car -1 -1 0 634.2515905050416 180.11336652320284 668.0943550403443 205.86500680190701 1.452521 1.5469277 3.5682635 2.4733746 1.9095447 43.581657 1.4850781 6.347812555378008 
Car -1 -1 0 361.65879726490505 170.65639771230104 482.60689918030107 221.03852245570843 1.8448418 1.6807268 4.20509 -7.0349884 1.7643721 27.398077 -0.06616421 5.257535907411756 
Car -1 -1 0 428.3937986220263 178.80952550943005 514.2792339374711 213.41430981923642 1.5834405 1.6359916 3.706147 -6.539757 1.874991 34.338665 0.09154116 5.400637608994097 
Car -1 -1 0 352.8913449484421 179.90426709270085 475.65359330022096 229.9000260447038 1.660274 1.6322601 3.8414435 -6.712261 1.9137367 25.072733 -0.026708549 4.761535508384512 
Car -1 -1 0 329.3922307304002 183.5255118092326 463.5002144921819 234.22789851933285 1.5156641 1.5883104 3.7744122 -6.730192 1.8700366 22.972652 0.10507206 2.550717697469679 
Car -1 -1 0 453.3691409701513 180.61257163438358 528.1477182105023 207.95551439923776 1.5382892 1.6477358 4.11801 -6.8683996 1.9995093 41.99717 -0.03517276 0.6426426537788736 
Car -1 -1 0 446.03596951186057 175.3015570335698 500.13025340863146 220.55918934221694 1.7921858 1.6137359 4.044615 -5.7549214 1.903671 30.829351 1.5528579 0.2771277129650116 

