Car -1 -1 0 119.39319516837024 179.4585735939058 391.9302739302854 347.57409850134314 1.7164117 1.6346773 4.142878 -4.320797 1.8234212 9.6103735 1.5598885 134.93439376618045 
Car -1 -1 0 719.5276329634227 170.3756404972639 878.9264915986535 276.33987407601825 1.5554302 1.6456412 4.162698 3.1064663 1.5190507 12.686298 1.553874 103.38352347258754 
Car -1 -1 0 791.0776428057634 174.38210185496297 1191.2952131910015 375.0 1.5078628 1.6438972 3.8492444 2.9659662 1.5259602 6.6181808 1.5737665 101.9527584988085 
Car -1 -1 0 498.31341511285393 177.96913288003304 526.8589895555031 204.43923864033513 1.5312572 1.671502 3.8949025 -5.960402 1.8615652 44.559486 1.4505916 10.12854964482211 
Car -1 -1 0 625.7002360427438 173.06895244350562 664.6131936252563 201.00982098667623 1.5530105 1.5240911 3.3459506 2.0273871 1.5660291 41.91638 1.3862821 10.273056281162848 
Car -1 -1 0 579.0357922349611 176.15961903813812 604.3095176954109 194.80031002000345 1.5031024 1.5694519 3.8291483 -1.5408176 1.7914758 60.92209 1.3934056 4.20142377136171 
Car -1 -1 0 601.4555085356016 172.1545392518803 634.7121181839836 195.3504284266526 1.5041956 1.5155206 3.7056174 0.537521 1.458837 48.754776 1.3749311 2.9859969772483934 
Car -1 -1 0 558.5183561979599 176.75274661359097 582.2436659365382 193.87195893437442 1.6148525 1.6346804 3.6381216 -3.8766425 2.0087123 70.92481 1.3153746 0.6667748678115 
Car -1 -1 0 649.6744787498551 171.46484783204784 695.1538851921068 208.21606463407684 1.5623615 1.6138126 3.9570189 2.784583 1.5033059 32.67318 1.5441697 0.5167233460341223 

