Car -1 -1 0 357.5434163421166 185.24220124556163 496.6392405999141 275.58749288032215 1.4694784 1.6281279 4.1972704 -3.2527816 1.4700644 13.794413 1.5680168 110.61719598181345 
Car -1 -1 0 235.42782036361902 180.43566287538872 361.13885854017826 243.9326912293871 1.4521031 1.5835022 3.9139519 -7.7380366 1.3427893 18.407455 1.556552 105.0071073237867 
Car -1 -1 0 35.724374475183616 200.21986657987276 420.18567256452457 375.0 1.3546243 1.6341412 4.257909 -3.1654382 1.5474615 7.0896244 1.5450424 95.09426160342872 
Car -1 -1 0 555.5156650031128 177.60816770026915 621.0829916037046 238.0966573483409 1.5552998 1.6864438 3.2943094 -0.5066711 1.3596925 20.141273 1.5579956 55.960314133988774 
Car -1 -1 0 510.3055264719026 178.306512952131 549.4107874953935 216.0423000183133 1.5508281 1.5939531 3.8147652 -3.336071 1.2668812 31.506592 1.4926835 28.62255020447812 
Car -1 -1 0 332.2977066069892 181.3071956570144 386.86086761462195 210.4412808073397 1.418201 1.6027608 3.6975477 -12.625982 1.2279413 36.86077 1.5460956 33.43775265024748 
Car -1 -1 0 448.15803566895596 174.23443018596032 528.4665626699613 235.11996363101932 1.6078544 1.6498582 4.1106586 -3.3654752 1.317863 21.043293 1.57634 43.64699525076516 
Car -1 -1 0 380.0009657043249 175.27638526287473 447.8632419860373 214.1224176403519 1.5302784 1.6517804 3.732711 -8.042249 1.1387348 30.232157 1.6328115 9.846638751563209 
Car -1 -1 0 441.29812344577243 176.5504188160519 483.8821157952639 203.07705541121513 1.5326219 1.6179888 3.770761 -8.688484 1.0319705 43.46276 1.6295385 2.4426556852928347 
Car -1 -1 0 424.4162923274299 175.8569703123297 446.3187860791665 195.52236435020617 1.4792988 1.6081564 4.1903872 -13.468051 0.775303 56.301353 1.329912 0.6869731692408841 

