Car -1 -1 0 691.6690813215582 185.64618285953625 791.5308486441184 256.2633082840401 1.4299701 1.5735453 3.431373 2.994645 1.7623869 16.99774 1.5218942 73.25893141524276 
Car -1 -1 0 759.9838180833683 185.58804141627556 885.8114699010538 229.6116271277311 1.3955802 1.6004301 3.793979 7.104034 1.840152 24.291765 0.052481234 47.98474479586443 
Car -1 -1 0 0.0 184.80861558463423 323.19671103509313 314.1211508925173 1.501205 1.6322651 4.1531324 -6.1677504 1.6744428 9.5042095 -0.06624609 68.1168050994926 
Car -1 -1 0 254.46745070605525 171.78010378496506 445.52050420674306 251.87089084782414 1.7694156 1.6290689 3.8567643 -5.9232235 1.7456903 16.770866 -0.00814042 65.36308230533423 
Car -1 -1 0 176.24017239369337 183.10076007158685 418.25086657477203 265.9885147759092 1.5292531 1.6181076 4.107932 -6.068362 1.7445662 14.338573 -0.0067780977 41.578137901656376 
Car -1 -1 0 318.6932821183351 175.62035556574605 464.43224015885903 233.6108110875679 1.648418 1.6743844 3.9334946 -6.4328322 1.7353027 21.635002 -0.09865517 30.780107445326717 
Car -1 -1 0 693.4262575243304 176.92678538715202 789.448252886878 211.82967736000012 1.6224865 1.6613059 4.276655 6.291159 1.82352 34.686607 -0.04626948 19.001907420390502 
Car -1 -1 0 78.7165762906811 180.76628019316848 359.8157118659608 281.2008917664593 1.518337 1.5922185 3.767778 -6.277188 1.658623 11.919304 -0.041552246 39.16302752020247 
Car -1 -1 0 452.57921889452354 174.52514670098034 527.4495415744926 205.5066991394997 1.6914477 1.6932884 3.945634 -6.64608 1.7871145 40.397926 -0.031032894 13.49112547989975 
Car -1 -1 0 725.7703270139224 179.04216592350937 841.5852636222074 223.22635140838048 1.5863929 1.6485406 3.9515362 6.4486213 1.8254259 27.009361 0.019076359 10.901634762230518 
Car -1 -1 0 476.63775664747806 172.25560400317377 546.5657256714428 200.72155421873697 1.7513866 1.7271037 4.2892437 -6.158544 1.7145697 45.51851 -0.12560567 2.051915071700315 

