Car -1 -1 0 695.4307196209098 189.90850999784874 850.3330613226735 251.2329685851854 1.4714303 1.5980744 3.6221652 4.191873 1.9389904 18.815643 -0.09415512 111.10537215129666 
Car -1 -1 0 828.739567759475 196.56827010324332 1242.0 354.18414882543885 1.4797671 1.6478397 3.790711 4.6043963 1.7765998 8.05043 -0.08458087 126.65135729274665 
Car -1 -1 0 227.05293647519608 179.34121613896306 398.9283810249561 238.3041970660196 1.5107291 1.6460769 4.031172 -7.977475 1.6967212 19.69597 -0.084869504 83.43707995425056 
Car -1 -1 0 671.6537164198777 188.48095646205064 806.3739256018 242.7569532185096 1.4733801 1.5555092 3.5869257 3.7397373 1.9524403 21.136274 -0.11783223 23.861034948643205 
Car -1 -1 0 85.32457570471429 179.05588423404276 333.6066668495385 258.73061387189165 1.4981776 1.5886129 4.110841 -7.903541 1.6296947 14.496834 0.0047655436 53.729606871617385 
Car -1 -1 0 0.0 179.58708828340625 284.7979026256611 279.1333317078353 1.4680758 1.6001897 4.0887613 -7.6901283 1.5866563 11.739687 -0.08347589 50.10580183875354 
Car -1 -1 0 459.60699826936764 178.77676289794582 493.2620619081624 201.98925542962215 1.7461896 1.6573973 3.4721513 -10.576797 2.231342 57.18147 1.0835918 6.628175280081203 
Car -1 -1 0 282.0255324024677 170.85643682887545 405.5291572625232 223.0470168806641 1.6858932 1.6188856 3.7822924 -8.934434 1.6213665 24.541697 -0.23900016 10.842432271108324 
Car -1 -1 0 367.18437995429207 170.44547155395458 408.3469513807029 212.23631367283093 1.8782681 1.5932505 3.7352562 -10.633512 1.7700179 34.45883 1.1946875 2.041877164714321 
Car -1 -1 0 255.7679985178758 173.6348822850364 398.5462656664239 228.7030552367705 1.6067486 1.5921321 3.7941236 -8.54847 1.631765 22.098421 -0.11972608 2.5359122790035684 

