Car -1 -1 0 742.923051647695 177.2378017923123 971.475008515062 322.3554832314066 1.5424559 1.667462 3.9460304 3.0476174 1.6139827 9.781139 1.5478965 118.3949736388246 
Car -1 -1 0 103.86425795289385 197.50157167908174 340.4804162046418 312.10148650737017 1.4358885 1.649668 4.085265 -6.108862 1.9161764 11.99454 1.59955 120.31857815860235 
Car -1 -1 0 340.58280204238486 176.17943090060913 444.8371181944406 245.17205559506857 1.708051 1.6910652 4.289932 -5.923593 1.8112242 20.228607 1.5556707 98.89413218573301 
Car -1 -1 0 546.6822096741121 178.1800449763106 576.826512290466 200.9571487927751 1.4542935 1.6710062 4.060649 -3.2100306 1.8317522 49.08261 1.5989765 13.619783994248555 
Car -1 -1 0 406.6294473534686 177.03136830634512 477.9492226456867 227.31176387322205 1.6988847 1.6631557 4.2543826 -6.1220894 1.866723 26.861544 1.5722655 16.391262044603007 
Car -1 -1 0 513.6468361282443 178.99838206781266 542.4418591526111 199.9560870915089 1.4282308 1.6221905 3.7753856 -5.857245 1.8887007 52.178024 1.580176 6.769846344130456 
Car -1 -1 0 465.55863410827317 182.56892985602036 510.74579929612787 213.28234607492251 1.4197704 1.6054671 4.346842 -6.1424103 1.9460704 36.910503 1.564599 4.7130596535833185 
Car -1 -1 0 638.9908484756228 174.15576100386525 659.8202260616087 193.3953304076238 1.5126467 1.6437069 3.605199 3.251412 1.6221068 58.82495 1.6279247 3.831747830167057 
Car -1 -1 0 527.582864078725 178.62209009315126 549.5273793092666 197.52803748214754 1.4847789 1.4993656 3.7390914 -5.8456388 1.9770069 59.69334 1.556418 2.5404657453235804 
Car -1 -1 0 685.7998301053875 172.9307844439061 721.1182248134202 193.9567152433303 1.4911544 1.611232 3.751188 6.8757076 1.4970214 53.160164 1.4217187 3.9259282913897025 
Car -1 -1 0 905.2119378526324 150.6193905759719 1020.5323355650509 191.9566248045633 1.5174758 1.6199124 3.8185852 13.532887 0.70125073 27.861143 0.32276374 1.3391459462152688 

