Car -1 -1 0 646.7806726628668 176.92036925479073 691.1623177413268 211.34561077785017 1.5303638 1.5759629 3.801219 2.7826014 1.7356746 34.483116 1.5064731 49.4494006561884 
Car -1 -1 0 433.52571148623304 187.46161585860895 490.43996405271224 226.16595756560923 1.4905872 1.5698946 3.4889393 -6.2556906 2.1525102 30.914036 1.6206356 44.75009378404235 
Car -1 -1 0 461.8556739281212 186.98477986604846 507.4193723306819 219.22092601836738 1.4693742 1.550902 3.7005558 -6.245365 2.2190466 36.405495 1.6023982 16.33719314280039 
Car -1 -1 0 86.28547726934707 201.56514792860963 163.98482252637814 233.96275653254204 1.4905889 1.6406902 3.8794923 -25.83652 3.1062684 38.640297 1.5411246 19.85562537946395 
Car -1 -1 0 131.71159459566118 199.31991025784208 205.62787137528403 230.81932800967675 1.4546716 1.6472412 3.9304054 -23.51638 2.9453926 38.65245 1.5408962 17.181147885370045 
Car -1 -1 0 160.34843836015196 197.9938195540899 250.72461756659635 228.51445663745355 1.4567375 1.62993 3.7519977 -20.627823 2.7755747 36.916138 0.06538647 11.946648030188877 
Car -1 -1 0 0.0 204.6932389534946 88.40544003168642 240.0961885308449 1.6091096 1.7066814 4.321026 -30.467184 3.4261854 38.971424 1.5119318 3.0207914627076384 
Car -1 -1 0 816.9816394938822 160.29462483938974 845.747906161955 178.92577449321732 1.4863188 1.6409825 4.0299754 18.300493 0.48438165 59.66852 1.7058619 0.3004697561264038 
Car -1 -1 0 229.90553229918726 195.7669682496111 291.38871085373074 227.89355031012352 1.4659319 1.7098837 3.9535713 -18.253584 2.7359257 37.929516 1.4538176 0.2759080429546833 

