Car -1 -1 0 749.8030114105101 182.98400844587923 945.5253160008654 248.69867549281994 1.4929636 1.7096678 4.208805 5.714799 1.7537777 17.630768 -0.0439405 98.7795690141786 
Car -1 -1 0 636.1946395082734 180.7769648498341 680.5963176751222 215.45327960249716 1.4002774 1.5250688 3.816403 2.1063142 1.7726657 31.969078 1.5206387 49.62587358400351 
Car -1 -1 0 355.9846915505668 178.86376821809756 488.1689171883747 225.05500222942987 1.570267 1.6434234 4.259388 -6.5687633 1.790158 25.572208 -0.003006917 66.22003727033294 
Car -1 -1 0 78.37456260002617 174.10824043823078 364.3952035583958 283.1885177222927 1.6902688 1.6703378 3.935192 -6.381308 1.7133617 12.244776 -0.10680861 64.46478969422864 
Car -1 -1 0 238.8313374414479 182.9294695055719 427.2892835888492 247.28161763123393 1.4400804 1.5786495 3.9018545 -6.4985523 1.692512 17.242756 -0.023379058 30.925314381405958 
Car -1 -1 0 0.0 190.6759607967186 332.1682250871602 312.09137785995534 1.4377824 1.587228 4.1248302 -6.052368 1.6944004 9.584954 0.0052612503 57.86879566027999 
Car -1 -1 0 147.30935960281715 182.47422606567088 392.0606105143623 260.5659185721789 1.4639838 1.6099285 4.211127 -6.761401 1.6722968 14.690308 -0.061875023 15.728405740418406 
Car -1 -1 0 381.3200367088133 173.05010091477803 481.9125325773238 211.36025415776726 1.7005813 1.6558304 4.1608834 -8.093637 1.709817 33.010868 0.07028699 5.237270061376179 
Car -1 -1 0 398.66992043324103 176.7250721032865 505.0883108814033 219.13713641118892 1.6029286 1.6211923 3.923688 -6.14069 1.7607273 28.430794 -0.08895456 8.75940235366519 
Car -1 -1 0 552.9358625809159 178.0980054182162 576.6375040157685 198.0525843095757 1.4681782 1.5494583 3.9241443 -3.4488158 1.890208 56.096336 1.5838299 1.444259353291991 
Car -1 -1 0 629.2283622773933 178.9256425048716 661.8742272135706 205.3259001552862 1.4036958 1.6139348 4.0571737 2.0165715 1.7687402 41.341496 1.5571303 3.571539437441659 
Car -1 -1 0 472.82908601581335 176.41711465085015 536.3520576442806 201.4462893707136 1.5977669 1.6581607 3.9892778 -6.835433 1.8358531 47.270733 -0.057453427 0.29638370871543884 
Car -1 -1 0 617.405221391207 175.6645027109129 641.5412200824327 194.05431299972233 1.4546404 1.6410526 4.0443835 1.683012 1.6958553 59.8221 1.6890123 0.2795921564102173 

