Car -1 -1 0 427.79630447945044 180.35858085347445 474.33442458517385 222.76788655466686 1.4587462 1.6179571 3.7402472 -5.9788857 1.7655319 27.50912 1.3853859 32.689412653614134 
Car -1 -1 0 638.7962262048832 172.7113012627266 704.3716934991338 220.31112403229528 1.5279878 1.5300858 3.2404516 2.0712347 1.523407 24.87973 1.4178611 67.47173924971305 
Car -1 -1 0 0.0 194.65896699367255 100.32095535370792 260.9283365473672 1.436485 1.5841951 3.749194 -14.827396 2.0725954 19.014349 1.1570151 79.46750871257673 
Car -1 -1 0 568.9868348727326 175.94251793541756 604.2050621795407 201.21012148804897 1.4504409 1.5494158 3.6694903 -1.4356225 1.6464827 43.847466 1.3715978 24.473652968954553 
Car -1 -1 0 726.2124304116691 148.66758589359407 927.9319230530624 296.42419209744537 1.7514088 1.697016 4.36755 2.9317133 1.464719 10.738897 1.5737454 106.40541414992182 
Car -1 -1 0 693.24485438017 173.04853126626693 807.6315779167871 250.23897326307224 1.4906108 1.5670636 3.796289 2.9553533 1.4954175 15.88599 1.5092969 49.741254548219544 
Car -1 -1 0 605.2882503338022 171.46367980632897 657.2574712005469 211.6373046020884 1.6616883 1.5280974 3.3878417 0.89866585 1.6041808 31.65927 1.3644114 40.79824957670289 
Car -1 -1 0 549.8372810964153 175.86580311233172 574.2189510853734 197.35898321124338 1.5352888 1.5552356 3.5323038 -3.5796242 1.7681123 53.919422 1.4292744 11.142769028262974 
Car -1 -1 0 528.582474949806 177.60641830337042 550.3771030377501 193.87857563738217 1.4908881 1.5458263 3.5924935 -6.741454 1.9591966 69.169205 1.3196927 0.25113922357559204 

