Car -1 -1 0 719.6300805467566 177.2459741902344 842.5586234979737 265.60024494715395 1.5701327 1.6309141 3.8089511 3.384286 1.6725347 14.917495 1.5693164 81.01633754806898 
Car -1 -1 0 675.9791253615878 183.2713423525268 729.4868616202472 223.06864530995819 1.419083 1.5182353 3.2755728 3.5926385 1.8515575 28.279854 1.519294 58.2632584556582 
Car -1 -1 0 122.32857379720645 183.8720315598421 397.91752274569166 266.36145587998965 1.4008662 1.6275172 4.3082037 -6.3087955 1.618654 13.376202 -0.033793554 141.54409947321602 
Car -1 -1 0 762.8744136366681 182.95576697333567 967.822920798149 322.6144874194157 1.5052966 1.6051652 3.6327846 3.24181 1.6693659 9.880938 1.5986307 87.14087530110346 
Car -1 -1 0 278.0053900108459 180.27440550900624 450.8994695507852 242.0349542686067 1.5231771 1.6635479 3.983418 -6.318364 1.7270734 18.919577 -0.03792326 52.89723369670299 
Car -1 -1 0 365.3087089620242 178.99029363692335 492.12209164758 229.24549231915532 1.5632137 1.6136947 3.718023 -5.8065 1.7695323 23.45074 -0.001321922 12.331313140138308 
Car -1 -1 0 328.6354441975233 181.29842906907714 488.64706518981484 234.97004333492075 1.4731627 1.6183163 4.241747 -5.7505784 1.7299771 21.019491 -0.05481388 13.259944776758664 
Car -1 -1 0 418.88268062553016 173.8750749282707 525.6025664321875 218.36297979190223 1.6807787 1.6153032 3.8050504 -5.3651915 1.7224883 28.391872 0.14954382 12.917409786755357 
Car -1 -1 0 433.96410035650194 174.27305181046893 526.1696316492552 212.64184791721107 1.707594 1.6607968 4.0062947 -5.886382 1.7746533 33.140022 -0.06427428 2.5759206191075896 
Car -1 -1 0 539.6540294507008 177.7189995957508 564.3891033743813 199.85467324374616 1.5477262 1.5836825 3.5429265 -4.1971135 1.9172074 53.01599 1.5565789 2.078001692552558 
Car -1 -1 0 395.2864489505152 181.16903940119215 516.4168797781329 224.1426730382582 1.4704633 1.5826291 3.9831648 -5.471634 1.7799773 25.949562 0.05960042 4.5929094539347775 
Car -1 -1 0 722.5858224324222 180.201449075415 809.2689341923987 211.88160386477358 1.4977243 1.6376041 4.021135 7.6539927 1.8705943 35.60005 0.10067235 2.793234325396777 

