Car -1 -1 0 789.4155657297591 184.17607058024402 1034.0020430954755 268.07627975339733 1.4646131 1.6518877 3.9949694 5.658283 1.6959447 13.796631 -0.060790665 123.74674579936466 
Car -1 -1 0 639.9565159098187 181.7611706000033 692.2859264091686 221.29365153043153 1.3892918 1.55917 3.9579759 2.1464572 1.7632458 28.278645 1.5229104 42.83808928563236 
Car -1 -1 0 312.98861731655944 181.30785688019094 469.721802184979 233.57229014616027 1.5001242 1.6239375 4.248968 -6.526175 1.766283 21.853045 0.024444893 79.48786255296342 
Car -1 -1 0 123.93412525962053 185.63781419920522 382.02217840984275 268.2043755950919 1.4197996 1.5788261 4.043708 -6.5272474 1.674185 13.513419 -0.027387816 38.18085501639386 
Car -1 -1 0 0.0 189.8782137106499 331.7221100454624 297.1689331559905 1.452203 1.6139799 4.1955147 -6.630268 1.7326897 10.9723015 -0.052313484 29.607187496546462 
Car -1 -1 0 549.6035697953453 178.7754965309237 577.6981817408162 199.98837244601492 1.4501829 1.565815 3.7844176 -3.2948475 1.8956921 52.347237 1.6347072 4.617084489654886 
Car -1 -1 0 377.20833706658647 175.52828315970652 490.34259774715485 219.28622283243325 1.7077684 1.6265128 4.157291 -7.0377536 1.8189541 29.132206 0.025699416 8.489120421323292 
Car -1 -1 0 635.720653862939 178.82250546609663 673.3425921444308 209.38591467630985 1.4670513 1.5825636 4.1930294 2.2882147 1.7954261 37.579403 1.5423938 4.293290607375629 
Car -1 -1 0 618.2655519362728 176.8511576406196 643.9357214080264 197.78574524023563 1.5462816 1.564232 3.581408 1.6371629 1.8659942 55.85755 1.4792643 5.410364650050283 
Car -1 -1 0 189.43172669252243 183.2185961665743 393.93322517936264 252.57128331137338 1.4572017 1.5790272 3.8940806 -7.0220966 1.7012893 16.195518 -0.0037422087 3.1261862523114163 

