Car -1 -1 0 384.0843890123469 174.81641342150132 497.98322540802934 216.19863597712123 1.5967584 1.7262967 4.1394787 -6.657629 1.6774373 28.79375 0.0034289572 63.823373347761674 
Car -1 -1 0 817.722565466604 179.46377445860023 1044.6717761526595 262.3356983719074 1.6060015 1.6858208 4.046045 6.6122575 1.7549512 15.205393 0.10708454 60.559118255347485 
Car -1 -1 0 0.0 181.04112143712516 311.37001751008575 305.920525655596 1.5460188 1.6542361 3.7378244 -6.3535085 1.6714647 10.059486 -0.0924741 112.90507665325767 
Car -1 -1 0 845.4468939355854 190.70685929022025 1124.7996830493394 280.6544443836887 1.4219141 1.5832987 4.0497293 6.4067793 1.756355 12.636233 0.04426258 108.30007527935994 
Car -1 -1 0 423.0267575681873 170.22017115249167 520.1603612745514 209.53172493108568 1.7766271 1.7638909 4.3586283 -6.4124823 1.6575949 33.815723 -0.1545474 28.026972519589012 
Car -1 -1 0 730.0134493991691 171.25207814637906 888.6262074162643 230.62899279645933 1.8175762 1.7501441 4.5721154 6.311295 1.7685399 23.09137 -0.05727829 79.56263909875004 
Car -1 -1 0 300.82323756129955 181.14410943291702 441.00086941299185 233.72965965813086 1.4984776 1.5724707 3.6813045 -7.0705853 1.7559762 21.61231 -0.007131925 12.543189707673507 
Car -1 -1 0 276.06924125778283 170.2901049203188 442.5454319430442 238.2397634120427 1.7222388 1.6211518 3.8623152 -6.5849633 1.6572547 19.215685 0.06149782 4.218264367456418 
Car -1 -1 0 517.0540239337885 176.02606810449086 541.1833071470361 197.2976143504371 1.4798899 1.6032567 3.846478 -5.918784 1.7210035 52.823303 1.4198173 0.9628467105686371 

