Car -1 -1 0 778.3708436666257 177.14079546562294 1012.9251353977127 347.93880557130586 1.524594 1.5683832 3.3558142 2.9934435 1.5839578 8.259762 1.6461048 108.61102304436714 
Car -1 -1 0 149.2065289897596 198.21815591856884 349.5261193200316 310.22380196836264 1.5390166 1.6247283 3.7893531 -6.06053 2.0509152 12.667265 1.570936 85.9099594051991 
Car -1 -1 0 455.67653482068397 186.3947871028381 503.95712481818873 219.96525615935562 1.491858 1.563278 3.6049466 -6.3037496 2.1904035 35.385124 1.6185809 33.15601122698874 
Car -1 -1 0 643.7733025786767 175.5252568800539 680.2874752004268 206.83332538478692 1.5910184 1.6245335 3.819044 2.7823448 1.7422284 38.91959 1.5525227 31.6775161950843 
Car -1 -1 0 183.5804044790665 198.17464793169762 237.36097646598023 226.61739648335103 1.46947 1.5834103 3.8873982 -23.688086 3.0490062 42.96502 1.4097794 10.469925552080774 
Car -1 -1 0 220.68648593783396 196.64060362386783 282.32840876840135 226.47025774470967 1.5331521 1.6683269 3.9000952 -20.831448 2.986905 42.146973 1.5698149 9.552547366503036 
Car -1 -1 0 479.38732288979674 185.6124851359007 519.8215619339111 214.67306570404435 1.4951687 1.5858335 4.124175 -6.19492 2.2573967 41.027695 1.5927866 9.880254693002863 
Car -1 -1 0 804.0425004331246 163.16931957542988 830.0407936028463 180.58129415434772 1.4958012 1.625284 3.8777761 18.369396 0.6638242 64.00792 1.6924287 3.86087118155675 
Car -1 -1 0 504.6455531360123 181.37462533940354 528.7207825442088 205.81202006958034 1.5441216 1.5620909 4.115423 -6.3623123 2.1508994 49.235806 1.4299974 0.6562200803699397 
Car -1 -1 0 538.3022229981358 182.4618780981825 565.3944627244464 199.9293530788781 1.4801395 1.5622507 3.8778095 -5.1993666 2.378491 65.42496 1.7337872 0.7892397836202274 

