Car -1 -1 0 752.0189573749341 177.43875874967316 876.2125966559828 230.04262864626028 1.4375551 1.5681835 3.5595012 6.1346335 1.5895673 21.98929 1.0504457 91.63840744372254 
Car -1 -1 0 624.3136506973391 178.0078374041471 671.149984444298 210.81950071219393 1.4493107 1.5388609 3.4041116 1.760803 1.7067494 34.239204 1.4120712 70.58181807591903 
Car -1 -1 0 96.46329455477414 178.9327386291966 332.8656912753514 271.3912157393079 1.5696412 1.6296982 3.4372091 -7.0951934 1.6879299 13.200276 0.014936552 120.81956296702587 
Car -1 -1 0 610.2644025544354 175.77334280162887 641.8361254064711 202.36869548095845 1.5211347 1.5498842 3.9683697 0.957796 1.7063733 43.749218 1.5000999 7.767815500582045 
Car -1 -1 0 369.3319265254419 178.25630830394473 482.2325709057103 216.0818897889509 1.4970129 1.6690297 4.249484 -7.499777 1.7263701 29.724445 -0.03519377 21.57986965874504 
Car -1 -1 0 495.13289790257295 178.23635355266012 522.8129079745502 201.70632234247722 1.4789543 1.6327229 3.9285414 -6.7116547 1.8552905 48.423634 1.4856263 15.044955739952371 
Car -1 -1 0 164.97786170824716 181.46146721933872 384.79609699533904 256.38545684872696 1.4720163 1.5966699 3.8783898 -6.910776 1.6624734 15.162876 -0.0021845347 19.60725845293001 
Car -1 -1 0 415.2498023018128 180.30199530555552 497.70870710489174 210.23465990891464 1.4686544 1.5892054 3.8376937 -7.730193 1.8554169 36.641193 0.01701094 6.692559511223367 
Car -1 -1 0 428.18799598897476 179.43211332344396 503.89693566296694 206.7490814199168 1.5172749 1.5899165 3.9883463 -8.213093 1.9038177 41.46315 0.07173442 1.9414680485130424 
Car -1 -1 0 317.7733888281365 177.96490666997343 450.95646923435595 223.55353840158392 1.5047667 1.6334867 4.1022153 -7.7627974 1.689398 25.05423 0.096882135 0.2969166934490204 

