Car -1 -1 0 667.4851338952534 181.6917828785671 807.7982782322839 285.11436533400274 1.5983495 1.6258376 3.7662761 2.1894403 1.5438889 13.044941 1.5008543 139.02107354721733 
Car -1 -1 0 389.1033639070768 187.18897305281934 463.54754607057424 236.6159137621539 1.3911517 1.5465152 3.9126854 -5.5301304 1.4581008 22.390759 1.5117909 62.69316533804425 
Car -1 -1 0 537.7128968762763 180.61039851244092 581.1414558433169 220.87148586180083 1.549537 1.6400263 3.447238 -2.007172 1.3722918 29.467642 1.464519 47.34683320253065 
Car -1 -1 0 300.1575316852466 190.3185868120171 415.0391890901072 262.59730588053037 1.3873756 1.5484164 3.4947739 -5.360403 1.5126882 15.852789 1.4961023 91.87390510968117 
Car -1 -1 0 527.4730999043537 183.5922663050664 560.8018839563497 212.17860436470968 1.4748073 1.5569135 3.3156734 -3.3608816 1.3910522 38.75676 1.5548751 7.389437224546596 
Car -1 -1 0 462.7074262061905 182.53251815964836 497.44613952570853 208.12138125887097 1.4532261 1.5820411 4.024843 -7.532825 1.3008447 42.879807 1.5126307 7.412420590557537 
Car -1 -1 0 576.9143889733409 181.27233567289986 603.2481512733125 201.04537936759735 1.4771352 1.6272457 3.8526437 -1.3593161 1.1825483 55.71945 1.4369317 8.576685330733564 
Car -1 -1 0 418.60094682526795 183.81423225848212 475.21090256761033 221.95882474765426 1.4919168 1.676167 4.380207 -6.6803055 1.4371024 30.355335 1.506631 9.11173664728312 
Car -1 -1 0 324.3179391069735 182.53977094935973 393.37040570197956 222.25976988736423 1.506027 1.6573973 3.5510757 -9.9518795 1.4045663 29.056423 1.5399971 4.045631075778954 
Car -1 -1 0 173.1987269186566 168.37488331734204 308.99124995427485 248.35414407186983 1.9365284 1.7801619 4.590858 -9.848183 1.5287638 19.777401 1.4723102 9.440752746736287 
Car -1 -1 0 435.09640364649846 176.228519204911 457.76344331003276 193.782768007107 1.5295036 1.6102736 3.8856316 -14.42829 0.7464497 64.65931 1.4506581 0.8631361648368047 

