Car -1 -1 0 748.5403478424421 185.73400450414283 942.2214547145289 249.89304247413406 1.4275339 1.6136492 4.150048 5.6174073 1.7565348 17.441057 -0.089758754 55.961882356821675 
Car -1 -1 0 907.0680620243076 189.43515351318425 1242.0 314.88447694119054 1.4706826 1.57701 3.7716563 6.1297426 1.7081133 9.504708 -0.020618204 87.48653236698783 
Car -1 -1 0 796.1717468473361 186.77741334178157 1016.3966833278546 265.09571584038974 1.4414892 1.5606008 3.8089218 5.8818235 1.739871 14.536211 -0.078097835 84.74120274828356 
Car -1 -1 0 631.4691770337424 179.53548764753035 678.8211220838115 213.68714829922754 1.4191424 1.6126636 4.2199078 2.017084 1.7446501 32.990223 1.5002091 40.52914872730766 
Car -1 -1 0 0.0 183.3528863688059 261.3460725732578 320.4524730401819 1.4946443 1.6022644 3.9140615 -6.6168346 1.6363151 8.867755 0.034728214 42.55223022585206 
Car -1 -1 0 85.57903994332935 178.89847073515355 362.0736376612175 274.14366364657735 1.6131608 1.6978072 4.1808486 -6.943269 1.7333223 13.345598 -0.07258219 77.52594495881075 
Car -1 -1 0 861.1675586604902 185.28719688411968 1127.7195525780362 283.13059107546263 1.4723186 1.5685302 3.6914227 6.333767 1.6971867 12.077235 -0.10453446 27.678104491965428 
Car -1 -1 0 390.4695358725117 179.10483772983082 500.2737454150282 215.96916276975585 1.4574832 1.6157763 4.1601424 -6.6852465 1.7218007 29.662447 -0.019305253 27.248752990347192 
Car -1 -1 0 742.3353284304368 170.44828190171154 904.1746310541444 239.06551572844526 1.7923882 1.6684052 3.9286578 5.7985144 1.729547 19.834606 -0.07916081 29.216615731536535 
Car -1 -1 0 360.87435532194377 177.2183203952532 480.1023814911376 221.50776865987143 1.6026589 1.6214216 4.057627 -7.0327635 1.7715735 27.099308 -0.0079358155 23.00412755666426 
Car -1 -1 0 398.05501728964106 154.11672672563145 433.9899049195933 177.17879546260977 1.7112443 1.619467 3.6473873 -14.816107 0.32090682 55.402145 1.6221182 4.104332282040374 
Car -1 -1 0 174.25835260405293 163.76001493276917 402.2247044448386 252.17590479830622 1.8403986 1.6847475 4.2881145 -6.9595084 1.6511049 15.962776 -0.047767706 1.6340363979116028 

