Car -1 -1 0 765.3235238820228 177.81378293444595 901.4365563840056 233.99646438958118 1.4158244 1.5979332 3.543584 6.2391033 1.5697476 20.458439 1.0475178 86.8158715522762 
Car -1 -1 0 625.4228558856454 177.42688874455843 674.6417224659493 211.70975269777867 1.445435 1.5233245 3.3613336 1.7808956 1.6638571 32.680607 1.4049224 61.04599538376494 
Car -1 -1 0 27.877741183275223 180.84599570069332 299.52080113386984 283.42734319418815 1.5247746 1.5998981 3.4251924 -7.0811067 1.6635426 11.69183 0.02145847 103.3174936006498 
Car -1 -1 0 609.4687880004099 175.87732265190974 640.5126776391583 202.5131390812636 1.4703374 1.5089006 3.9397001 0.86325276 1.6559923 42.297184 1.5120512 12.590432334484493 
Car -1 -1 0 360.27628838034235 178.35958125118648 476.6654536114309 218.60648782292535 1.4999504 1.6541603 4.146266 -7.369473 1.7218906 28.120773 -0.067867704 32.47063847535223 
Car -1 -1 0 491.5832507951394 177.53546876242058 523.4641718868799 201.74424896615656 1.4783833 1.6548076 4.2163095 -6.6038065 1.7974372 47.032944 1.5278821 15.239537752484376 
Car -1 -1 0 115.29484127406542 181.84946947356366 365.9684179311484 266.51690367753656 1.4854447 1.6145922 3.9143476 -6.836609 1.6657629 13.647929 -0.0042596315 17.61231223791417 
Car -1 -1 0 418.2060477625077 177.94727032701138 499.7929071985218 206.37750148544353 1.5333803 1.6118829 4.1771555 -8.324627 1.8225443 40.09584 0.030178227 3.9967577211810936 
Car -1 -1 0 338.5157942191757 177.42033109210374 451.6158721644511 227.46119652240588 1.5002447 1.6847923 4.0093436 -7.16506 1.6639695 23.928509 0.70644283 1.0287549603422548 
Car -1 -1 0 410.15931057779227 179.79915858879835 495.03147492922204 210.41624722890452 1.440292 1.578211 3.7795577 -7.594995 1.7861439 35.120544 0.011235656 0.2535431385040283 

