Car -1 -1 0 287.4753612030193 194.0720954651584 449.1263497874412 297.5286469235698 1.4222808 1.5566205 3.4247997 -3.9427867 1.8366029 12.35922 1.5941765 102.6147628778203 
Car -1 -1 0 652.5740343231176 181.14044938622894 705.1480452721046 222.9252978761034 1.4226809 1.6002265 4.0986013 2.5599713 1.7612472 27.430206 1.5695832 57.87172003837683 
Car -1 -1 0 804.6426026476901 163.76408879745986 992.9767492667497 224.3342524156015 1.6283559 1.7287904 4.603883 8.023234 1.3839844 20.28722 -0.010949456 89.52253918093338 
Car -1 -1 0 430.6743069240853 182.25809548575427 487.8768229475802 224.74110579939943 1.6945117 1.6491315 4.0557394 -6.5248404 2.1343143 31.711933 1.5762496 30.576000531862423 
Car -1 -1 0 742.6920561147487 165.39081567729204 859.0698057785418 206.26244346292026 1.624042 1.6831582 4.3097935 7.792923 1.3274908 29.614058 -0.04781612 40.702885786300804 
Car -1 -1 0 477.421967890695 184.35834199954962 518.2430558131182 212.21691718747982 1.517874 1.6072161 3.909986 -6.599125 2.2348084 42.965076 1.6315181 7.964577289515069 
Car -1 -1 0 781.700029833703 160.880860573137 927.979773348392 215.02074676631563 1.6893036 1.6694564 4.181378 7.9002934 1.3157108 23.456272 -0.0520849 25.913460541863124 
Car -1 -1 0 944.1673998227844 156.51215069682593 1013.8482867582246 184.89423836866285 1.5109516 1.669231 3.676658 20.575235 0.6409751 40.345024 1.4371105 4.549917808333873 
Car -1 -1 0 674.6380215467702 163.28623591947735 697.8107625884767 182.48077015689563 1.7851329 1.6337216 4.240517 7.324601 0.8953099 69.25187 1.5361085 3.296508968372216 

