Car -1 -1 0 276.9483721461178 192.08115271828188 455.0644362586596 323.9683172186133 1.5317671 1.5515938 3.4109728 -3.3684218 1.8605323 10.610606 1.5421982 115.10364936417763 
Car -1 -1 0 819.1224848698602 191.59184674097423 1137.8930557953058 375.0 1.4449574 1.585795 3.9039102 3.6312664 1.7025988 7.9520874 1.5927707 144.27990139183154 
Car -1 -1 0 716.8965068036275 175.62456980371763 860.1806201492652 277.4463727501653 1.6021979 1.6322216 3.7313433 3.1271439 1.6606855 13.344139 1.5428014 98.12907199725454 
Car -1 -1 0 667.4483861427974 179.7502292946588 727.1357022709265 225.58677098755453 1.4746796 1.6365919 4.248797 3.0708537 1.7432859 25.978472 1.571835 39.09090992807096 
Car -1 -1 0 537.2244874397595 178.16211150428666 571.1794780791813 204.52286982560503 1.4951735 1.6223111 3.951267 -3.3095994 1.8316491 43.734756 1.6057787 12.702053024780897 
Car -1 -1 0 654.0309445633656 177.0145121489769 690.178140841834 209.07528151046884 1.593305 1.5393996 3.2991486 3.2495196 1.8217963 37.958435 1.5465412 13.056019454791741 
Car -1 -1 0 464.8035972043371 170.02323887277367 536.6776701694681 239.06632538646582 1.8923554 1.6907059 4.336975 -3.2046425 1.8147689 21.975002 1.5330281 20.88072684285595 
Car -1 -1 0 693.0545087929931 182.10155354708058 774.4501346696591 241.60847496896096 1.4477658 1.5697113 3.7631195 3.3426054 1.7287575 20.033298 1.5585818 2.9045082595174967 
Car -1 -1 0 664.1554698310258 177.93139360080173 710.0021507677617 216.643051432217 1.5445771 1.6178198 3.6820693 3.2850263 1.776601 31.123268 1.5809793 0.5702250291683414 

