Car -1 -1 0 652.9710910475642 177.0182352590105 747.8166741850318 241.46670261769478 1.427415 1.6266127 4.294287 2.186497 1.5466199 18.459536 1.5062491 109.4964310671296 
Car -1 -1 0 199.73332947023871 184.02970702708663 416.0415023736962 256.4878947918771 1.4223003 1.5957108 3.9814343 -6.3571954 1.676243 15.428413 0.08652439 58.37881383915803 
Car -1 -1 0 83.81856652047361 186.43371547644287 360.997248531731 273.6680314051073 1.4177865 1.5858456 4.057977 -6.7082815 1.673873 12.793438 -0.010080103 72.38606013038962 
Car -1 -1 0 288.1209115305858 177.98974141038636 436.2485322238693 234.38663634536363 1.5219147 1.5834508 3.662788 -6.9754205 1.6746343 20.54652 0.06532799 37.32681935706998 
Car -1 -1 0 632.7863719606656 172.57269516874095 673.9875392767129 206.25066277559316 1.4810356 1.5617334 3.886558 1.9922463 1.4686646 33.699062 1.5371675 18.702865232257185 
Car -1 -1 0 391.16141207106836 175.8850029710162 495.2499805762862 213.8861479519731 1.5083474 1.6097132 3.880352 -6.8489213 1.6383014 29.872467 0.13763429 10.631646163817567 
Car -1 -1 0 629.6664799187314 170.6949958305229 665.2890705010948 201.68437206194886 1.5780067 1.5947598 3.6919694 1.9842784 1.4680681 38.612522 1.5379486 6.718429941574004 
Car -1 -1 0 511.91924569308276 175.08845233133334 535.7593657203806 197.31472836335422 1.4786334 1.585473 3.5487015 -5.99609 1.6399987 50.241844 1.4347348 0.26324740052223206 
Car -1 -1 0 413.6037413045161 173.2095696984882 500.4472546959405 203.58337686724687 1.5036986 1.6217914 4.130776 -7.698738 1.5222421 36.686253 -0.06503648 0.5068280023029432 
Car -1 -1 0 462.60008968091546 173.03364298352662 528.1260063893691 197.71946127704692 1.5653043 1.6358064 3.8979034 -7.3854294 1.5772259 46.82593 0.12718408 0.258301317691803 

