Car -1 -1 0 422.60217774309973 184.01907320230538 495.292033249261 231.5572318946674 1.3671813 1.5581665 3.607557 -4.5453205 1.3327668 22.484509 1.5621418 75.29797989485365 
Car -1 -1 0 0.0 182.77157526547018 202.01315696566672 296.1750367523553 1.5457499 1.558199 3.593727 -8.307431 1.5124352 11.611343 1.5496294 100.99213740567613 
Car -1 -1 0 261.67849366443704 187.17016310603273 428.2465914187322 278.3272260501357 1.4114146 1.5976797 4.0041122 -4.590441 1.4528024 13.219347 1.5721879 106.39885164994337 
Car -1 -1 0 238.43305445542674 184.1348027440888 350.9636554761554 239.98490702038913 1.4304061 1.6027018 3.7765276 -8.682259 1.4027227 20.315384 1.5501722 20.520141886617676 
Car -1 -1 0 132.26322915747224 178.08894523452105 259.65811883737797 235.48150478186847 1.5588636 1.6104221 3.7844286 -12.088395 1.3652909 21.423323 1.5782578 69.73102867928391 
Car -1 -1 0 574.5022623201842 175.66304455861484 610.3193786783074 207.8005145480141 1.5088766 1.6531737 3.483866 -0.6869315 1.0603728 35.50319 1.5836322 20.29109338884105 
Car -1 -1 0 359.6903833096121 179.53782627168985 421.4178398857103 216.48988874605084 1.4732168 1.5553093 3.5649219 -9.098651 1.2468495 30.445858 1.5658653 27.99055588342021 
Car -1 -1 0 451.9218865475935 177.9526129466184 501.081499639692 215.73123942264917 1.5084875 1.5407001 3.732216 -5.4978585 1.218475 30.59653 1.5344635 16.456414738260992 
Car -1 -1 0 431.4220441724771 174.29107553572473 476.5092878966522 206.17878105374038 1.7485652 1.6887169 4.1674323 -8.782456 1.1495125 41.508068 1.5777459 3.617618356026707 

