Car -1 -1 0 305.39250654130774 180.47667466683936 388.82710714042395 226.21524651764503 1.4275947 1.5944722 3.830924 -8.7099285 1.27968 24.386497 1.5255992 25.60403422509835 
Car -1 -1 0 0.0 192.62273167471977 344.8933356848758 375.0 1.4583135 1.5711098 3.5701647 -4.194892 1.5542262 7.5150275 1.5814421 89.37059902191707 
Car -1 -1 0 350.0220532241574 184.05564030492854 462.7279620314768 249.79598840476723 1.3951684 1.5816168 4.0742025 -4.6715813 1.3705492 17.294739 1.5685357 110.34246605957752 
Car -1 -1 0 451.5647391087447 180.11244602632226 510.00886041859985 220.9866357801682 1.4082053 1.5453383 3.7094202 -4.606686 1.2323871 26.628119 1.5613106 69.20591946949716 
Car -1 -1 0 127.10097346531155 176.24103200307624 292.7182232576851 254.15293774671528 1.4828677 1.6097417 3.6850297 -8.375292 1.3120563 15.542321 1.5477049 45.05112613388683 
Car -1 -1 0 575.440823852258 174.91318252358298 609.6563849358528 206.2010451736665 1.5014718 1.6426287 3.5639272 -0.7474501 1.0070648 36.29918 1.5456749 21.800203947233573 
Car -1 -1 0 216.20204605113557 177.4810955294723 306.1948856205673 224.8092766638279 1.5639168 1.5945704 3.602608 -12.200989 1.3083339 25.587923 1.5277038 33.05513253025404 
Car -1 -1 0 20.35812070641336 176.72235462317315 130.83921398415947 215.2206686109865 1.471057 1.5456371 3.9617827 -21.637138 1.1465183 29.463417 1.5898385 0.8475064196741678 
Car -1 -1 0 438.60017970834247 171.37452372936346 504.7088215710897 200.20921397934998 1.7539201 1.6957005 3.854306 -8.381249 0.9120066 44.6859 -0.059120443 0.25439631938934326 

