Car -1 -1 0 668.4413624810795 178.8388001909233 748.8471584710725 248.25904508585126 1.6599863 1.6438785 3.955817 2.5777102 1.838759 19.57396 1.5723644 93.4866421994086 
Car -1 -1 0 743.0536770339219 190.19255981408838 990.0229626980948 353.96035907557564 1.4494866 1.6044946 3.6700327 2.7585535 1.701016 8.622122 1.5579375 117.2085179820801 
Car -1 -1 0 657.0948578661506 181.61325692567937 717.6530734232031 230.35618237963138 1.5334063 1.6276637 4.1831136 2.6693635 1.8692514 25.5602 1.5541406 22.132705734278375 
Car -1 -1 0 253.94280599477096 187.6045490106344 434.73802326217935 254.49340646023322 1.4772418 1.5657756 3.7039905 -6.1773443 1.8424925 17.075375 -0.004508936 38.03518395736831 
Car -1 -1 0 288.76211316028576 178.86944680451575 457.1080810327727 243.0025734334381 1.6563917 1.6754115 4.0642467 -6.358797 1.828295 19.712473 -0.034301125 33.775291262275445 
Car -1 -1 0 641.2730381660077 178.36435240980828 683.1533007601514 214.93626328672144 1.6434875 1.63438 3.4723957 2.4844918 1.9221587 34.723488 1.5322912 23.60017314788975 
Car -1 -1 0 72.16706333300972 166.14942367246587 366.26929304336426 282.47747094265503 1.8065255 1.6921442 4.008459 -6.360439 1.7024062 12.06912 0.008934181 87.5206252479365 
Car -1 -1 0 630.3998781385999 180.1975936221571 656.3510159127934 204.0760413399262 1.5062244 1.5580801 3.7688026 2.2420645 2.01967 48.561237 1.567584 2.775218537646113 
Car -1 -1 0 509.1347009715296 181.10766482169413 535.649357348665 206.47592411531406 1.458172 1.5375155 3.5950034 -5.4178925 1.989896 44.593666 1.4255788 3.54800580741264 
Car -1 -1 0 374.48266093303204 181.86865254282304 483.701514921254 222.28353711107644 1.5506744 1.6155541 4.0069847 -7.177246 1.9235816 28.963402 -0.038505305 2.868273553427646 
Car -1 -1 0 171.00142509010885 186.2432504530772 399.5265222889012 266.4148790395127 1.4991348 1.543525 3.9251099 -6.4296303 1.7853909 14.597507 -0.029155035 1.1545600100611217 

