Car -1 -1 0 769.4593222097745 192.1181142032525 1049.211900788873 375.0 1.4183145 1.5605607 3.478263 2.850603 1.669909 7.6763773 1.5811311 84.01780443601038 
Car -1 -1 0 637.6580990479005 175.0790646706062 670.2832801123163 202.6801823853557 1.500704 1.6220341 3.931868 2.5110273 1.6348041 41.516956 1.5673504 15.6052283291192 
Car -1 -1 0 734.8959132843864 178.54159095632778 869.308798059183 227.29459912546292 1.4864824 1.5977259 3.8575978 6.119686 1.6764668 23.160557 -0.07504085 44.33146042145897 
Car -1 -1 0 171.69523857259045 179.4350320630268 408.41731830900534 256.73430728357675 1.4940965 1.6364931 4.1854334 -6.4882154 1.6387725 14.979423 -0.030998591 51.405321780466146 
Car -1 -1 0 708.7657929424864 179.61711252457616 832.4526151024052 221.33686402168755 1.4313148 1.5977144 4.0634766 5.755039 1.6842694 26.026443 -0.0809838 31.215637773726254 
Car -1 -1 0 312.7397257392369 171.68563502326742 463.88358019258374 228.1032597498852 1.655437 1.6886823 4.1169143 -6.672809 1.6211541 22.067455 -0.025081052 43.95562612840815 
Car -1 -1 0 241.9125869933051 175.9435038315674 428.7207858852059 242.90261512771332 1.5372001 1.6271045 3.905964 -6.5421705 1.6156429 17.480957 0.013056427 30.04912976350725 
Car -1 -1 0 840.1049629303615 173.84224968846735 1111.7344381081791 273.1617581400845 1.6303954 1.6347171 3.9757793 6.3243937 1.6492229 12.8047695 0.0633224 84.04889277778715 
Car -1 -1 0 0.0 181.8822529114382 345.49728144039005 300.1955052097711 1.4909763 1.605639 4.0781064 -6.0430923 1.6291885 10.138584 0.051808883 77.20343271622339 
Car -1 -1 0 711.9637552977707 170.8968325588218 824.3719286587751 217.66786129739555 1.7726731 1.7111094 3.9899213 6.1779313 1.6984942 28.3527 -0.07655853 14.336738332269228 
Car -1 -1 0 775.4021963296975 179.50279747670714 940.7460792012356 242.7941987458564 1.5000905 1.5727186 3.6121905 6.183813 1.6758261 18.17988 -0.0588513 28.106169212151872 
Car -1 -1 0 88.2401412943414 177.56782950802932 346.74466200912474 268.56784117006595 1.4930327 1.569565 3.702846 -6.7677116 1.5812466 12.711487 0.0035101315 27.869514840002065 
Car -1 -1 0 805.9747886680256 176.8182994043682 1025.0069823599094 253.86654830494064 1.5212626 1.5857037 3.9383314 6.3221507 1.6092782 15.176328 -0.025756188 16.3472261690651 
Car -1 -1 0 440.39507581107637 172.68889624304126 523.3381158569466 205.59154645519027 1.5969987 1.6261446 3.8090768 -6.309974 1.5889848 35.898087 0.03368309 18.806598824974774 
Car -1 -1 0 340.67185670480205 168.05630502547825 479.70690222953806 221.2084654497776 1.7510412 1.6649646 4.2805915 -6.7194695 1.5929861 24.60712 0.00203252 2.320938570257231 
Car -1 -1 0 452.2976699657504 176.2255807403592 530.7419556853987 204.77855289940862 1.4818897 1.621984 3.9225101 -6.247893 1.6654719 38.464798 -0.0060762772 0.5943739057895135 

