Car -1 -1 0 213.44232870552614 176.7381745898873 460.1273792968389 335.3902986686031 1.6219547 1.6848297 4.240336 -3.1995497 1.5352861 9.475767 1.5630168 107.3379808140149 
Car -1 -1 0 141.7781760316029 186.81096842581172 307.44633008633116 264.4605051700298 1.4589517 1.6281654 3.7278216 -8.012178 1.497429 15.461103 1.553865 54.34766901228232 
Car -1 -1 0 448.74216590822857 183.00488265124253 517.6318614544779 232.29739199024047 1.467078 1.5859294 3.6399524 -3.9180737 1.4012781 23.217693 1.5741181 70.97523775738983 
Car -1 -1 0 0.0 190.7892173338719 135.67974543871694 265.83061637750546 1.4190379 1.619269 4.0632153 -12.615184 1.5584428 15.938457 1.5833032 77.44201779266737 
Car -1 -1 0 565.9284526851148 180.11943044962794 607.6064435137434 218.97511479112947 1.4926775 1.6021477 3.1265044 -0.84030426 1.2968996 29.20631 1.5351827 28.266503609597823 
Car -1 -1 0 414.8704486060197 183.85867008970163 458.2458540962324 215.67654470300715 1.4501736 1.5258923 3.742529 -8.177677 1.3883239 34.69696 1.4788251 20.236195116217065 
Car -1 -1 0 504.32517459061665 182.21735065067628 544.405404154178 212.8221486372767 1.420121 1.6205564 4.0538135 -4.022379 1.2809919 35.405945 1.5416548 12.06059240847803 
Car -1 -1 0 353.85109983952344 178.74780862834956 426.6085892300352 219.16316305918588 1.4545399 1.6193209 3.7946968 -8.2891245 1.221762 27.78023 1.5851274 7.75953818394159 
Car -1 -1 0 252.85436090985402 183.16345467529877 327.01960178594453 221.42187446939118 1.4514449 1.4770213 3.6752656 -12.760677 1.373587 29.13118 1.5403277 0.2532760798931122 

