Car -1 -1 0 29.126022084515217 203.49208485992486 301.8490846939457 347.54210040732556 1.5465907 1.6061188 3.7758367 -6.0727015 2.0705009 10.445169 1.5773004 94.4420964809839 
Car -1 -1 0 830.8420362696446 181.71015663855778 1217.3534481040558 375.0 1.4713118 1.5532174 3.4210663 2.9849758 1.5671816 6.027131 1.6777666 76.57851433061165 
Car -1 -1 0 445.58436057734934 187.41493324364342 498.18915531787945 222.70598041272552 1.4567864 1.5700128 3.67474 -6.2688904 2.1645088 33.199005 1.6157112 47.10224174682385 
Car -1 -1 0 644.6795345827692 175.76241028938585 685.2062652627842 209.18069137131639 1.5955269 1.6240501 3.751281 2.764475 1.751104 36.688946 1.529322 38.70985860481749 
Car -1 -1 0 201.23333537006638 196.23791522600578 264.62232283486895 226.75677684086264 1.4809031 1.621907 3.8961513 -20.80879 2.8425007 40.031567 1.5264583 12.364696599266843 
Car -1 -1 0 470.0978734554607 186.1722489084913 512.7475266011533 215.960612811744 1.4462504 1.5408912 3.5436623 -6.244482 2.1893396 38.45211 1.6176376 10.742730377098642 
Car -1 -1 0 251.50461139694232 193.5783142789846 314.469665178997 224.0493925812866 1.4854705 1.7068841 4.2293386 -18.113686 2.7023745 40.227234 1.5392944 6.052211471556505 
Car -1 -1 0 497.51230141550667 181.63692175761605 531.2055677660426 208.184677169698 1.5964761 1.573101 4.3286896 -6.1512733 2.1950774 47.00266 1.5831206 3.22770628699672 
Car -1 -1 0 125.25105675637954 201.5513848023547 218.2342628423771 230.03563181669125 1.4587531 1.6231234 4.139682 -23.959183 3.0668693 39.56583 0.026931474 3.5830805707898112 
Car -1 -1 0 535.8611611312423 182.36696557632325 564.0779882899452 200.5699744342985 1.4856306 1.60202 4.15406 -5.1913185 2.3490286 63.319904 1.7078221 0.25479015707969666 

