Car -1 -1 0 572.1336735104451 176.51802080717164 654.8562933476292 255.2348486532401 1.5932643 1.6755129 3.275823 0.14778873 1.4172194 16.198364 1.5834637 76.87684790863939 
Car -1 -1 0 155.43543941154678 186.02154850867825 311.6853654628092 257.0906045295591 1.4289135 1.628736 3.7023816 -8.295059 1.4493134 16.346489 1.5707872 54.444255970154074 
Car -1 -1 0 230.5578207947115 191.91565284730524 408.8460720291543 292.5371953891512 1.37537 1.5369157 3.524956 -4.510961 1.5020608 11.827012 1.5662199 79.04762350474923 
Car -1 -1 0 401.18925737627916 183.72879670839765 491.33065935006573 239.9806215399098 1.4151131 1.6097425 4.146105 -4.3830166 1.3777075 20.159264 1.5681407 72.69516445354499 
Car -1 -1 0 0.0 188.56417972421778 138.80822474517754 261.27485818942984 1.4636025 1.6035483 3.7977104 -12.790627 1.5497515 16.570847 1.5385482 33.46309671943156 
Car -1 -1 0 365.3940140785272 180.31257086205258 424.62580677904526 217.211395284774 1.4041364 1.5672193 3.6756785 -8.554417 1.2175543 29.245413 1.4975002 16.201757828863258 
Car -1 -1 0 257.16042834852004 178.22919846807793 341.22311384544366 216.94087085659666 1.4482855 1.6525453 4.32923 -12.332397 1.1869057 29.081623 1.5417476 13.02078116978891 
Car -1 -1 0 648.7646478733375 181.7315697828669 677.0873718986174 201.1907828975208 1.5268614 1.6042287 3.764669 4.561851 1.2534803 58.432922 1.8408266 7.2934760677279336 
Car -1 -1 0 709.3611200391344 184.6806316054782 731.3236574584467 198.72164819729647 1.5057433 1.5556302 3.61804 12.464788 1.4483633 79.05846 1.9716845 1.348527924688068 

