Car -1 -1 0 0.0 182.522075994297 253.4935786421124 370.56337677550454 1.713798 1.6916822 4.3238072 -6.242251 1.8642762 9.016991 1.5042856 121.16674310895694 
Car -1 -1 0 491.1534639573077 181.00855111512774 541.7907450178839 217.07197355931532 1.4205877 1.7246493 4.2689414 -3.9938023 1.8013186 31.540817 1.5555707 58.47477049023347 
Car -1 -1 0 211.35167536212478 183.96343647719533 373.15363406705904 273.8255892960752 1.601248 1.6612552 4.1173577 -6.5537176 1.8705406 15.428429 1.5672127 74.14380837667711 
Car -1 -1 0 384.84236782016615 186.388843885704 455.5479377486234 229.6599720650409 1.394716 1.5611745 3.7561393 -6.8163795 1.9238383 26.321762 1.5805115 49.81218149602355 
Car -1 -1 0 627.3149371624901 174.64219938099055 654.8193241974539 198.14874236791843 1.48999 1.5699775 4.0011024 2.0608797 1.614098 48.06005 1.5484818 28.277599048863863 
Car -1 -1 0 526.5388547593482 178.68366727351773 553.291082743596 204.98058003235016 1.4862782 1.5341711 3.7736678 -4.1705403 1.8540622 43.580715 1.4943107 10.492585245301335 
Car -1 -1 0 700.0440826462446 167.8738524213317 780.1693827634429 196.2888582065571 1.5861737 1.7151062 4.2541323 7.3974495 1.3081732 41.145706 -0.0050345566 16.876795645948782 
Car -1 -1 0 466.31707511592487 182.37077686481996 508.96712401237755 209.67179141128227 1.4258256 1.5562874 3.9900563 -6.8931403 1.9952334 41.136356 1.6256773 5.001769999611703 
Car -1 -1 0 1088.2772759998593 149.74486817295323 1222.1716333001004 205.8209642089132 1.7077302 1.6288166 4.0310764 17.990545 1.0039692 24.042944 1.6435106 12.556029766033397 
Car -1 -1 0 699.8889676323439 163.37904552762004 772.0028716862691 192.56323019003614 1.7421944 1.639137 4.0806794 7.660702 1.1765723 43.951607 -0.028963614 1.8597655885761195 

