Car -1 -1 0 436.4967294667594 183.08944835581084 539.3576165423659 249.75661987130087 1.4414501 1.6716461 4.4778504 -2.9762516 1.7373971 18.581799 1.6246852 125.39434917979727 
Car -1 -1 0 718.5422246051838 176.18068367626984 885.9571598027596 294.02941955407823 1.575388 1.6956524 4.111698 2.9192271 1.6394564 11.829101 1.5841354 114.92203090838146 
Car -1 -1 0 680.4984971354838 182.16293774019798 764.5708705450743 245.44321140870318 1.4300357 1.5620522 3.682571 2.821296 1.6951711 18.700367 1.5590364 57.666945981380096 
Car -1 -1 0 523.6866331331205 178.85978678828496 560.1568238822584 213.1576265849042 1.4832373 1.4795785 3.3513412 -3.0970294 1.7761757 33.495926 1.5397217 23.471557940950973 
Car -1 -1 0 664.8392765095527 181.94645437746772 726.3372502713245 229.8548382737295 1.4047389 1.5971116 4.0315447 2.7690654 1.7320126 23.947746 1.5803219 14.987299107225358 
Car -1 -1 0 644.7549375216612 174.66802805333316 665.7697346942804 195.26495798350058 1.5951729 1.6226475 3.7687476 3.654596 1.746164 58.13829 1.6161402 2.450128389753518 
Car -1 -1 0 653.4087960165855 178.01744461704882 689.8943860961876 208.80408598073848 1.5141975 1.5036745 3.7643108 3.2253559 1.7999306 38.026924 1.544408 3.239080993226438 
Car -1 -1 0 481.34752082428867 180.47244257445308 545.0751111181187 230.3132294772879 1.534668 1.6249354 3.5841913 -3.2035286 1.8132678 24.577965 1.5908914 2.341155689744356 
Car -1 -1 0 541.4571597092049 178.0767413893441 575.6242323746022 206.41066793758137 1.5014666 1.5632043 3.6023867 -2.8381844 1.8095243 40.73383 1.6028436 0.303901344537735 

