Car -1 -1 0 850.3052299368832 191.1704220741532 1217.7729917777601 375.0 1.450134 1.6063282 3.8105302 3.8160474 1.6852119 7.32452 1.6108387 98.8588486310573 
Car -1 -1 0 220.40550043436858 190.74723213416542 412.798757856248 301.7604755903241 1.4651892 1.7110267 3.9666579 -4.674716 1.8166772 12.171122 1.547771 111.6453467531253 
Car -1 -1 0 365.9070588592987 185.90934394745494 475.01294537091445 256.57989566984236 1.495286 1.6063013 3.7673538 -4.5460706 1.8533809 17.881615 1.6041927 75.79031502114424 
Car -1 -1 0 715.3292345718302 178.79959058283083 817.8664217850923 246.68583749950338 1.4683554 1.622867 4.142171 3.782085 1.6342328 18.050625 1.5599959 64.5823406707994 
Car -1 -1 0 518.6992601172475 179.28177422202515 556.5884141068861 208.60354344702404 1.4895111 1.5127163 3.3046265 -3.8550363 1.8529649 39.09874 1.6391317 28.889115141936845 
Car -1 -1 0 427.912528599955 184.84517935936873 508.18881008182734 235.52563971889066 1.413095 1.6067427 4.2744975 -4.4543543 1.8364717 23.309431 1.6086996 49.68908573652608 
Car -1 -1 0 759.5523276825218 181.0099681955848 909.2304787452657 280.8629212964828 1.4801289 1.613421 3.7100542 3.8188012 1.6469592 12.880664 1.6008025 78.52791550569424 
Car -1 -1 0 693.3920907140056 178.9085466789692 743.3690259074687 219.64629872691384 1.4874617 1.5473051 3.5620663 4.263679 1.7432834 28.684238 1.5998956 21.66715793420097 
Car -1 -1 0 699.4531704834466 179.18372674199335 768.6180964180298 229.92568690200903 1.4696705 1.6169937 3.73167 3.9193287 1.6899729 23.239225 1.5803549 11.74028441450473 
Car -1 -1 0 562.2143480658021 176.64442304609693 604.5191551089534 190.15758100199005 1.4347948 1.6558776 4.425278 -2.8174603 1.8505228 78.15089 0.07265902 9.003071927747024 
Car -1 -1 0 532.8407942357289 177.96816489127943 571.5783143826546 204.68448162219653 1.5139852 1.65717 4.101926 -3.430348 1.8396149 43.82126 1.6662717 2.635261267256861 

