Car -1 -1 0 725.8855861548175 185.6526072595986 896.9297078934997 299.30020004190817 1.4268075 1.5613706 3.506074 2.9415965 1.6578846 11.243813 1.5299492 89.01557649012614 
Car -1 -1 0 418.054461825304 172.0471093916639 509.7843599858747 205.8046131956917 1.5775262 1.7000997 4.070837 -6.9280767 1.5398191 34.601685 -0.016448764 34.51745357710724 
Car -1 -1 0 702.25724337878 169.64388347255795 825.1581781813363 216.69351172760966 1.8274605 1.7465911 4.5361137 6.131151 1.7027758 29.00404 -0.046915416 48.86623862996855 
Car -1 -1 0 47.686123654829146 165.66747888689954 360.68016180049716 291.44422555600175 1.7633631 1.6170127 3.8334248 -5.968572 1.6626096 10.942887 -0.009711752 102.61355091293436 
Car -1 -1 0 0.0 185.4763831604471 294.76917597919163 324.67255470446133 1.4763868 1.5955108 3.997517 -6.0980635 1.6408104 8.598587 0.0013329642 73.04806696707169 
Car -1 -1 0 196.33130846166438 173.0279858594282 407.54243432048054 252.45488285700534 1.6225035 1.6917567 3.939732 -6.5849137 1.6265736 15.811632 -0.11571001 67.46793264718346 
Car -1 -1 0 785.643986823447 185.1121963821253 966.5965405896237 244.46049159103578 1.4261634 1.6366965 4.067465 6.759099 1.7572721 18.59832 0.036137268 49.47861341114068 
Car -1 -1 0 754.3844233038592 176.25216398318446 908.4996484960246 233.24846091757593 1.5869251 1.6450716 4.0473948 6.403455 1.6910267 21.153458 0.06417174 22.74037068282994 
Car -1 -1 0 448.4850574727677 166.86565423754442 528.6911223692015 200.31072273414577 1.7825603 1.742682 4.248501 -6.5834017 1.4633924 39.581543 -0.12276682 19.93042803381627 
Car -1 -1 0 523.569045495333 174.20427026432387 544.6053173420577 193.57806130028112 1.510392 1.5722411 3.798734 -6.146766 1.6236229 58.517815 1.4335506 1.071516862613606 
Car -1 -1 0 353.28037172953185 175.87877560227366 470.41269410815084 217.1126790979646 1.5111247 1.6031764 4.0340357 -7.4480696 1.6297898 27.438377 -0.03331901 0.5247427997634796 

