Car -1 -1 0 0.0 203.22182915654625 276.0175866740139 350.630266917657 1.4669766 1.5258777 3.4964514 -6.0817533 1.9486939 9.677353 1.5978445 124.53713547963551 
Car -1 -1 0 713.2768747590045 179.21800507580485 868.130370636585 282.11321877933733 1.5402064 1.6759863 4.128078 3.081842 1.6745791 13.146837 1.5410211 123.74795968551304 
Car -1 -1 0 229.71334776704865 195.0496086645715 394.1834991008717 280.7968520398788 1.4332181 1.6325588 4.1396594 -6.0574923 1.9669069 15.248451 1.6107409 102.251589234565 
Car -1 -1 0 384.1644844040649 179.11451239126887 467.73604384247596 237.0947259364139 1.6819062 1.7028332 4.2818613 -5.8681517 1.9049442 23.550772 1.5540893 90.92889345766113 
Car -1 -1 0 521.2058257102285 181.0473000954901 549.1494809530091 201.7697516438365 1.4979877 1.6867708 3.8529463 -5.6985145 2.1518214 55.637047 1.5901325 8.201272289089726 
Car -1 -1 0 555.077177861336 180.25034894187993 581.4046176267293 201.00511559792352 1.4712425 1.7079585 4.0143375 -3.0905545 2.0516887 54.605503 1.5847877 6.0646546717317245 
Car -1 -1 0 432.14538852089396 184.1059067084077 491.643697615568 223.918155161341 1.4896824 1.6152894 4.0160265 -6.0896187 1.99146 30.158142 1.5843353 3.4595834889131423 
Car -1 -1 0 683.8759588264796 173.50175589554 709.0656485215153 193.3760939615139 1.5091159 1.689616 3.8697345 6.8179717 1.5619566 56.888386 1.6164862 3.786880963213005 
Car -1 -1 0 638.9982532703503 176.01105551742438 658.7401344101552 194.04359267485688 1.4901545 1.5970906 3.5901358 3.3571703 1.7697151 62.077244 1.5975066 3.1588463762452927 

