Car -1 -1 0 629.0616628196185 180.8497299511591 691.091931847977 225.2429694658442 1.430233 1.6454613 4.3616133 1.7495924 1.7463095 26.287142 1.496686 62.24193617097342 
Car -1 -1 0 938.5196633289709 188.3642537062866 1242.0 349.1970388755907 1.4745401 1.5715528 3.752786 5.7504697 1.6613235 7.743383 -0.08697135 102.29446429572707 
Car -1 -1 0 827.8031479619233 188.8451553488971 1160.9026792943423 297.54743145373664 1.425006 1.5881492 4.174721 5.5744133 1.6840615 10.716835 -0.08679166 63.170341122139234 
Car -1 -1 0 803.1399835547569 167.62050419347418 1060.4409708561718 273.7449625316415 1.7842425 1.6579542 3.9545455 5.7320795 1.6962531 13.106031 -0.07510735 47.598485079267505 
Car -1 -1 0 309.8836772740321 182.41657070137234 457.93565987243716 230.15295912538292 1.4361504 1.6286594 4.206263 -7.0814524 1.7516103 22.930002 -0.027971229 21.765857019974675 
Car -1 -1 0 614.2245099927721 177.60544555603815 644.8541783120954 205.06198533199625 1.4739013 1.4995316 3.8666146 1.105288 1.7592671 41.373287 1.5313181 8.41171879628738 
Car -1 -1 0 276.069344726797 183.13559823637337 440.3060074489521 237.40676710306607 1.4446692 1.6226134 4.0765715 -7.0017486 1.7470607 20.374428 -0.017415034 59.358374389194026 
Car -1 -1 0 354.81960717975915 178.40389041134782 462.27330583932337 220.5255873887664 1.5771468 1.5971897 3.723228 -7.7858257 1.8003879 28.136696 0.047867388 3.4106531696901707 
Car -1 -1 0 610.0833937677081 175.38336824122766 639.9353816675783 202.80437052571568 1.6841371 1.5995511 3.892211 0.9603946 1.8547559 46.677303 1.5054656 2.7746890382660876 
Car -1 -1 0 500.54027612754464 178.19771937303145 528.6524952768648 200.31157696085705 1.6344993 1.6312475 3.6944096 -7.346992 2.0637298 56.094154 1.5904683 1.0121467190633424 

