Car -1 -1 0 57.40330940039546 182.97059746017806 312.1035237939117 317.0817817310979 1.6241844 1.6676799 4.08004 -6.184526 1.8092846 11.12659 1.5262024 153.7685737108361 
Car -1 -1 0 479.0544215768723 180.83275137512265 510.57472017935856 208.54672759847847 1.5410097 1.6201309 3.9456005 -6.8469014 2.0427623 43.334846 1.4771997 12.858030065964469 
Car -1 -1 0 269.6747062520989 183.53023853519824 403.5522710368009 259.398147286241 1.5855364 1.6905005 4.1688676 -6.5250397 1.8792412 17.758633 1.5786185 56.425515850198316 
Car -1 -1 0 504.5269718331332 180.98135020849378 551.5994779844067 213.77722311863008 1.4416044 1.7368755 4.321683 -3.8792195 1.8599275 34.965813 1.584455 46.896709404625014 
Car -1 -1 0 406.025952920094 185.65522205346343 468.13451779728234 226.1949820633919 1.4342133 1.5860885 3.7535574 -6.754901 1.9749532 28.59683 1.5643531 33.15004852527369 
Car -1 -1 0 629.1894776634936 175.7003408205082 654.4978263060208 197.75616899188853 1.4624109 1.5610229 3.4980004 2.2090306 1.6667935 50.05276 1.5596533 16.6340296480003 
Car -1 -1 0 702.7874196621906 170.25620835759972 777.145341689059 196.77370618483184 1.5494952 1.7047681 4.260688 7.7568645 1.3976984 43.22031 0.098987065 11.552723787885366 
Car -1 -1 0 534.5769185956322 178.24124633331306 559.5327280037781 202.3970324900228 1.4950864 1.5537903 3.7222161 -4.141459 1.8638465 47.45548 1.4624066 3.902715737599384 
Car -1 -1 0 1061.1410663256306 154.94071703563412 1167.2888968498792 200.60136246289272 1.5290937 1.6323954 3.8335238 18.163607 0.92920965 26.181974 1.7241814 5.96113374209536 
Car -1 -1 0 695.6298053343137 164.49774763672147 764.1543637264167 192.81641237681137 1.776401 1.6320828 4.0689745 7.669076 1.2522216 46.185966 -0.053989027 0.27623483538627625 

