Car -1 -1 0 188.69943175173486 194.21375325997533 368.25708692446915 295.66990412614973 1.4697201 1.5469956 3.6291504 -5.760474 1.9098308 13.043609 1.5824172 106.40682817608132 
Car -1 -1 0 709.6914059396064 182.62488927115368 820.2063329360625 254.497539469931 1.4224646 1.5702267 3.6814966 3.454063 1.6737893 16.67581 1.5124015 97.90862111691224 
Car -1 -1 0 812.073534832867 181.69027536176392 1211.0412530570059 375.0 1.5284284 1.6339843 3.9591994 3.2576091 1.6365881 6.8369703 1.590039 132.5183972141765 
Car -1 -1 0 367.99338986725803 184.88824131958197 469.789289677199 240.71750066739403 1.4687284 1.6391922 4.2352576 -5.7005353 1.8740418 22.113289 1.6695483 74.20192878767891 
Car -1 -1 0 661.7379891152353 179.1981965410439 707.8579193815642 215.8214835652199 1.449153 1.5379437 3.6959045 3.179823 1.738586 31.056627 1.5532401 36.701449265939566 
Car -1 -1 0 681.3065951616786 181.57688296752315 760.3789846464125 233.88883135102034 1.4236336 1.6203777 4.106859 3.349206 1.7200937 22.42852 1.5169997 26.86727615082702 
Car -1 -1 0 474.7043810609266 180.2085871892241 520.6489664892428 211.8453426844872 1.5106134 1.5538042 3.6397061 -5.7118645 1.908851 37.19671 1.6463037 8.31328268158559 
Car -1 -1 0 655.6819080264015 178.0425548219601 695.584887109562 210.01395251315458 1.5105877 1.4978857 3.3251483 3.2846437 1.7842997 36.354614 1.5042099 7.788544980965134 
Car -1 -1 0 499.66566187528605 179.97368726454783 537.0958706025416 207.51693961447762 1.5081822 1.4942708 3.3561447 -5.283879 1.9411645 42.14357 1.6577605 1.817898820543009 

