Car -1 -1 0 747.6276082086316 177.06982731506278 1010.8005143708712 270.63542706185433 1.4381704 1.623703 3.8622193 4.463458 1.5156561 12.222913 -0.1208587 151.5928052763548 
Car -1 -1 0 673.6153281804411 170.7939912330935 796.3018293582151 219.4618502235916 1.4848049 1.5880544 3.5508 3.946508 1.4219561 22.998234 -0.11044896 87.01982054991569 
Car -1 -1 0 286.29401379319916 166.14613778158136 429.1164681393289 215.95713606266608 1.5752888 1.6692857 4.153507 -8.208901 1.3631504 23.794287 -0.06879457 46.98782419080643 
Car -1 -1 0 34.41001303317478 161.9093071998596 313.54139753182517 259.8647260552601 1.6739012 1.6582221 4.1062617 -7.8572164 1.4868739 13.338529 -0.08914597 111.77533179909182 
Car -1 -1 0 131.32618346021712 172.07783404475808 356.91776435912567 244.48011419170444 1.4879699 1.6172669 4.093981 -7.8425045 1.4720185 15.777515 -0.069528215 38.20751970458124 
Car -1 -1 0 197.36773984783474 171.17003781893632 387.14151258840076 230.5415099215771 1.4661751 1.5867327 4.198466 -8.0820465 1.4245896 18.614614 0.0013893158 29.2106296675253 
Car -1 -1 0 652.7934736767711 172.12423248712798 768.6939584750035 214.98244075732586 1.4490576 1.5876957 3.7647903 3.5126321 1.4243836 25.385475 -0.10676606 22.272133136687778 
Car -1 -1 0 466.7108700702192 166.75295206294408 497.30016582583636 186.0943805841395 1.5923449 1.6590874 3.7439733 -10.891767 1.0900563 61.45013 1.1359653 3.6600380070382506 
Car -1 -1 0 390.75484796662414 157.88430956563704 426.26133716981315 194.81281656134976 1.8730507 1.7120417 4.1269407 -10.859644 1.1137729 38.822014 1.2677593 4.082684639143864 
Car -1 -1 0 321.7111015661547 161.12495646528603 430.47818427602954 205.0984692643637 1.6815667 1.6238074 3.9145586 -9.203859 1.2330427 28.704224 -0.15941004 6.361096934789905 
Car -1 -1 0 332.85662905993456 157.99703880102385 429.53311246165816 200.41769953177405 1.7562919 1.5995791 3.8212848 -9.746513 1.1411867 31.042538 -0.20358829 0.2563290596008301 

