Car -1 -1 0 704.7320804802143 186.33557130057847 797.4558120547302 255.56717864491296 1.4282451 1.5876158 3.8902156 3.3288941 1.7940415 17.613815 1.594968 86.65954732113103 
Car -1 -1 0 481.4541557403114 183.9174805293538 531.9636864773752 222.4484312251391 1.6159494 1.6684109 3.814946 -4.681805 2.1562986 33.30599 1.604505 56.3179903495253 
Car -1 -1 0 686.0774520360139 182.1408517548494 750.8810946741212 233.82919680168374 1.4766414 1.6100748 4.1917844 3.4517047 1.8063729 23.49685 1.6040483 53.28661035001438 
Car -1 -1 0 1022.725972489906 161.879604571277 1218.8367555729149 241.76656917068883 1.6295972 1.6118202 3.522131 11.582794 1.4057328 16.460789 0.6897111 49.56557861671215 
Car -1 -1 0 898.9317498171113 177.53128275913858 1049.2152875581435 231.20640713848812 1.5295348 1.6348618 4.0191164 11.423554 1.6886975 22.717087 0.622705 24.38731892703885 
Car -1 -1 0 506.91255008032493 183.6343725635573 545.5773295212862 214.40553644177047 1.502416 1.5942023 3.9252942 -4.401619 2.1081338 38.574314 1.5760483 12.045951438754951 
Car -1 -1 0 973.3844120307735 176.92161322210885 1141.5105112247236 238.09339916135977 1.4563551 1.5402591 3.655689 11.815697 1.5738899 19.128012 0.6517789 5.186122792760891 
Car -1 -1 0 528.3462480914377 182.4483218980082 566.3275973285345 210.1885391243165 1.5530291 1.6230135 3.9144588 -3.7296267 2.1626377 43.820587 1.6649325 1.7379438348507528 
Car -1 -1 0 222.79233602275684 189.92386497023497 266.54178438911487 209.8353473096975 1.4591297 1.6596648 3.5237076 -29.129477 2.8663912 57.705128 1.5924116 1.420435685013913 
Car -1 -1 0 586.4571049581281 182.30704941288806 609.4520612106438 197.30302843575686 1.4533479 1.6214938 4.070376 -1.1731681 2.4612343 74.78316 1.7506711 0.27562415599823 

