Car -1 -1 0 710.2125461532647 180.6089518595902 931.5763579241085 261.0800079909231 1.4631947 1.6627142 3.9068878 4.137552 1.6298699 14.418691 -0.1363365 132.0843482125216 
Car -1 -1 0 654.7998353421444 175.7634425130245 762.6826056978576 221.5577832382034 1.5237869 1.5809759 3.4330206 3.4101262 1.6290829 25.123936 -0.1194255 55.03636137537801 
Car -1 -1 0 292.74410929213536 177.63384417728975 426.69127939172483 223.08027976242897 1.538521 1.6687107 4.247764 -8.805445 1.7159271 25.715393 -0.11116799 54.547568819880574 
Car -1 -1 0 92.47338254250688 174.4606500774911 333.8360531169641 259.5703399547362 1.6715548 1.6824129 4.156334 -8.221396 1.70802 15.294106 -0.119134925 102.3565621418802 
Car -1 -1 0 167.69484239057752 183.3632973922032 365.3399192969672 248.52292351651712 1.4803473 1.6149161 4.0766125 -8.285855 1.7529706 17.716452 -0.09700418 31.447516620830356 
Car -1 -1 0 220.36549470784857 182.38440705362652 390.1804240514347 236.6157908523388 1.4583094 1.5818667 4.154437 -8.546717 1.7396052 20.49113 -0.007023815 18.28544332893719 
Car -1 -1 0 633.542464193972 177.75283221702452 735.0072115580676 218.43189354991387 1.4831029 1.613581 3.5806541 2.8183599 1.6775305 27.596794 -0.1347678 12.022072104788839 
Car -1 -1 0 454.332573186256 175.25801050883538 483.7356769695218 194.12922054519925 1.5903034 1.6430899 3.7798123 -12.373107 1.8083643 63.389214 1.1258762 4.099941562618361 
Car -1 -1 0 326.57383608645017 171.37366611226213 427.4975163557663 212.6792643953546 1.6991712 1.6249601 3.8379526 -9.821564 1.6382751 30.69749 -0.10871497 0.3116368055343628 
Car -1 -1 0 311.9975687836476 174.7810754008855 421.2187879724189 219.5930514272859 1.6800046 1.6077226 3.7682762 -9.393335 1.7577276 28.11813 -0.097285956 0.5786120127102576 
Car -1 -1 0 892.6342163540893 177.1651190400158 940.6274715812865 201.71506861541584 1.4512248 1.6072772 3.957032 19.341831 1.7343653 45.37407 2.2951918 0.2882775068283081 

