Car -1 -1 0 664.4096059787124 178.2673929775411 708.2904808725602 211.3717217488152 1.4514649 1.5878876 4.1386137 3.5983975 1.725162 34.39862 1.5546994 32.35397139983748 
Car -1 -1 0 0.0 193.33763221628078 305.07876609895067 324.31850625242026 1.4201577 1.613863 4.087576 -6.1649723 1.6994073 8.966066 0.031316303 63.19477261797704 
Car -1 -1 0 30.888930154264713 188.8236447758619 328.69411386221753 291.9770818634856 1.4680054 1.5607344 3.7491877 -6.584187 1.736219 11.317399 0.011024411 39.57136745269908 
Car -1 -1 0 309.8433373174638 181.12974532744278 484.4168640594582 242.9319297927042 1.5238005 1.6042964 4.0913014 -5.482076 1.7509156 18.91466 0.041758478 44.00634577368024 
Car -1 -1 0 417.06290483670443 178.78578386887853 534.8558019783164 218.41462805619364 1.5171924 1.6550757 4.3662047 -5.277518 1.7617499 28.824207 0.044391647 31.51003531038398 
Car -1 -1 0 261.5797673807655 184.15726372487666 448.53751702237696 253.45290663319415 1.4709011 1.5685207 3.7261488 -5.752028 1.7445346 16.54234 0.07681094 41.36968581435634 
Car -1 -1 0 381.65266299291966 182.48707458138185 504.36572019342606 228.80530625489956 1.4551282 1.5375484 3.7009535 -5.544476 1.7922966 24.183886 0.16999824 11.98346759125094 
Car -1 -1 0 347.0270339753154 182.97286973189412 500.26715325794095 235.10386786382384 1.4421828 1.566698 4.0979347 -5.435318 1.7551595 21.330608 0.10131464 10.137684888284156 
Car -1 -1 0 501.6901317565159 175.60744069598042 561.5302712789091 204.4098041007029 1.6596603 1.6058009 3.2721934 -4.5854783 1.8261926 42.698242 0.08667501 1.1887086128254438 

