Car -1 -1 0 440.47536832139474 185.95892946124997 508.26073126314986 231.17806353656863 1.4339101 1.5632124 3.6009114 -4.4761004 1.46131 24.67816 1.6008425 53.76237582823712 
Car -1 -1 0 305.26595530949174 193.08818455581257 452.61733624480337 282.78039048647537 1.3981268 1.5851252 3.9215515 -4.0924344 1.5678699 13.525855 1.5540142 107.92015808102614 
Car -1 -1 0 70.38873665917147 184.14916554419602 276.64230327291796 277.82071848441524 1.600077 1.6580818 4.04712 -8.339378 1.5818588 14.304115 1.5722628 109.60865825352609 
Car -1 -1 0 578.6036993244102 181.0160426651543 609.5840414571211 209.06774348561945 1.4778109 1.6321048 3.631654 -0.6923691 1.2565659 39.687405 1.5695306 19.149775003979805 
Car -1 -1 0 284.20696329566215 190.05277225964534 377.451808837045 237.9783138496322 1.3449697 1.5645549 3.5711303 -8.4691725 1.5073262 22.332375 1.55719 26.259551513762446 
Car -1 -1 0 510.26688642464563 182.02060850568915 539.2678557908602 206.62870840122622 1.4418538 1.5378364 3.46478 -4.996603 1.254645 43.887882 1.5214578 17.309648652182364 
Car -1 -1 0 481.21680866771663 184.0850193885473 523.908110478066 215.69948964696567 1.4427569 1.5752023 3.8593903 -5.00026 1.3911573 34.75078 1.5507574 14.908373512109161 
Car -1 -1 0 389.2039174467896 181.6820420350885 446.9611098927078 218.32847793628943 1.5917094 1.6827424 3.8797874 -8.648304 1.4382278 33.172028 1.5597408 16.879488807159397 
Car -1 -1 0 369.35713985668883 180.5179996057527 422.02462360244135 206.8092698360828 1.493394 1.5983166 3.9519756 -12.5496645 1.2265558 42.886986 1.6857324 7.749226795700477 
Car -1 -1 0 263.92895050516347 174.30604553882418 347.9127369131262 222.1912696753449 1.8590487 1.7755259 4.393027 -12.4966545 1.4355031 30.127186 1.5445814 7.484220034683677 
Car -1 -1 0 44.66386432907598 188.55295964016952 200.05623860078632 249.83919605792622 1.4840673 1.6115777 3.860147 -12.978091 1.5838087 19.55124 1.5748699 2.353051534397959 
Car -1 -1 0 430.9942114628595 182.51289805506067 468.30818797711436 209.06894215041197 1.4694581 1.5790057 3.8511872 -9.099386 1.3199008 41.75425 1.499551 1.2279031524273603 

