Car -1 -1 0 723.2465905180478 178.80814631692667 894.127611803943 291.15953787612557 1.5220795 1.6845884 4.067022 3.0818493 1.638257 12.035153 1.558724 118.69302669934432 
Car -1 -1 0 0.0 203.49568072998733 239.13980342059844 375.0 1.5096488 1.5278761 3.3775368 -6.0680156 1.9465921 8.581943 1.5953571 110.22446551652047 
Car -1 -1 0 199.09915896201423 195.92535126422388 381.44196552292135 291.0457477235799 1.456516 1.6238604 4.135027 -6.009529 1.976376 14.161798 1.6081656 126.59688600667697 
Car -1 -1 0 370.55378444395 180.9264607239432 462.22747673499595 238.84387464609705 1.5810871 1.703244 4.2336245 -5.864455 1.8554826 22.407085 1.5735073 74.8649336830095 
Car -1 -1 0 552.917664928597 179.62565056477456 578.536958272725 201.21222384972225 1.4827827 1.6610944 3.8827364 -3.1687188 1.9959304 52.73057 1.5642799 15.339453373395326 
Car -1 -1 0 520.7978926836315 179.58997853507822 547.3246898830085 201.25599360883908 1.5384395 1.6690462 3.963552 -5.6633797 2.0656703 54.476337 1.5495434 15.552356243867983 
Car -1 -1 0 474.7415346872075 182.70819056968188 518.1035053168963 211.9624654750306 1.4428283 1.6032349 4.2835894 -6.082279 2.0076208 39.19742 1.5909339 4.48162160791474 
Car -1 -1 0 424.36791361489907 183.2338309224329 488.3120204072725 224.58001275682656 1.4864504 1.6341733 4.0402837 -6.069475 1.9329413 29.00008 1.5920461 7.360620646352311 
Car -1 -1 0 861.7898660791915 159.83719561527369 970.7645456556518 197.45431913259225 1.5116959 1.5807705 4.0757914 12.798886 0.9885975 30.349081 0.29753458 2.0499989322058774 
Car -1 -1 0 692.2326609840097 172.68060694460058 747.4054752360211 194.1910348153066 1.584017 1.7063181 4.0371523 8.262441 1.5712482 54.245506 0.13222086 0.609117986098851 
Car -1 -1 0 639.3230549694226 176.69609710443183 660.0427023363825 195.2035626734297 1.5004231 1.6163659 3.6075325 3.424847 1.8359753 61.14453 1.6645911 0.5831266381497112 

