Car -1 -1 0 719.2453508294537 185.45020194497826 826.8894420714784 262.0059595324619 1.4136151 1.5919678 4.013109 3.4790983 1.7287307 16.020863 1.6009562 105.5539541732858 
Car -1 -1 0 697.9061832625121 180.57842563082477 771.1123620473826 235.43581915128317 1.4532207 1.6083791 4.2377324 3.6769147 1.7101886 21.860497 1.6019102 58.77601144952524 
Car -1 -1 0 481.49943029687824 182.44611253825138 536.0347942042398 222.0517021368713 1.5853924 1.6550368 3.707914 -4.3616724 2.032254 31.709522 1.6365285 63.84736099494357 
Car -1 -1 0 508.2277603177405 181.14180077756967 551.1754319201727 213.30526758919717 1.5133307 1.5980703 4.0563354 -4.0435157 1.9627888 37.07031 1.6123785 12.043070153672438 
Car -1 -1 0 1023.6786029460422 171.41916149086825 1212.9616070115028 237.96618027246816 1.4555185 1.525976 3.598994 12.125529 1.4241356 17.415794 0.58918893 18.739493969158875 
Car -1 -1 0 1077.4042844449255 165.64476147863118 1242.0 249.71206193124846 1.5087184 1.5714395 3.4812126 11.6975975 1.3793373 14.678112 0.7082089 31.217607313512953 
Car -1 -1 0 933.6758925800102 173.6689269432759 1097.0325986605326 231.63328344587347 1.5312867 1.6409758 3.96923 11.721724 1.5570085 20.943544 0.6286431 29.959649153232014 
Car -1 -1 0 675.2356771924785 175.83798881667238 699.3489583855685 198.1357810498305 1.4692202 1.5810497 3.764573 5.3547897 1.6840602 50.005928 1.656633 13.494312143597814 
Car -1 -1 0 540.8120980906606 181.09965243854938 575.171174316158 206.13518208280155 1.4902332 1.5969862 3.9780846 -3.2670815 2.0433526 46.35043 1.6570507 1.5666093784300794 
Car -1 -1 0 255.59550846006724 183.16910090258298 351.2481311357869 213.98187550862517 1.4972613 1.5998012 4.150275 -15.405901 2.0299969 36.439236 -0.012340527 0.5345844584542598 

