Car -1 -1 0 115.64824151814226 184.0008292941677 340.2645047454503 298.52429179920307 1.5531578 1.6787623 4.1157227 -6.1600304 1.7744472 12.256075 1.5584575 145.38090109077103 
Car -1 -1 0 510.64585043754016 179.10162886362122 551.4072058037178 210.4886470774955 1.4611995 1.6664455 4.4248886 -3.9319773 1.7982893 36.70379 1.5532999 40.13308326496575 
Car -1 -1 0 296.6438475973641 180.33912274781207 414.9230085355143 252.57209014680112 1.6379325 1.6960497 4.3004556 -6.4985723 1.8573834 18.98282 1.5449488 55.83971112732552 
Car -1 -1 0 482.29903363865856 181.17193814531174 523.1421800891476 207.1835049936737 1.4830993 1.6346779 4.1914177 -6.5555773 2.0227273 44.66181 1.641352 12.213159956774573 
Car -1 -1 0 632.8239459032097 175.5206561503324 656.3035728837799 197.39444009469722 1.4823458 1.5900658 3.833569 2.521105 1.6793725 51.34401 1.639907 13.268299524885327 
Car -1 -1 0 415.6702300184607 184.0967201617367 475.17657681836346 222.57315503951818 1.4286087 1.5805907 3.6577935 -6.6815577 1.9200451 29.70187 1.5820279 31.672554029357666 
Car -1 -1 0 698.6140651459709 170.01737461280695 770.901012363812 196.01025052437325 1.560326 1.6941687 4.252621 7.6431165 1.390046 44.346973 0.08952503 21.322049201598194 
Car -1 -1 0 535.2733129433365 178.20004050127963 565.6698266850412 201.16794388464055 1.4799631 1.5730035 3.9142923 -4.0937467 1.862437 49.54134 1.3555679 1.5582822185653293 
Car -1 -1 0 1048.5099444109912 160.17005119690032 1144.29649270621 202.3414729464764 1.4731513 1.5436742 3.7335649 18.200481 1.0300697 27.167475 1.7233454 0.8870016076009194 

