Car -1 -1 0 746.7820985758729 179.1380510263026 910.2450431658855 303.1142427393272 1.4688474 1.539458 3.5033493 2.9920025 1.5762565 10.531988 1.640121 121.94087209103643 
Car -1 -1 0 224.10705620437628 195.88105634368827 384.94710192298567 289.87600605648595 1.5555594 1.64166 3.8583448 -6.054478 2.0906098 14.8279 1.5811361 83.80904854988299 
Car -1 -1 0 465.76602078899265 185.42850260655084 509.36259429365856 217.0615987973966 1.4977543 1.6134942 3.9198887 -6.311846 2.1886022 37.681503 1.570941 20.722293338584645 
Car -1 -1 0 641.0060057277105 175.07963319800962 676.6273253674078 205.65497298001677 1.6485236 1.5764339 3.610346 2.7570004 1.7807546 41.02034 1.5121367 25.505320660506637 
Car -1 -1 0 484.55206047203654 185.58572260604697 521.5186891479023 212.86771068741731 1.4890461 1.5481524 3.748587 -6.307977 2.282104 43.04802 1.6005855 4.304304926696168 
Car -1 -1 0 240.1687794943598 195.5773661848333 291.95237712119064 223.53558681837035 1.510128 1.7066298 3.9364014 -21.049217 2.9722066 44.369965 1.4517801 10.570845802861534 
Car -1 -1 0 799.4048945965468 163.24327321176392 821.6242069826476 180.30857473110862 1.5164455 1.6253306 3.8748367 18.397276 0.66242313 66.16964 1.7535189 1.8233520275555657 
Car -1 -1 0 282.2844283606638 195.20238001551087 340.97352085350064 222.2999924865511 1.4585464 1.6087885 3.9378233 -18.203972 2.893249 44.270126 1.6899261 1.600784371916914 
Car -1 -1 0 536.1323202403547 183.49439541117601 554.4321467201114 200.28506319244573 1.4660592 1.5908569 4.0217094 -6.0587792 2.4958692 67.74159 1.4518143 0.2541082799434662 

