Car -1 -1 0 698.4851070214567 168.9650221251141 768.1204413879971 195.0598922076176 1.498022 1.6125618 3.7705662 7.2196064 1.2747681 42.30234 -0.04009242 52.907262783260514 
Car -1 -1 0 818.1463106455279 165.82785994020972 858.3886887189544 185.418558237928 1.4758372 1.6470544 3.8704357 17.810575 0.9465327 56.35314 1.4873421 11.93269354838536 
Car -1 -1 0 784.4246312936974 165.7791735355605 825.8434119604676 186.03841768994397 1.4953665 1.6189857 4.1639905 14.966075 0.9731622 55.423008 1.4485265 10.957608321559409 
Car -1 -1 0 993.1782785172161 163.96643250121636 1045.891000140632 185.892164383335 1.5934124 1.6421373 3.7698038 30.828468 0.9475244 54.373898 1.5011572 8.109889360954456 
Car -1 -1 0 1061.7196052555514 162.43796696812612 1119.6985570035451 182.14817725441128 1.4770666 1.5920384 3.7487495 37.31292 0.69649756 56.057487 1.3920153 20.520677062332428 
Car -1 -1 0 201.47889389420936 172.68869030086918 300.8076013598864 205.9394144879421 1.5617938 1.6756221 4.1472054 -17.766163 1.554029 35.85973 -0.69269097 4.9789533708621985 
Car -1 -1 0 322.2394127966917 161.45620700268051 359.05693822848946 187.55546108351737 2.165526 1.7346181 4.384634 -23.088102 1.2198198 62.10257 1.518538 2.827116951086526 
Car -1 -1 0 1025.840164240583 165.9150074153666 1073.1190130169468 185.4431507786222 1.4538604 1.676754 3.564685 33.814663 0.9372556 55.560303 1.6487012 1.3743328556904688 
Car -1 -1 0 695.4325510916782 164.19746441011839 743.5308297529093 184.46363956848708 1.5176557 1.5649345 3.5442293 8.486828 0.86940086 55.898594 0.8819613 3.880582800011113 
Car -1 -1 0 861.7061442081402 165.63179830292285 905.2723858992879 185.39505962079681 1.4647048 1.6123569 3.729863 20.985088 0.929449 55.415752 1.4630917 1.7999439179005678 

