Car -1 -1 0 694.5663485465406 160.81068147800318 839.6300499940602 267.5405252793089 1.5433915 1.575905 3.742723 2.5048501 1.3692362 12.324554 1.545636 96.77764667097826 
Car -1 -1 0 316.0071031154725 167.5692317371249 469.24300573701794 265.3174343625387 1.5277486 1.6886262 4.0042934 -3.783049 1.4451506 13.295495 1.5512425 129.13116013766896 
Car -1 -1 0 405.1744345684453 164.8543561842613 500.6478858054499 227.5717066865511 1.4824973 1.6290281 4.018938 -4.007494 1.2934036 19.069809 1.5767435 54.44299229312881 
Car -1 -1 0 771.6096192281755 167.15088619239788 1065.6780000940096 350.0565030336595 1.5270624 1.5998306 3.3212838 2.9775946 1.4794476 7.7215757 1.5222228 91.22904584138026 
Car -1 -1 0 663.0727371505101 159.76012950777323 761.0908105828291 226.17413132602928 1.4688787 1.6025844 4.440988 2.4417012 1.1792815 18.22167 1.5124857 57.10445386658652 
Car -1 -1 0 617.4599015218785 157.44035206740548 650.0745015318964 179.28925987077335 1.500356 1.6149663 3.9238074 1.690685 0.4419065 51.612125 1.4130132 9.992666503161283 
Car -1 -1 0 472.96125591977943 161.38463141942947 523.5411222006126 200.52726745356122 1.4838812 1.5601829 3.8798015 -4.4534483 1.049082 29.31438 1.5425173 15.881093472803244 
Car -1 -1 0 645.9897383911026 155.36144806695 695.5513208149517 195.02790431269077 1.5453084 1.5894122 3.7262464 2.4827673 0.86384106 30.0055 1.5269704 12.164780730657814 
Car -1 -1 0 800.3003157293014 138.4835599162433 881.7213753251414 168.16590504429587 1.4758039 1.5860693 3.751768 11.869489 -0.24797678 37.17649 0.107212655 5.863948640980022 
Car -1 -1 0 653.630548114743 156.1983443424151 721.1829775055332 204.97157028803193 1.4872148 1.5960683 3.9825037 2.502562 0.97934306 24.036938 1.5108434 4.443588191866805 

