Car -1 -1 0 674.6795696610874 180.05183613207365 754.0359110768425 240.8795147391766 1.5353934 1.643573 3.881236 2.8903823 1.7606838 20.62965 1.5537968 94.37313852666848 
Car -1 -1 0 278.65451357609834 195.76262499282137 405.699718902512 271.2851357940739 1.4796124 1.5835823 3.6454186 -6.176471 2.0808728 17.095547 1.5958279 89.92425343876702 
Car -1 -1 0 367.70964701946946 192.39074521900605 454.35373690542974 246.99542681580925 1.4555607 1.5638217 3.911611 -6.1067414 2.1213746 22.61755 1.5927806 70.01797395130146 
Car -1 -1 0 439.1639102338646 184.6028053720068 491.61669991436855 224.4851321038323 1.5216181 1.615625 4.234455 -6.106988 2.060811 30.956696 1.5176468 23.783604235646063 
Car -1 -1 0 527.5595330377615 182.00588187625996 554.4029793601288 201.7077398912903 1.6125976 1.7053114 4.249689 -5.9729605 2.4423947 63.248928 1.6314344 5.094887399562741 
Car -1 -1 0 501.9630366105029 185.07270056934942 527.7431820587791 209.22568514223636 1.4483626 1.5342281 4.2175403 -6.2137575 2.291818 47.63626 1.4768898 3.41370902671338 
Car -1 -1 0 629.477734381662 178.1380656974661 646.4812633663418 193.9995163542644 1.4622214 1.5350337 3.7068596 2.7659364 1.9864699 69.68468 1.6388973 1.5125334471980985 
Car -1 -1 0 469.58750233365487 184.38924683539705 512.5138621225116 217.17292722197098 1.563833 1.5816996 3.8068402 -6.131415 2.196685 37.674328 1.5805247 3.3608762702055794 
Car -1 -1 0 562.6884716496259 181.49447807526604 583.2345377528926 198.1944141956652 1.47537 1.7504921 4.338368 -3.4267924 2.3177698 68.170876 1.5639006 1.7591211146256096 

