Car -1 -1 0 280.0381814526452 197.16737700719966 453.71590488737223 315.7598471028739 1.5003655 1.5782949 3.8352444 -3.7504835 1.9640526 11.838615 1.5651724 112.90432756964384 
Car -1 -1 0 0.0 206.03521562624476 345.8476636874483 375.0 1.5234761 1.5329967 3.3934436 -3.9039516 1.9288058 7.0818443 1.5218384 107.81356352567946 
Car -1 -1 0 727.2296831713508 181.15300337824704 873.8035900524833 287.6379945145901 1.51324 1.5764339 3.6701179 3.0901942 1.6768687 12.383602 1.5806344 92.92452832183987 
Car -1 -1 0 784.9384910823352 186.50743895104947 1214.6371511321108 375.0 1.4929981 1.6509457 4.4433517 3.0751343 1.6658819 6.901747 1.5548294 129.97032316202478 
Car -1 -1 0 638.8179325239 180.5755078427247 693.504746772543 216.30550821582187 1.5391821 1.541172 3.4500396 2.590775 1.9202101 33.745735 1.3285007 26.589216067659397 
Car -1 -1 0 593.7788830010539 182.0803681552774 626.0659865780087 206.55372530986483 1.5332792 1.5983099 3.7179785 -0.013695464 2.1804576 48.6486 1.4093449 12.623461994394681 
Car -1 -1 0 798.2779838273673 180.34254840134247 848.7619836642945 227.15624387277086 1.568999 1.6807035 3.631518 7.9374976 1.8676509 26.796028 1.859025 7.391251056881524 
Car -1 -1 0 621.03714677651 179.9363443262262 664.0688885213684 198.78396028513276 1.4836748 1.5433431 3.9146938 2.7875113 2.0951726 60.299793 2.2640731 3.828570162130338 
Car -1 -1 0 548.5554072775827 181.39772603504525 596.4231389103177 200.6870122996165 1.6004119 1.5843424 4.147323 -3.2407453 2.3769312 63.599014 -0.7366565 13.60981175390601 

