Car -1 -1 0 718.2616783529135 175.11975408325245 896.692830500377 298.14744157165904 1.5354095 1.6558187 4.25366 2.8135972 1.5773549 11.220676 1.5833204 133.688862549397 
Car -1 -1 0 372.6055027590834 187.03931777976507 477.8811414131027 257.1826693976434 1.4762679 1.7033408 3.952166 -4.44986 1.8692007 17.989967 1.5459821 125.79539164219793 
Car -1 -1 0 690.4784762410532 173.04438487268828 785.6231419824619 247.77841558854854 1.6168711 1.6096979 3.6119537 2.9868312 1.6219513 17.436806 1.5567855 69.95680299627276 
Car -1 -1 0 437.7798431639557 176.09496040585856 509.1694623690733 237.11680095400715 1.8060963 1.5804304 3.7739127 -4.329749 1.9199321 23.45012 1.5788656 80.1334617862181 
Car -1 -1 0 0.0 194.8630659442211 242.14845338077754 281.16097142437906 1.4351517 1.5927691 3.9576716 -9.186804 1.8720096 13.396538 0.066055946 98.62959484387693 
Car -1 -1 0 666.705459259433 173.9484694237098 724.8334078924498 220.65206600848705 1.550237 1.5845969 3.7550328 3.022826 1.5924329 25.928328 1.5551426 39.7657701767934 
Car -1 -1 0 474.683716849142 177.59573923941076 532.6830151375856 223.9109794139286 1.6963118 1.6583983 4.28022 -4.172098 1.9011228 29.016125 1.5822129 12.843492882740069 
Car -1 -1 0 536.4559399079969 177.704738696342 556.8942064246916 195.41679623638956 1.492427 1.6019512 3.860997 -5.5970764 1.9358073 63.928684 1.430925 0.9698731766600006 
Car -1 -1 0 592.5661896894654 177.26758817425056 610.774072284098 191.1710176654977 1.4853685 1.5254133 3.4622018 -0.8955939 1.9863904 80.07742 1.4114425 0.352604478597641 

