Car -1 -1 0 736.8015997228994 190.101209018454 954.8949099790418 278.2310179408367 1.4971666 1.5912836 3.569937 4.3631163 1.8455856 13.606611 -0.09979208 135.6050947439578 
Car -1 -1 0 98.47881249552562 188.42064033899666 340.2059611892384 268.4338983193711 1.4842074 1.6192181 4.010099 -7.769393 1.8198526 14.64792 -0.05048293 120.08478584129398 
Car -1 -1 0 701.5323667481052 190.67463381085892 894.1369367850174 263.1346330679796 1.4594569 1.5484798 3.7998104 4.04288 1.8722075 15.837405 -0.053329974 26.822818323284814 
Car -1 -1 0 157.00354211053042 182.75084251554966 345.2926105631053 257.82991143505683 1.6358045 1.596044 3.6817393 -8.342919 1.8847768 17.077673 -0.15572126 11.692042842335091 
Car -1 -1 0 454.15304771311406 183.76063096818348 489.67300796720934 206.39605303450918 1.5128214 1.6735786 3.7578325 -10.003344 2.3338935 52.262085 1.1397283 12.265864145809244 
Car -1 -1 0 199.81120185585226 180.70385333454212 365.2737343028717 248.3921170982226 1.6991465 1.6402564 3.82703 -8.740032 1.9252628 19.587036 -0.20764002 20.98130670787651 
Car -1 -1 0 972.9369104468872 190.15382324519203 1034.6000505602046 214.10114238466252 1.4685898 1.6136858 3.875137 26.840143 2.6989522 49.2643 1.3891855 7.13887100613762 
Car -1 -1 0 235.934838168913 176.63669012200896 380.09155120094067 239.07660551467401 1.7868347 1.5980161 3.8321412 -9.070303 1.9083855 21.989294 -0.21900746 2.418239828275017 
Car -1 -1 0 1045.2809867829253 191.06349257040486 1094.4597216844277 227.76908779469824 1.4777502 1.5869341 3.8257248 21.11253 2.3620782 33.03828 2.221597 1.4452462761879519 
Car -1 -1 0 269.304359157371 172.04920344416377 387.3142861892612 221.0770404869244 1.8160216 1.7043431 4.166112 -10.853783 1.7862113 28.142067 -0.2920667 2.2981083414802743 

