Car -1 -1 0 308.6258183111762 189.8906414781906 444.50117528709234 265.62972135534966 1.4115897 1.6064268 4.4777093 -4.8955245 1.5297296 15.920517 1.5623015 108.26486758586162 
Car -1 -1 0 175.7656286214684 189.9658425945092 310.40987451035943 255.23593422878935 1.3936551 1.5450072 3.4493384 -8.619689 1.5197098 17.339132 1.5542998 87.31681857324307 
Car -1 -1 0 0.0 192.3703568017212 194.20809631111575 321.38589758086226 1.4544277 1.6060727 3.7682395 -7.700306 1.575377 10.234405 1.5264982 50.6124027992799 
Car -1 -1 0 236.36001956610528 183.64615795096486 330.5305231437318 228.11803113165396 1.4747646 1.6447066 3.9214778 -11.493595 1.4227159 25.806906 1.5613853 49.820865768013505 
Car -1 -1 0 571.1961687618791 180.00100191972007 601.5215515201343 207.07121515627455 1.4640989 1.6348405 3.9907238 -1.1425931 1.1820608 40.880188 1.5642266 14.194386103877413 
Car -1 -1 0 391.04352775818757 183.90477583664924 448.2223814900858 218.1317417730823 1.4766803 1.6337934 4.4148707 -8.586212 1.4201221 33.248783 1.5358547 16.962099824406625 
Car -1 -1 0 502.3548510913287 182.9952505259453 538.7925223725077 210.09253127593414 1.4603972 1.5713013 3.6943374 -4.8454113 1.3407271 40.59882 1.5826591 6.413509808268412 
Car -1 -1 0 333.1763756157814 180.87181263646272 386.1854443328022 211.0673229394454 1.5547212 1.6478592 3.9717164 -13.364112 1.3310611 39.029762 1.5311549 1.880221315827591 
Car -1 -1 0 347.89537381256815 184.89564881685743 416.72611500949347 226.55620817616375 1.4496949 1.5665145 3.7672887 -8.3341675 1.4385579 26.934788 1.521146 3.2679025222864695 

