Car -1 -1 0 732.9973812570519 182.7619919641611 865.7305344381944 280.58157999561433 1.5406808 1.6209855 3.716712 3.4112964 1.7535981 13.625353 1.5985138 78.31851611251209 
Car -1 -1 0 709.0492829373818 178.3912825913469 797.8585999671242 247.6178056297843 1.5805571 1.6415913 3.767056 3.6087842 1.7385583 18.683533 1.5976484 73.04204257020085 
Car -1 -1 0 246.13516440251408 183.8039560546003 448.2750374539716 247.9423308314108 1.4286909 1.6442871 4.2299805 -6.142441 1.7031062 17.223911 -0.017223287 86.68327558201626 
Car -1 -1 0 679.1424428848641 183.21980412614298 724.5205355040257 219.18443863290028 1.463243 1.5332277 3.4974303 4.053853 1.9500492 32.127457 1.5586252 46.760191323808634 
Car -1 -1 0 31.41297876590606 184.4585598360339 381.3105678821852 301.9694415817735 1.4931526 1.6460916 4.1956553 -5.6453238 1.676257 10.376177 0.090228476 102.71318040485215 
Car -1 -1 0 338.99859969289633 180.7095237636607 483.3432635832833 233.90157551207878 1.5920758 1.6979036 4.1027217 -6.168565 1.8497014 22.76265 -0.0252781 36.73321948680408 
Car -1 -1 0 409.9661151104649 181.32743299046408 517.7567722572878 224.24762356262124 1.5521543 1.6188102 3.7600794 -5.4426007 1.8821785 27.263641 -0.015745493 7.02784672240024 
Car -1 -1 0 447.4977906731445 175.35964927803118 544.178689715162 215.42697860941934 1.7158062 1.62255 3.9466164 -5.0401034 1.8314826 32.175587 0.17095113 5.803545699836456 
Car -1 -1 0 379.5240268995059 183.0850333168339 515.4688611773952 228.22451143191049 1.4685 1.6217909 4.2995977 -5.468095 1.8306696 24.698711 -0.01502435 3.7399734227018238 
Car -1 -1 0 513.2824651981499 176.6927351999136 545.7296657318016 209.6814469205726 1.6326436 1.6214402 4.0499916 -4.213478 1.8474805 38.288933 1.4764438 2.5113408631691456 
Car -1 -1 0 711.0432314960601 178.73701667372066 787.1073059100711 206.8028160362517 1.5857025 1.6229331 4.0821323 8.099987 1.9363487 42.080246 -0.05662548 0.6022343726175942 
Car -1 -1 0 554.663590849889 179.22019524213167 580.9567784410693 200.66232940440057 1.604662 1.6512938 3.6426532 -3.264493 2.1238503 56.97573 1.6322005 0.27309659123420715 

