Car -1 -1 0 699.5221959850176 183.66598705178038 793.8671286287655 246.40253488439484 1.4212766 1.5724256 3.6618645 3.4695652 1.7320952 18.867483 1.5104709 109.26329338807146 
Car -1 -1 0 0.0 202.154673708948 307.6011537026274 364.8880406352891 1.4477413 1.6720202 4.420822 -5.7796907 1.922745 9.46076 1.6032159 134.2043221560472 
Car -1 -1 0 253.7669795751513 192.5867666854947 397.5324329503843 276.7783843928919 1.4634377 1.5845253 3.6611736 -5.812379 1.930213 15.234577 1.5742097 94.7419790598966 
Car -1 -1 0 768.8614321492068 180.35987411743457 1025.791916621934 340.7494917984084 1.5293546 1.6420485 4.0075226 3.2617064 1.6446137 9.073817 1.5735598 118.57698135345701 
Car -1 -1 0 394.69398900986164 186.45973506675335 482.3837679251448 235.90255883401315 1.4407437 1.6088682 4.001328 -5.6318164 1.9371524 24.247288 1.6830909 57.814176707343 
Car -1 -1 0 679.0434962947148 180.37400153065408 744.4376929027856 229.2773608734533 1.4879429 1.6101677 4.0438395 3.394062 1.7656131 24.610378 1.558266 17.38565185752927 
Car -1 -1 0 658.5619438875635 179.9946668825606 701.9111849119001 214.2940349883129 1.4581381 1.5226468 3.673778 3.208561 1.8062229 33.31097 1.5367802 32.36307675098094 
Car -1 -1 0 481.4836138012962 181.58250106110717 524.8168455918199 210.7923720174295 1.4725318 1.495959 3.639479 -5.756466 1.9718068 39.386765 1.6712928 5.534688790712859 
Car -1 -1 0 528.677896008754 176.9285795950305 578.0781841304771 194.55327635007188 1.4940434 1.6120554 4.103471 -4.9581547 1.8624283 63.581795 0.47345835 6.020007063047988 
Car -1 -1 0 651.881243017855 181.18115778134762 694.8966967600281 211.1694135974383 1.4640684 1.5520942 3.6165316 3.3253078 1.926296 38.163277 1.4507693 0.9149009156643518 
Car -1 -1 0 499.3761851610722 181.21264802308235 538.2382730877465 207.39896416051806 1.5040176 1.5483998 3.399825 -5.5384245 2.0387702 44.37236 1.7059649 1.2245886263197596 

