Car -1 -1 0 204.63199236400234 197.62382758922428 381.8971275565434 291.5547558316937 1.4258925 1.6219428 4.2449636 -5.9627404 1.9861588 14.196758 1.5722239 105.15885452530449 
Car -1 -1 0 702.1112086346559 177.92391318128495 819.6178877882447 254.47868185102993 1.4537275 1.6594961 4.098473 3.199561 1.581012 16.045256 1.5454814 77.55582607585855 
Car -1 -1 0 682.0439405383024 174.25329220044816 758.1204520390802 234.14413921213892 1.6072948 1.6368561 4.0547614 3.1846392 1.6529013 21.487793 1.5687844 57.44022258657231 
Car -1 -1 0 359.61254174180647 190.056905384404 461.35147435010833 246.95754499687408 1.4369026 1.7120812 4.4019256 -5.862693 2.0099318 21.80246 1.6089098 77.75758902360872 
Car -1 -1 0 1033.7210347702019 132.85398060214632 1242.0 234.19506098626056 1.6354933 1.5855753 3.540204 9.570875 0.9899528 12.491984 -0.03110027 58.95461678337422 
Car -1 -1 0 937.9728789039149 151.39599535393316 1155.1730814405169 227.42526274357286 1.4833052 1.568036 3.6324413 8.991931 1.0646667 15.004232 -0.080356546 66.68262367786151 
Car -1 -1 0 470.8547421724861 183.03496804104552 524.5827451176982 217.7550929411772 1.6032803 1.6530579 4.13675 -5.620658 2.1519213 36.73158 1.6887958 20.82414660647014 
Car -1 -1 0 665.3812790803931 179.52791921942483 715.7021467480992 215.61150851035964 1.4387382 1.5533447 3.8039653 3.463369 1.7474728 31.433525 1.5114124 27.45967954710196 
Car -1 -1 0 855.3809239258964 159.1800246710133 1054.2052669237794 221.2492529050108 1.4525659 1.6304222 4.100227 8.360848 1.1325626 17.707106 -0.00303339 43.36866196325485 
Car -1 -1 0 422.80421635312825 187.99494470698554 487.95770970889856 231.14962637781204 1.463011 1.5820632 3.8092637 -5.8434334 2.0856638 27.74354 1.6025984 18.244508116896828 
Car -1 -1 0 644.0315223663056 177.52269616868534 674.8821129003849 202.62018219301 1.4972231 1.5581 3.8013966 3.1195972 1.8053262 45.689102 1.5345838 2.194176424080392 
Car -1 -1 0 516.6664366702618 181.18558957264256 549.0194934103865 203.56415796620047 1.4989519 1.5469694 3.7662868 -5.461055 2.1189666 51.74012 1.6775124 1.240137686376885 
Car -1 -1 0 0.0 183.58175314951845 129.91605450126502 262.47628322430523 1.5402334 1.5644011 3.2082763 -12.272605 1.8094181 16.336246 1.2504185 0.5626052617656835 

