Car -1 -1 0 329.7267693781386 181.51627039226165 409.06715086990374 225.21521770179456 1.4156082 1.5707705 3.7900891 -8.22844 1.2957668 25.192411 1.5574111 67.72683575506632 
Car -1 -1 0 557.1058112133838 177.65359579711685 606.206866943099 223.1477407638095 1.5470695 1.6708314 3.2598472 -0.9299962 1.2899134 26.105663 1.5330174 40.30297013356552 
Car -1 -1 0 399.4330714075805 175.27003314550288 509.1864742351855 257.44640570056606 1.6327305 1.6980896 4.129794 -3.3214111 1.4351239 16.36456 1.5502712 89.56606347616484 
Car -1 -1 0 94.72268392173567 176.95544562381286 295.0180581012845 271.53437363371654 1.5734777 1.647459 3.8940687 -7.705904 1.4360547 13.90802 1.5688245 111.88899525841731 
Car -1 -1 0 292.76187295838514 179.7828826732458 355.0559839220354 213.15674113042448 1.4374049 1.5924168 3.493823 -12.825641 1.2034147 32.74193 1.5258042 19.17961970153337 
Car -1 -1 0 481.956995517294 179.09411667704364 530.0896614540382 215.7705764102286 1.4336835 1.5831008 3.6577091 -4.153075 1.1943908 29.94945 1.5440701 21.119749461749937 
Car -1 -1 0 205.7922571946754 181.4687170023882 297.456795593385 224.11072367399535 1.447079 1.6091287 3.6248238 -12.854207 1.3199232 26.22316 1.5504541 13.637120036727783 
Car -1 -1 0 416.12943887945204 176.002376749939 460.4952088447124 205.51874764124494 1.4664053 1.5737625 3.5210824 -8.753689 1.0086775 37.494904 1.5435048 6.1357319875297405 
Car -1 -1 0 311.0518298934284 178.18775518856538 417.0848030246007 214.44183192477573 1.4936323 1.6098046 3.9506726 -10.23632 1.204088 30.447403 -0.013371001 1.0578194296665635 

