Car -1 -1 0 432.53307648594057 182.4506115414499 501.5665817618525 227.3825666204237 1.3774942 1.5563316 3.6430264 -4.5654874 1.292724 23.86559 1.5783981 69.58370767847418 
Car -1 -1 0 263.6129045270485 182.1604758782657 365.5467884781422 235.4399913887022 1.4633589 1.6097215 3.9344563 -8.708021 1.3794451 21.740595 1.5323437 28.0560762671854 
Car -1 -1 0 16.7192138126263 183.03098370894773 237.05480810971181 280.03829914280107 1.4957738 1.5914512 3.6248655 -8.347652 1.4620873 12.913133 1.5495107 101.74300662002508 
Car -1 -1 0 297.7052947397911 186.59415635706645 440.8542777846143 267.7763001815677 1.4128208 1.5879908 4.0061707 -4.626975 1.4446315 14.583721 1.5679971 115.74697753880888 
Car -1 -1 0 160.49055484687676 178.485520972204 276.52674741218175 230.79698581108042 1.5183809 1.6035964 3.8190398 -12.161581 1.3230323 22.777065 1.5735383 62.973951483483376 
Car -1 -1 0 575.650162874243 175.11874281443826 609.835141963669 207.10104216403957 1.5154974 1.6199228 3.6230416 -0.6937924 1.0370481 35.878914 1.5657843 19.667450856781524 
Car -1 -1 0 457.7727771691581 176.69840112525654 509.0903763854118 212.0996684946075 1.4872015 1.563977 3.6174564 -5.4508085 1.1293912 32.030476 1.6009083 19.08574091731916 
Car -1 -1 0 368.26739226493066 179.29818831409162 428.34400902462323 214.075826358008 1.4503093 1.5732529 3.5081131 -9.152634 1.2035352 31.74744 1.5908189 13.162291402373494 
Car -1 -1 0 436.7774368546787 171.6535560017937 478.0855088275522 201.25590555095295 1.6833858 1.6225524 4.0570188 -8.880828 0.9121525 42.90789 1.5702264 0.27791082859039307 
Car -1 -1 0 356.629889945386 174.48398540632002 413.0587766245661 201.81361262291102 1.4546915 1.5635087 4.1382155 -12.416783 0.8834678 40.395844 1.663916 0.2678660750389099 

