Car -1 -1 0 0.0 198.47221219111205 347.297584963286 375.0 1.4009745 1.5742992 4.147834 -4.032719 1.5689691 7.018283 1.5477595 114.17840063886871 
Car -1 -1 0 451.5732275117324 182.0010484009376 510.98688744808265 221.0575679748044 1.4163299 1.5775738 3.9658313 -4.833591 1.2997551 28.061155 1.5835983 41.652189437539995 
Car -1 -1 0 379.07580695086233 186.6247891092113 480.50611199568914 248.09500550544908 1.382844 1.5768812 3.5830538 -4.3339596 1.421813 18.06745 1.5987122 81.37417826527029 
Car -1 -1 0 331.2304758280832 178.18893896481325 405.39026672440446 224.3773525691378 1.5765574 1.6481209 3.5985572 -8.667738 1.3367118 26.367517 1.5309517 36.37772461997046 
Car -1 -1 0 495.26003123864285 180.53110126422717 532.8972732215921 209.2559772670872 1.4248003 1.5439135 3.759821 -4.8143215 1.1924367 37.550026 1.5526538 12.004013014295126 
Car -1 -1 0 579.392036738221 177.11398616788588 608.417823300336 205.26750794029422 1.4433763 1.4881657 2.6321604 -0.6796993 1.0280173 38.17132 1.5719961 14.7864492369107 
Car -1 -1 0 133.35877293689626 195.87590666442577 304.2550807878367 283.1814322351606 1.635973 1.6845776 3.8654804 -8.347499 1.9000614 15.875378 1.571162 61.340390918780855 
Car -1 -1 0 159.39306417669573 166.96028343618426 283.9015850108479 232.68376739765515 1.935418 1.8235798 4.448644 -12.3703785 1.3978345 23.429876 1.5282602 5.294400718555201 
Car -1 -1 0 323.7599840206707 180.72396813806023 387.6711604154352 213.2804160789924 1.5321498 1.6012691 3.6667516 -12.423187 1.320763 35.733864 1.6698132 0.5314819977128517 
Car -1 -1 0 613.4024510546964 178.53588443022446 636.6570635669004 199.5618185743159 1.5432043 1.5704262 4.07131 1.3275434 1.0529375 54.815567 1.5454124 0.27050092816352844 

