Car -1 -1 0 750.7028264443728 190.28369766237216 992.0051474614653 286.9826103992427 1.4963994 1.5966284 3.5902436 4.430223 1.8217413 12.492754 -0.10111379 149.32062723849495 
Car -1 -1 0 59.15579783892472 188.17087404374212 325.9831813800307 274.18999678781114 1.477685 1.6191468 4.073702 -7.7076435 1.7862732 13.62775 -0.04933533 137.3293536865516 
Car -1 -1 0 709.2913268294324 191.18070338940637 917.2327045747753 269.97487103798204 1.475488 1.5618753 3.7942088 4.057763 1.8712339 14.7413845 -0.031057682 28.818083478185564 
Car -1 -1 0 454.3587459350668 183.2411892299619 488.72237572496215 208.97578006850117 1.6968267 1.6405925 3.7909467 -9.848273 2.465177 51.307564 1.1702415 13.361656645456476 
Car -1 -1 0 983.1568303942336 191.01439644660545 1043.2662792773722 215.35371629079125 1.4618826 1.5177506 3.637196 26.864462 2.7221365 48.143322 1.3829463 28.814749659257533 
Car -1 -1 0 123.85824438920157 184.39120287898652 327.80346808835094 262.6932567707273 1.5837841 1.6142845 3.6740403 -8.362207 1.8574193 16.015453 -0.16488379 11.324672781658771 
Car -1 -1 0 1056.9517940068258 193.31742287142959 1116.8590339838852 230.54968356110172 1.4291633 1.6218182 4.191238 21.281853 2.3992548 32.105103 2.3035161 8.384981768902058 
Car -1 -1 0 170.1655600704501 178.9317626736455 350.5759828175861 250.28654848968498 1.6808174 1.644756 3.8850894 -8.773083 1.8466682 18.4486 -0.22839317 23.146494841105866 
Car -1 -1 0 222.78343373824725 184.19342953710648 375.2869406054789 240.49609634615464 1.5135186 1.5842501 3.8429701 -8.927701 1.8623377 21.030607 -0.20405501 6.953270118666796 
Car -1 -1 0 261.44651087808603 172.92522971770398 383.22776939436335 224.17521553540016 1.8236651 1.7005489 4.1354256 -10.672337 1.8264828 27.111189 -0.30515152 3.8631295575965527 

