Car -1 -1 0 794.197157898312 189.81353782070286 1187.461782704122 375.0 1.3934598 1.6038735 4.1588855 3.1334379 1.6069624 7.0005574 1.5665346 99.82600636482753 
Car -1 -1 0 671.7335495228056 170.8291332263038 759.5175779937011 234.96418582026058 1.5214183 1.5539212 3.3946283 2.6746235 1.4733841 18.869583 1.4920235 76.01539791650535 
Car -1 -1 0 449.3760429309381 166.9615081675651 515.0286061099833 215.19285979869022 1.4875572 1.6889927 4.106739 -4.202297 1.3058201 24.347725 1.5194969 77.30441807087365 
Car -1 -1 0 721.33903410897 175.53568615733823 877.3245562614413 283.5323151423613 1.5527962 1.596595 3.3786254 3.0278466 1.6045203 12.188602 1.5190243 96.87046841696073 
Car -1 -1 0 645.47010105742 167.60962612638272 712.7623602799546 217.95129958073082 1.5059397 1.5718564 3.6624444 2.1802564 1.3490574 23.470531 1.4939078 47.15617915292063 
Car -1 -1 0 131.57594063792908 174.80228485790894 414.7078478657708 363.10444919804104 1.6128801 1.5996854 3.7748735 -3.4204292 1.6400802 8.14678 1.5185022 73.84937184533472 
Car -1 -1 0 632.8622223549842 167.40300253304775 686.8422768120114 205.91812086619194 1.4488394 1.5780939 4.251636 1.9669682 1.2437868 29.323586 1.4922171 21.349249497291655 
Car -1 -1 0 484.3673543233897 167.34001570112494 528.3299358224788 204.939621046916 1.4686048 1.5343816 3.6382136 -4.241232 1.2532337 30.047245 1.5064588 1.3599847237611866 
Car -1 -1 0 605.2857419069837 165.3014783125335 630.7725477324534 184.0996828859767 1.5729293 1.6371996 3.8352914 0.70085806 0.9409759 62.388214 1.4292537 0.8255675043078304 

