Car -1 -1 0 744.17436492615 180.8052254494319 865.3711782415317 264.27457245835194 1.5817862 1.6051925 3.5126202 4.1278257 1.775461 15.793982 1.5387304 73.75980340646926 
Car -1 -1 0 802.1817568914037 192.61377297070442 1035.4474107098263 331.02629879053177 1.4359344 1.6374464 4.011451 3.9978352 1.7678539 10.092328 1.5988138 98.23236203329151 
Car -1 -1 0 720.943454502665 182.82083038851871 798.7943877372476 240.353641009265 1.4615635 1.6112177 3.9497564 4.273599 1.7798777 21.035013 1.6156323 47.202819577871566 
Car -1 -1 0 458.995225949188 186.30665802497268 531.4610304071504 231.7926062267683 1.4326617 1.6518581 4.0307374 -4.0286016 1.9569026 26.037312 1.659377 53.55149550173868 
Car -1 -1 0 563.647364840219 180.8336230889697 592.4897547037766 201.95041044211752 1.4562557 1.5578686 3.5871475 -2.2814808 2.0636418 53.04798 1.6899241 10.047521015417688 
Car -1 -1 0 703.8574933134934 182.49641185326212 762.8842743729895 226.1426573660963 1.44117 1.6152232 3.6911924 4.4730697 1.8203762 26.512033 1.5939785 21.696692799898702 
Car -1 -1 0 689.7048070479157 181.491242999283 739.1881603009393 218.44297850423956 1.4725932 1.5658413 3.865103 4.5280313 1.8741345 31.602966 1.5598613 16.20148373410415 
Car -1 -1 0 521.7021213934049 182.7942066417421 564.2561246727323 214.24073004280982 1.4693635 1.5626817 3.8597264 -3.3542075 2.0056515 36.947292 1.6422019 4.310353813834805 
Car -1 -1 0 510.80269999771724 184.29982031258422 567.1103756791963 223.7072758734828 1.554488 1.5871261 4.0286107 -3.036465 2.0920515 31.785511 1.7046436 0.27677249908447266 

