Car -1 -1 0 738.8730356364563 184.18511529704918 913.6284453070532 243.8410365776158 1.5050085 1.7203798 4.1943874 5.768097 1.8264312 19.51596 -0.04392888 125.84328054642319 
Car -1 -1 0 928.0624920995309 186.0539375409071 1242.0 310.53047555488394 1.4954407 1.5473372 3.4716423 6.3683567 1.6893986 9.7280035 -0.058698606 59.58085707794439 
Car -1 -1 0 371.98644594454925 182.12684787296695 496.63494814177693 223.7446302051702 1.5134091 1.6391882 4.3391705 -6.594554 1.8767122 27.438858 0.0050075804 62.50350351665867 
Car -1 -1 0 636.2419617669156 181.87665268465565 677.3471607733833 215.2372977050081 1.4247166 1.5506332 3.9615371 2.1637487 1.8737276 33.902885 1.5390956 32.17757839747338 
Car -1 -1 0 157.28076486975073 175.51996587019622 398.0660976565429 267.58932006606733 1.6714051 1.6759894 3.9513674 -6.340311 1.7273009 14.141916 -0.07631363 62.288097053026036 
Car -1 -1 0 0.0 184.68122346525513 339.0887206415837 323.07792509432664 1.5690598 1.5860057 3.9203992 -5.7018585 1.7337384 9.186878 0.034213766 96.12210164868907 
Car -1 -1 0 273.88680954965645 184.6833400630858 443.61922634133725 242.16932574466182 1.4399681 1.5740535 3.971982 -6.581294 1.7679541 19.204613 -0.0070950473 25.15298365193489 
Car -1 -1 0 70.95573969863051 189.73389140796294 376.34758117433523 291.17719313793845 1.454076 1.5862608 4.0283976 -5.9835544 1.7425222 11.477847 0.029353281 44.6099827147485 
Car -1 -1 0 205.65108609572155 184.11808201845412 413.8839245739421 252.3480004614432 1.4640927 1.6035489 4.1366787 -6.790118 1.7376107 16.646132 -0.035401635 13.19377090564816 
Car -1 -1 0 553.6083964933255 179.53888777431598 575.4001056016956 198.24347931531716 1.413235 1.5604057 3.9171467 -3.6499214 1.9694448 58.002052 1.4599652 0.6676475457626395 
Car -1 -1 0 619.8637071069975 176.86276542293547 640.78384646819 195.25251002655543 1.4950857 1.5732287 3.6247082 1.7907567 1.8463502 61.35092 1.6568191 0.8805852790776337 
Car -1 -1 0 400.8555057251238 176.47331798494997 492.06701014095614 211.4572378229079 1.6398559 1.6247954 4.0237064 -7.8313828 1.8190274 34.859436 0.023663929 0.3277146816253662 

