Car -1 -1 0 629.1321994956228 180.0315797184412 682.0807088558895 217.8699840471909 1.4717665 1.6201732 4.177412 1.9076924 1.8020289 31.04198 1.4723775 47.958921062392584 
Car -1 -1 0 765.7000626990767 188.10274945157636 992.5239236781371 260.2692367650919 1.416489 1.6142234 4.2897778 5.698181 1.7648954 15.526769 -0.07188106 66.77731826902657 
Car -1 -1 0 819.9569882744033 189.26651230474556 1071.8265102853682 281.69398096398146 1.453703 1.5472448 3.6943955 5.7522416 1.7604604 12.578285 -0.07372749 90.24180118654533 
Car -1 -1 0 909.5246109690077 188.50397165775868 1242.0 304.7812193608725 1.4346237 1.5500915 3.7997267 6.404997 1.6735026 10.083093 -0.08325671 42.96051036517422 
Car -1 -1 0 0.0645493854569278 177.93294654495796 318.7677604072398 292.2673837144825 1.6428335 1.6685356 3.9582314 -6.9067326 1.7298838 11.409666 -0.0629397 106.17598071271571 
Car -1 -1 0 376.02687170651075 180.1936355451581 491.6004446180989 219.62286458377295 1.457903 1.5939828 4.059187 -6.707308 1.748899 27.794258 0.0077532087 18.326384766396853 
Car -1 -1 0 758.0222248908001 172.94970221231307 936.1835746817113 247.20611619259927 1.7387702 1.6427174 3.8503366 5.789686 1.7412628 17.845442 -0.066593125 27.71119185713821 
Car -1 -1 0 349.1807275188168 179.97959400424327 474.70437937581 225.25698900161927 1.5162358 1.6081594 3.9467235 -6.840414 1.773394 25.228874 0.0034981766 30.842180341773094 
Car -1 -1 0 102.92795901548843 163.05410874338207 375.7280960996571 267.3487808696999 1.8867714 1.6934587 4.403197 -7.003754 1.7094837 13.9973545 -0.04466103 61.89241449159983 
Car -1 -1 0 385.8855099439879 153.48393508314223 426.63226269313077 177.58480456989432 1.7198732 1.6405947 3.7246308 -15.004011 0.33759683 53.428024 1.6758102 1.4827206468656071 

