Car -1 -1 0 785.4802742876553 192.21100894882193 1134.3386707623258 375.0 1.4294168 1.5534554 3.5194156 2.8370051 1.6570199 6.7206492 1.5754696 105.3128574643035 
Car -1 -1 0 712.3069967817348 178.1735746188038 840.4509633803457 220.88877157549604 1.4098872 1.585127 4.04917 5.763171 1.6028832 25.127409 -0.13100809 34.729751115502076 
Car -1 -1 0 212.64109769225198 173.53915769458104 420.41967513326637 244.5437249896694 1.5406333 1.6683404 4.0855694 -6.601327 1.5571611 16.538929 0.015889462 31.788894701503565 
Car -1 -1 0 635.1546639515864 173.18489465356288 672.0915608884183 201.51322229725224 1.5107167 1.63983 4.20214 2.430616 1.530345 40.664978 1.5251336 22.542904602693913 
Car -1 -1 0 138.98158041439697 177.08799673978413 394.4423681583625 259.7442096573168 1.4959376 1.6370836 4.1775875 -6.5061607 1.5832803 14.016068 -0.0240241 43.941558603350636 
Car -1 -1 0 0.0 171.81644268471734 325.41155705820177 309.266830402837 1.5739127 1.6191136 4.0766068 -5.964212 1.5620319 9.16512 0.04626443 73.33744915037018 
Car -1 -1 0 293.81155655770425 169.41154283605684 453.5093178908151 229.20288048252345 1.6717582 1.6956459 4.132249 -6.7959676 1.5755074 21.100079 -0.038133454 54.651010695663686 
Car -1 -1 0 739.7614400853219 178.72017224040133 878.2705494928935 228.56876674234385 1.4540815 1.5681286 3.799487 6.0737133 1.6420486 22.192688 -0.076646805 34.96565979671071 
Car -1 -1 0 857.4285431768528 171.2269020346488 1155.1146335130247 282.80057622619364 1.6847649 1.6279466 3.962162 6.3129654 1.6601956 11.834316 0.064037286 64.83903579105849 
Car -1 -1 0 784.3644162856621 180.31581339723823 958.8560208517026 245.99775257218656 1.4662695 1.5553811 3.580255 6.153635 1.6528244 17.171959 -0.050704274 38.69653442960546 
Car -1 -1 0 816.9469577983372 177.8713471955653 1050.8519877705785 259.61089882135167 1.5108857 1.5764577 3.9018557 6.265299 1.6152642 14.222162 -7.275969e-05 19.31155947983097 
Car -1 -1 0 31.94410708052307 173.55963840194403 322.6966578422087 273.34265010612006 1.510228 1.5875554 3.7742794 -6.866825 1.5224837 11.731878 -0.0033006943 40.653816500447945 
Car -1 -1 0 713.9064193280416 170.4817448925726 827.9734051005792 218.4348991435107 1.7478414 1.6790581 3.8867545 6.054214 1.661375 27.304485 -0.086994685 13.183798004130045 
Car -1 -1 0 452.9504232720928 172.6136068422784 532.8282628004854 202.4057877605916 1.5084772 1.5952402 3.8101845 -6.042988 1.4963051 37.562256 0.12471387 7.421347981527179 
Car -1 -1 0 773.028391539507 177.11075738816157 931.3593638338011 234.0352286903194 1.4832654 1.5861341 3.8147554 6.6072836 1.6059016 19.863237 -0.069775246 6.013419015624613 
Car -1 -1 0 326.71913371819176 159.9394856388357 472.7776221065951 218.73329734749916 1.8399477 1.6479609 4.3065195 -6.742688 1.4357889 23.512424 -0.050658867 19.282843942126025 
Car -1 -1 0 431.5996111419971 172.37203821526577 517.98681080059 205.38091230358998 1.5570914 1.6190562 3.8508 -6.47456 1.5343561 34.90503 0.030950554 6.506081185532014 

