Car -1 -1 0 821.5031004502732 194.3499840089692 1092.9637640884662 352.9126267766978 1.427903 1.6072614 3.9151058 3.9720578 1.7555884 9.017101 1.6024975 86.14554465764382 
Car -1 -1 0 724.7820099394271 182.86906464707576 808.3176516509067 244.70522960194742 1.4869955 1.6097625 3.8288436 4.222665 1.7905393 19.92484 1.6093923 56.36030023204472 
Car -1 -1 0 751.7812041965358 180.42009812327632 882.5566419039008 269.10059813574185 1.5602741 1.5888231 3.52711 4.095255 1.7339724 14.781925 1.5459483 80.03344377760203 
Car -1 -1 0 452.7759807289985 185.63781776405582 523.9815047583648 234.86522530825118 1.5010188 1.6415622 3.710207 -4.0903854 1.9755678 24.88559 1.6275504 58.64630992230867 
Car -1 -1 0 705.9671595336579 182.0120330703884 766.0265717272163 227.78194984573568 1.4507039 1.5843419 3.7055616 4.3899837 1.798162 25.498066 1.6029254 30.341192164135492 
Car -1 -1 0 561.1676408720315 181.3725779924358 590.6051053182242 202.82681864064494 1.4477453 1.5273757 3.624682 -2.3960395 2.0850365 52.08644 1.6954098 12.712817066400843 
Car -1 -1 0 690.6023098445405 180.51639968484275 737.2952880909238 219.13042242863835 1.4863507 1.5428524 3.9499247 4.357951 1.8322423 30.569704 1.6069407 11.914231698033035 
Car -1 -1 0 494.8687020572861 184.66849882396107 547.6148278117219 223.84179124622193 1.4958799 1.5290949 3.8020563 -3.6877913 2.0301447 30.678854 1.6408749 9.790648044476548 
Car -1 -1 0 516.4130108651618 182.23133100965808 561.6161982116198 216.15917450692206 1.5392562 1.5990239 4.029233 -3.452645 2.0331786 35.940514 1.6388247 2.350430729243407 

