Car -1 -1 0 241.68449307491142 194.1590870154365 432.86887254025294 317.88892320053753 1.4764576 1.568008 3.3911772 -3.8921716 1.8488669 10.905167 1.5858443 119.66840714070163 
Car -1 -1 0 657.1055330431385 182.4818232674103 709.6500485497337 224.8104008975512 1.3705955 1.5520624 3.710287 2.599619 1.743345 26.072725 1.5800532 66.877961896791 
Car -1 -1 0 819.1952723746633 167.63321816978547 1023.1673838548649 229.6695324750781 1.5668604 1.7205842 4.663152 8.13599 1.4349983 19.11104 -0.011502867 97.56121987654461 
Car -1 -1 0 749.5888968138356 167.18248197959267 871.5828961096215 209.6804661557451 1.6181127 1.6765431 4.322983 7.8694763 1.4021692 28.45507 -0.06766023 40.27412144410539 
Car -1 -1 0 405.84584535081706 190.27556495010703 466.7603540594339 234.7682294905693 1.4460056 1.5958195 4.377843 -6.4976196 2.163126 27.454609 1.490432 45.379969448444314 
Car -1 -1 0 794.4600452226183 163.28148741743718 946.3013710373798 220.41278795658255 1.6913109 1.6761007 4.0730715 7.9610686 1.4079268 22.25178 -0.026356565 48.16393576321923 
Car -1 -1 0 1019.2772419622078 154.11218220646995 1118.9448083532595 188.31385040666524 1.6071137 1.6287405 3.8133168 22.118858 0.72644794 34.80716 -0.04674781 15.425010710027315 
Car -1 -1 0 314.4734183341684 193.9987046780394 419.75102581161724 257.06604986699796 1.4153951 1.5310515 3.8544223 -6.3833036 2.0408802 19.415205 1.572782 7.733788485775031 
Car -1 -1 0 1065.4750133079554 153.31399318196904 1188.700719822174 188.94779188646547 1.5148617 1.6654499 4.2300415 22.568613 0.68417805 31.558094 -0.02442463 6.861248839658884 
Car -1 -1 0 985.036602520052 157.0767982084302 1075.9093186392763 186.9892723088979 1.5440307 1.6243663 3.841254 22.161411 0.72963834 38.079636 0.01195973 3.8513986823115 
Car -1 -1 0 474.6052335733611 184.15309065018593 517.0375219303091 212.3817165887308 1.4884194 1.5812913 4.1603684 -6.539921 2.1772904 41.86708 1.6293443 1.2097691347725548 
Car -1 -1 0 936.2159336151775 161.09198050049787 988.5734310236619 187.8773661024769 1.4734595 1.6308374 3.8696399 20.33046 0.8264326 41.726128 1.7198552 0.5721131954907973 
Car -1 -1 0 746.5832047899821 179.95709298400308 815.0340511439216 224.1298316794765 1.4184929 1.6377561 3.7535155 6.004632 1.6899763 25.67917 1.5980064 0.32084301807775484 

