Car -1 -1 0 684.0324703906659 181.02315594539502 808.8295496073509 265.0791268676773 1.4667339 1.6393386 4.303617 2.7007895 1.663587 15.201158 1.5267353 87.96433616384823 
Car -1 -1 0 668.229205166742 177.80429780375374 728.1595198753096 221.1766475594493 1.4045098 1.5465578 4.175989 3.1021025 1.5970109 25.952164 1.5465527 49.96194349517332 
Car -1 -1 0 0.0 195.34465210028011 263.2257158171016 337.6439317620818 1.4344943 1.5894014 3.9605353 -6.4229555 1.7281854 8.494509 0.06809252 62.70226868736061 
Car -1 -1 0 5.76044963497367 189.0393990614987 329.4545264889772 297.6230000384397 1.4832723 1.6053914 3.9124265 -6.5142813 1.7474592 10.941435 -0.017033026 48.15799255354728 
Car -1 -1 0 124.39577488110953 181.00186128103672 373.92563339745425 273.62819061810086 1.5659451 1.589444 3.862655 -6.549235 1.7272896 13.327619 0.087425396 48.57592035910558 
Car -1 -1 0 296.2834475744361 185.8772127426606 472.54931841625046 244.35058971843344 1.4294003 1.6058686 4.133633 -5.8543296 1.7898226 19.015787 0.07375111 88.8682938378819 
Car -1 -1 0 317.6656844487886 180.95023143965273 466.28358847571485 234.5621181908632 1.5211856 1.6228364 3.9739313 -6.4249845 1.7733126 21.602259 -0.028318584 17.902622278959193 
Car -1 -1 0 642.096717411093 173.00907469264726 677.4617430919061 201.01150401482516 1.6785582 1.6850507 4.090406 3.109147 1.6887594 45.370193 1.5057733 10.11901376623327 
Car -1 -1 0 346.216282566127 167.95584250532056 473.44372398518607 222.37948589350233 1.7470744 1.6403172 3.7735858 -6.5694304 1.5898366 23.99107 0.0045363046 13.613205031258177 
Car -1 -1 0 98.09815664238994 168.98045918071358 181.87490468517117 204.62383517640833 1.5029976 1.6206613 3.5205002 -20.873243 1.3396593 32.23488 1.5055708 4.323199651976482 

