Car -1 -1 0 711.082999869932 186.2730427064381 878.5199487906496 305.5797689531815 1.4976972 1.609524 4.0619917 2.731185 1.7504514 11.553253 1.5629275 111.86241885272916 
Car -1 -1 0 309.43328639039953 190.78705471724376 486.1211847450431 311.78456522569127 1.4674959 1.5731839 4.204406 -3.1114433 1.8050163 11.477267 1.5716723 94.5284502808111 
Car -1 -1 0 495.0518001393178 187.4544807237473 553.1711850167231 237.20293743175284 1.4655098 1.5916986 4.0101767 -2.816064 2.0015829 24.467806 1.5459102 54.7476358305892 
Car -1 -1 0 0.7147567209677745 202.39314483835133 423.20492166028185 375.0 1.4218831 1.6461028 3.633648 -2.8180046 1.746604 6.0916185 1.5414726 63.52507456059044 
Car -1 -1 0 685.8209364759117 189.01759234705816 783.4306976011891 262.50518091049366 1.4379836 1.5797374 3.7391896 2.7909079 1.8570517 16.826572 1.5567546 53.22101229316555 
Car -1 -1 0 654.1103973361925 173.96205453213634 712.8251919699671 228.47460306821077 1.8642473 1.6023581 3.750657 2.657119 1.9081403 26.667728 1.5188541 44.71912716844916 
Car -1 -1 0 660.7478264156356 186.62829309560072 734.5569413203326 240.8985253271386 1.4352728 1.5394611 3.8307524 2.5963092 1.8935835 22.043522 1.5013998 50.377541159812665 
Car -1 -1 0 633.3032746103889 182.31147221096026 661.7087622141765 207.85798120605202 1.4813378 1.4967313 3.677199 2.3343916 2.0963933 45.068687 1.5472814 23.35552994946238 
Car -1 -1 0 531.2910501035328 183.9204198838526 566.932887600265 218.26419501474373 1.5183028 1.5367165 3.9614615 -2.8990653 2.0888762 35.196312 1.5371484 22.67180958514817 
Car -1 -1 0 563.1535503483063 181.90644713649394 583.7575779586197 200.32870694496825 1.4802213 1.6364336 3.8935652 -3.067424 2.2809415 61.862186 1.5538802 6.243381381402242 

