Car -1 -1 0 656.0210399615842 177.70010364163272 707.6851032770018 219.95191224653416 1.5644584 1.5999794 3.9172773 2.8511307 1.7735168 29.14849 1.5454314 57.71485632390797 
Car -1 -1 0 395.26854276905436 191.63673193254374 466.11837154723156 238.51324287182052 1.450213 1.5588108 3.565969 -6.2502937 2.162498 25.563183 1.5921469 51.66382805028358 
Car -1 -1 0 436.06530340838486 190.1478953617189 492.5686377062169 228.66523466327243 1.46109 1.5706388 3.92878 -6.189991 2.2546778 31.129522 1.5920538 36.262745409025506 
Car -1 -1 0 99.60545807485498 201.26129728338012 188.5293873434617 240.62150112189545 1.5141009 1.5709579 3.6764348 -20.7075 2.8574488 32.27233 1.5838968 44.982459337950274 
Car -1 -1 0 475.76669020557114 181.57474022447346 516.3483671459755 215.76627962590717 1.7242746 1.6361697 4.148577 -6.161077 2.2273934 39.539536 1.5541906 21.177054357475694 
Car -1 -1 0 51.508091136731245 205.62031178099494 143.81945242464846 242.59870068588637 1.4270082 1.5968671 3.824602 -23.42699 3.0221229 33.195343 1.5476966 19.426134353107113 
Car -1 -1 0 0.0 208.26747641288793 93.32896149054564 247.2097313494335 1.5030327 1.6709006 3.7038186 -25.826508 3.2196674 33.109535 1.553195 22.22691158083572 
Car -1 -1 0 626.9845259131498 176.6214394491739 642.4604709991845 191.3836192125263 1.5422105 1.6137927 3.5120957 2.7417483 1.9593331 78.0915 1.622849 1.7588786087891881 
Car -1 -1 0 513.398948954428 181.82819748225526 544.4232608313305 202.38713694209994 1.4689792 1.5460092 4.2887535 -6.278133 2.19162 55.822914 1.2548192 0.3668037950992584 
Car -1 -1 0 536.3612376466209 181.98942655931265 559.4166154347847 197.91453019449781 1.4816595 1.5829539 4.0463724 -6.0901194 2.414843 71.61639 1.6650606 0.9045354708223261 
Car -1 -1 0 162.12382670609318 201.52178749113807 244.5769184118756 238.95792752601193 1.4376261 1.5875658 3.6384196 -18.114357 2.7962718 32.358772 1.5936832 1.1316995432410204 

