Car -1 -1 0 195.7157314983882 196.20157234479535 390.7471342838488 293.3778096828425 1.4282637 1.7194991 4.3467493 -5.7889557 1.9481541 13.864886 1.6055133 131.826737264419 
Car -1 -1 0 686.3845191143974 182.36477145611946 754.092010033335 231.58559968469342 1.4186325 1.5397019 3.5990233 3.493909 1.7500343 23.320843 1.5418026 71.5437458452888 
Car -1 -1 0 723.7231315950477 179.2714691984258 863.5633576156447 277.79123147437656 1.5335488 1.6282679 4.0442395 3.2542136 1.6719165 13.52654 1.5813661 95.98350747185742 
Car -1 -1 0 344.6075273949234 190.85471760236302 443.3024995515059 253.709121916452 1.46748 1.5369442 3.6237736 -5.771495 2.0052402 19.724964 1.5957981 59.68299871581891 
Car -1 -1 0 783.2535024010531 182.71832238178314 1103.727854941547 363.36545738946177 1.460017 1.6639502 3.9694607 3.2916408 1.5975374 8.054785 1.546551 88.27489751187557 
Car -1 -1 0 427.8614801913326 185.44141340189373 503.2467724770618 227.98760902341874 1.4854364 1.6665379 4.3332357 -5.6365223 2.026773 28.777561 1.6947691 29.77060725768191 
Car -1 -1 0 651.8176951549395 178.60549644290057 692.2840866671222 209.4493265319774 1.5018616 1.5544337 3.759873 3.2209635 1.8183805 37.780205 1.5037149 12.245095074174136 
Car -1 -1 0 666.8475013258386 180.254413181497 723.9775256525812 221.40728696212477 1.5059588 1.6298342 4.1483016 3.4030464 1.8278904 29.27602 1.520897 12.281842885780055 
Car -1 -1 0 646.789573023976 180.67141013142276 682.977760807293 207.413359454969 1.504394 1.5870106 3.3454413 3.2850344 1.9931016 43.35978 1.4646562 0.9461280474035563 
Car -1 -1 0 497.47978717658907 180.85382892906694 532.5224636450307 207.22644213250038 1.4819256 1.5492246 3.6288912 -5.6559467 1.9844475 43.49079 1.5965087 0.6175534253919209 

