Car -1 -1 0 629.9592726772822 180.04553104967562 680.4573509701459 216.74696548523562 1.4743791 1.6153141 4.244167 1.9547532 1.8153689 32.027073 1.4825665 47.083777246387385 
Car -1 -1 0 759.7457981909375 187.8816955650128 969.2851922167491 256.2421742051806 1.4287415 1.60021 4.2250824 5.729332 1.7919564 16.472363 -0.08030701 49.66081630038283 
Car -1 -1 0 806.298185288569 186.1108720591749 1046.1406263075721 273.15628183566747 1.4908032 1.5751283 3.837139 5.845216 1.7569953 13.563669 -0.07251129 79.71929744691792 
Car -1 -1 0 939.4780418634198 192.26357527984229 1242.0 333.70903327415033 1.4712864 1.5788653 3.7159553 6.1388516 1.7247106 8.578651 -0.02858926 82.9525910329596 
Car -1 -1 0 883.7033965895347 187.59073474495088 1184.9572221798576 295.3913042366324 1.4672923 1.5671071 3.7873483 6.388566 1.7130469 11.059777 -0.10229018 37.90606917558202 
Car -1 -1 0 44.597664621778144 178.35184133243467 344.0162879187577 283.3165307515678 1.6374168 1.6882885 4.122781 -6.909693 1.7393526 12.369736 -0.08108721 89.61237842955092 
Car -1 -1 0 387.93452240332743 180.07491731056402 497.9249562489807 218.18577811314444 1.4586947 1.588278 4.0030713 -6.611007 1.7564387 28.854248 0.052117098 16.98199144408849 
Car -1 -1 0 750.0904020086657 173.49651831319935 918.5119296663488 244.6625288510685 1.7617147 1.6740927 3.8535602 5.7819247 1.7793329 18.831964 -0.06107332 23.411733355697567 
Car -1 -1 0 619.9426519667686 177.44621001922076 647.7103405095108 202.1462081977435 1.523869 1.5400729 3.7201123 1.5491993 1.8357134 47.10787 1.5301433 3.70261193302164 
Car -1 -1 0 141.3015849045972 160.38402213994982 391.72139153638 258.52677957307634 1.905643 1.7036862 4.3685303 -6.945628 1.6635127 14.952974 -0.042016357 33.08345787582403 
Car -1 -1 0 446.09715473362417 175.63364489497326 523.6177682927847 204.87491190661623 1.5700196 1.6239029 3.9790921 -6.823778 1.7262739 39.729553 0.009518618 3.699648107920795 
Car -1 -1 0 361.32886408048506 180.8558663775694 478.89843165743645 224.12851812834415 1.503131 1.5872799 3.8456304 -6.802115 1.8020096 26.15411 -0.0012975616 5.452509770580076 
Car -1 -1 0 391.14322743005346 154.6246436522551 431.62052317100034 178.51980526171974 1.7394195 1.6997068 3.8490248 -14.922489 0.41243517 54.518448 1.6635894 2.5595712964036723 

