0.000000 1.000000 1.000000 1.000000
0.025000 0.980714 0.986842 0.986795
0.050000 0.980714 0.986842 0.986795
0.075000 0.980714 0.986842 0.986795
0.100000 0.980714 0.986842 0.986795
0.125000 0.980714 0.986842 0.986795
0.150000 0.980714 0.986842 0.986795
0.175000 0.980714 0.986842 0.984600
0.200000 0.980714 0.986842 0.984284
0.225000 0.980714 0.984985 0.983136
0.250000 0.980714 0.984985 0.983136
0.275000 0.980714 0.983644 0.981120
0.300000 0.980714 0.982529 0.980322
0.325000 0.980714 0.981965 0.979917
0.350000 0.980714 0.979737 0.977325
0.375000 0.980216 0.979436 0.973472
0.400000 0.978114 0.978869 0.970341
0.425000 0.977578 0.978077 0.966791
0.450000 0.977578 0.974959 0.963658
0.475000 0.975955 0.970924 0.959985
0.500000 0.974514 0.968035 0.954704
0.525000 0.974457 0.964536 0.948253
0.550000 0.973796 0.959672 0.943054
0.575000 0.973209 0.954469 0.936961
0.600000 0.970506 0.948404 0.934489
0.625000 0.969050 0.939840 0.927681
0.650000 0.968718 0.932750 0.919344
0.675000 0.966979 0.924187 0.910859
0.700000 0.964438 0.918514 0.898361
0.725000 0.960346 0.906047 0.882105
0.750000 0.954048 0.892280 0.866084
0.775000 0.949010 0.875215 0.845595
0.800000 0.943588 0.847665 0.802196
0.825000 0.935963 0.812406 0.708821
0.850000 0.927177 0.735495 0.000000
0.875000 0.916396 0.663609 0.000000
0.900000 0.894629 0.000000 0.000000
0.925000 0.820262 0.000000 0.000000
0.950000 0.683824 0.000000 0.000000
0.975000 0.000000 0.000000 0.000000
1.000000 0.000000 0.000000 0.000000
