0.000000 0.576524 0.577839 0.561104
0.025000 0.576524 0.577839 0.561104
0.050000 0.576524 0.577839 0.559737
0.075000 0.576524 0.562978 0.544749
0.100000 0.572834 0.544834 0.513574
0.125000 0.563593 0.523721 0.486537
0.150000 0.563593 0.494489 0.468500
0.175000 0.563312 0.479395 0.454666
0.200000 0.545261 0.466812 0.440348
0.225000 0.530360 0.452640 0.434665
0.250000 0.519801 0.446222 0.431929
0.275000 0.498106 0.437083 0.427572
0.300000 0.485167 0.431386 0.427440
0.325000 0.473163 0.430057 0.423862
0.350000 0.465799 0.428560 0.423565
0.375000 0.458086 0.428464 0.423142
0.400000 0.445467 0.425226 0.421937
0.425000 0.438283 0.424619 0.420877
0.450000 0.434503 0.423875 0.418582
0.475000 0.427119 0.423556 0.416316
0.500000 0.426024 0.421945 0.413795
0.525000 0.420491 0.420250 0.410762
0.550000 0.416601 0.419261 0.408620
0.575000 0.415170 0.418977 0.406172
0.600000 0.413057 0.417091 0.404609
0.625000 0.412201 0.412544 0.404609
0.650000 0.411200 0.410343 0.402198
0.675000 0.407249 0.407534 0.397385
0.700000 0.406697 0.407534 0.395965
0.725000 0.404498 0.407534 0.392440
0.750000 0.404433 0.404481 0.388461
0.775000 0.400695 0.402702 0.383666
0.800000 0.397291 0.399313 0.378622
0.825000 0.394455 0.391356 0.373517
0.850000 0.391200 0.385384 0.364948
0.875000 0.387116 0.378263 0.349752
0.900000 0.382393 0.364716 0.321515
0.925000 0.376179 0.316304 0.000000
0.950000 0.297991 0.000000 0.000000
0.975000 0.000000 0.000000 0.000000
1.000000 0.000000 0.000000 0.000000
