0.000000 0.571377 0.569607 0.557095
0.025000 0.571377 0.569607 0.557095
0.050000 0.571377 0.569607 0.546554
0.075000 0.571377 0.555694 0.535928
0.100000 0.561826 0.533124 0.504461
0.125000 0.556011 0.515993 0.478391
0.150000 0.556011 0.486207 0.461563
0.175000 0.553806 0.471362 0.448645
0.200000 0.537905 0.461757 0.434650
0.225000 0.521704 0.447757 0.430039
0.250000 0.508738 0.440423 0.424458
0.275000 0.487716 0.432516 0.422190
0.300000 0.475255 0.428024 0.420979
0.325000 0.466782 0.424392 0.418147
0.350000 0.457067 0.422873 0.414722
0.375000 0.448722 0.422873 0.414722
0.400000 0.436851 0.417950 0.411235
0.425000 0.431944 0.417119 0.410534
0.450000 0.425993 0.414319 0.408941
0.475000 0.421483 0.414319 0.405857
0.500000 0.415813 0.410613 0.401562
0.525000 0.413139 0.409465 0.398476
0.550000 0.408882 0.409033 0.395018
0.575000 0.405927 0.407032 0.392064
0.600000 0.404470 0.401719 0.392064
0.625000 0.404470 0.397433 0.389214
0.650000 0.401016 0.394743 0.383400
0.675000 0.398216 0.392091 0.379458
0.700000 0.396860 0.392091 0.372832
0.725000 0.392427 0.386753 0.365562
0.750000 0.389491 0.381920 0.358023
0.775000 0.383898 0.373772 0.349328
0.800000 0.381083 0.362795 0.330559
0.825000 0.377581 0.347913 0.293076
0.850000 0.372366 0.314277 0.000000
0.875000 0.368641 0.284295 0.000000
0.900000 0.357845 0.000000 0.000000
0.925000 0.327427 0.000000 0.000000
0.950000 0.273321 0.000000 0.000000
0.975000 0.000000 0.000000 0.000000
1.000000 0.000000 0.000000 0.000000
