0.000000 1.000000 1.000000 1.000000
0.025000 1.000000 1.000000 1.000000
0.050000 1.000000 1.000000 1.000000
0.075000 1.000000 1.000000 1.000000
0.100000 1.000000 1.000000 1.000000
0.125000 1.000000 1.000000 1.000000
0.150000 1.000000 1.000000 1.000000
0.175000 1.000000 1.000000 1.000000
0.200000 1.000000 1.000000 1.000000
0.225000 1.000000 1.000000 1.000000
0.250000 1.000000 1.000000 1.000000
0.275000 1.000000 1.000000 0.999668
0.300000 1.000000 1.000000 0.998785
0.325000 1.000000 1.000000 0.998598
0.350000 1.000000 0.999637 0.998438
0.375000 1.000000 0.998985 0.997815
0.400000 1.000000 0.998732 0.997270
0.425000 1.000000 0.998309 0.996364
0.450000 1.000000 0.998309 0.995760
0.475000 1.000000 0.997866 0.995411
0.500000 1.000000 0.996961 0.994736
0.525000 1.000000 0.996145 0.993782
0.550000 1.000000 0.995403 0.992263
0.575000 1.000000 0.994728 0.991348
0.600000 0.999427 0.994108 0.989467
0.625000 0.998351 0.992938 0.988313
0.650000 0.997887 0.991476 0.986840
0.675000 0.997458 0.989758 0.984693
0.700000 0.997160 0.987460 0.982708
0.725000 0.997160 0.985840 0.980503
0.750000 0.996344 0.983678 0.977059
0.775000 0.995139 0.979926 0.972744
0.800000 0.993590 0.976741 0.966490
0.825000 0.992547 0.971582 0.958453
0.850000 0.991570 0.964548 0.948585
0.875000 0.990265 0.954161 0.934613
0.900000 0.988658 0.936690 0.898206
0.925000 0.982815 0.916562 0.821139
0.950000 0.977345 0.775921 0.000000
0.975000 0.800452 0.000000 0.000000
1.000000 0.000000 0.000000 0.000000
