0.000000 0.489515 0.468370 0.449561
0.025000 0.489515 0.468370 0.449561
0.050000 0.489515 0.442268 0.449561
0.075000 0.476754 0.442268 0.449561
0.100000 0.475755 0.442268 0.449561
0.125000 0.461188 0.442268 0.449561
0.150000 0.458396 0.442268 0.449561
0.175000 0.458396 0.442268 0.449561
0.200000 0.458396 0.442268 0.449561
0.225000 0.458396 0.442268 0.449561
0.250000 0.458396 0.442268 0.449561
0.275000 0.458396 0.442268 0.449561
0.300000 0.458396 0.442268 0.449561
0.325000 0.458396 0.442268 0.449561
0.350000 0.458396 0.442268 0.449561
0.375000 0.458396 0.442268 0.449561
0.400000 0.458396 0.442268 0.449561
0.425000 0.458396 0.442268 0.449561
0.450000 0.458396 0.442268 0.449561
0.475000 0.458396 0.442268 0.449383
0.500000 0.458396 0.442268 0.449383
0.525000 0.458396 0.442268 0.449383
0.550000 0.458160 0.442268 0.449383
0.575000 0.458033 0.442268 0.449046
0.600000 0.457860 0.441958 0.447802
0.625000 0.457860 0.441531 0.446968
0.650000 0.457860 0.441531 0.446539
0.675000 0.457860 0.440516 0.445512
0.700000 0.457504 0.439687 0.445173
0.725000 0.457504 0.438965 0.444953
0.750000 0.456196 0.438259 0.444272
0.775000 0.455740 0.436659 0.442911
0.800000 0.455740 0.435387 0.440146
0.825000 0.455509 0.433835 0.436880
0.850000 0.455406 0.431019 0.432806
0.875000 0.455063 0.425996 0.426806
0.900000 0.454234 0.418776 0.410757
0.925000 0.451017 0.410201 0.376175
0.950000 0.448569 0.347038 0.000000
0.975000 0.367079 0.000000 0.000000
1.000000 0.000000 0.000000 0.000000
