0.000000 1.000000 1.000000 1.000000
0.025000 0.993921 0.994946 0.995157
0.050000 0.993921 0.994946 0.995157
0.075000 0.993921 0.994946 0.995157
0.100000 0.993921 0.994946 0.995157
0.125000 0.993921 0.994946 0.995157
0.150000 0.993921 0.994946 0.995157
0.175000 0.993921 0.994946 0.994555
0.200000 0.993921 0.994946 0.994555
0.225000 0.993921 0.994228 0.994555
0.250000 0.993166 0.994228 0.994555
0.275000 0.993166 0.994228 0.994391
0.300000 0.993166 0.994228 0.993954
0.325000 0.993164 0.994228 0.993782
0.350000 0.993164 0.994228 0.993782
0.375000 0.992714 0.993941 0.993233
0.400000 0.991103 0.993691 0.991855
0.425000 0.991103 0.993272 0.990642
0.450000 0.991103 0.993272 0.987783
0.475000 0.991103 0.992569 0.985612
0.500000 0.991103 0.991188 0.982079
0.525000 0.991103 0.989943 0.979905
0.550000 0.991103 0.986336 0.976669
0.575000 0.991103 0.983493 0.972531
0.600000 0.990909 0.980286 0.970341
0.625000 0.990185 0.976970 0.968061
0.650000 0.989523 0.973189 0.965050
0.675000 0.988911 0.967595 0.959782
0.700000 0.988738 0.964479 0.957086
0.725000 0.988738 0.960626 0.951845
0.750000 0.987319 0.952888 0.943851
0.775000 0.985127 0.948399 0.934536
0.800000 0.982671 0.940290 0.923142
0.825000 0.976773 0.926808 0.911033
0.850000 0.970149 0.911108 0.892081
0.875000 0.963258 0.890411 0.850630
0.900000 0.955077 0.859864 0.778938
0.925000 0.941506 0.741413 0.000000
0.950000 0.748102 0.000000 0.000000
0.975000 0.000000 0.000000 0.000000
1.000000 0.000000 0.000000 0.000000
